../stream-replay/logs/rtt-6205@128.txt
1 0.076451 0 
2 0.060270 0 
3 0.044235 0 
4 0.076786 0 
5 0.060826 0 
6 0.044800 0 
7 0.028687 0 
8 0.012726 0 
9 0.010787 0 
10 0.012405 0 
11 0.011571 0 
12 0.025286 0 
13 0.016321 0 
14 0.011639 0 
15 0.020521 0 
16 0.008098 0 
17 0.017038 0 
18 0.010737 0 
19 0.021901 0 
20 0.011978 0 
21 0.008946 0 
22 0.015781 0 
23 0.028045 0 
24 0.011737 0 
25 0.012920 0 
26 0.013667 0 
27 0.012556 0 
28 0.021164 0 
29 0.011497 0 
30 0.015362 0 
31 0.016031 0 
32 0.015181 0 
33 0.011933 0 
34 0.015509 0 
35 0.018249 0 
36 0.026640 0 
37 0.022639 0 
38 0.011164 0 
39 0.015609 0 
40 0.020477 0 
41 0.016976 0 
42 0.029285 0 
43 0.012860 0 
44 0.015172 0 
45 0.015154 0 
46 0.014996 0 
47 0.019115 0 
48 0.019650 0 
49 0.017116 0 
50 0.016378 0 
51 0.017677 0 
52 0.021168 0 
53 0.014248 0 
54 0.030525 0 
55 0.018945 0 
56 0.022114 0 
57 0.016490 0 
58 0.013679 0 
59 0.031936 0 
60 0.018948 0 
61 0.023852 0 
62 0.025711 0 
63 0.023382 0 
64 0.016530 0 
65 0.012711 0 
66 0.030658 0 
67 0.014290 0 
68 0.016554 0 
69 0.011511 0 
70 0.038447 0 
71 0.021224 0 
72 0.015677 0 
73 0.013941 0 
74 0.028668 0 
75 0.012182 0 
76 0.020684 0 
77 0.020159 0 
78 0.007491 0 
79 0.007804 0 
80 0.022419 0 
81 0.016936 0 
82 0.028397 0 
83 0.025286 0 
84 0.009567 0 
85 0.007142 0 
86 0.022996 0 
87 0.019660 0 
88 0.023670 0 
89 0.011200 0 
90 0.029598 0 
91 0.012427 0 
92 0.017926 0 
93 0.020819 0 
94 0.037014 0 
95 0.020342 0 
96 0.011873 0 
97 0.013560 0 
98 0.010524 0 
99 0.009788 0 
100 0.024114 0 
101 0.029366 0 
102 0.012621 0 
103 0.018332 0 
104 0.024538 0 
105 0.020027 0 
106 0.017127 0 
107 0.042123 0 
108 0.025592 0 
109 0.018834 0 
110 0.046204 0 
111 0.036527 0 
112 0.027882 0 
113 0.017187 0 
114 0.015814 0 
115 0.021507 0 
116 0.008841 0 
117 0.012930 0 
118 0.017370 0 
119 0.024424 0 
120 0.012005 0 
121 0.051893 0 
122 0.035718 0 
123 0.031144 0 
124 0.024940 0 
125 0.023795 0 
126 0.010163 0 
127 0.020450 0 
128 0.016656 0 
129 0.014588 0 
130 0.030391 0 
131 0.014116 0 
132 0.019231 0 
133 0.008094 0 
134 0.021902 0 
135 0.020964 0 
136 0.008970 0 
137 0.019571 0 
138 0.013217 0 
139 0.022551 0 
140 0.034750 0 
141 0.017999 0 
142 0.013850 0 
143 0.016945 0 
144 0.013946 0 
145 0.012258 0 
146 0.012601 0 
147 0.014422 0 
148 0.008585 0 
149 0.012040 0 
150 0.011278 0 
151 0.016269 0 
152 0.015998 0 
153 0.029415 0 
154 0.012826 0 
155 0.017297 0 
156 0.025891 0 
157 0.011498 0 
158 0.015393 0 
159 0.012784 0 
160 0.012123 0 
161 0.017735 0 
162 0.025611 0 
163 0.029053 0 
164 0.018358 0 
165 0.015863 0 
166 0.013541 0 
167 0.026644 0 
168 0.015901 0 
169 0.027879 0 
170 0.018304 0 
171 0.016744 0 
172 0.017519 0 
173 0.051845 0 
174 0.035373 0 
175 0.026731 0 
176 0.013045 0 
177 0.013331 0 
178 0.029626 0 
179 0.013240 0 
180 0.015517 0 
181 0.014202 0 
182 0.029691 0 
183 0.058048 0 
184 0.041112 0 
185 0.054585 0 
186 0.038023 0 
187 0.033043 0 
188 0.026619 0 
189 0.018915 0 
190 0.028724 0 
191 0.018409 0 
192 0.009492 0 
193 0.013343 0 
194 0.019732 0 
195 0.011249 0 
196 0.013358 0 
197 0.012686 0 
198 0.016713 0 
199 0.025249 0 
200 0.035568 0 
201 0.019339 0 
202 0.017418 0 
203 0.016712 0 
204 0.026210 0 
205 0.025138 0 
206 0.015204 0 
207 0.012967 0 
208 0.014398 0 
209 0.020733 0 
210 0.016185 0 
211 0.030295 0 
212 0.013575 0 
213 0.020149 0 
214 0.013339 0 
215 0.033065 0 
216 0.016406 0 
217 0.025575 0 
218 0.039543 0 
219 0.034761 0 
220 0.022352 0 
221 0.015473 0 
222 0.022330 0 
223 0.021552 0 
224 0.019468 0 
225 0.010876 0 
226 0.025282 0 
227 0.014676 0 
228 0.023962 0 
229 0.022145 0 
230 0.022379 0 
231 0.012772 0 
232 0.016189 0 
233 0.012043 0 
234 0.024265 0 
235 0.011938 0 
236 0.021017 0 
237 0.019602 0 
238 0.019678 0 
239 0.034674 0 
240 0.032161 0 
241 0.021446 0 
242 0.030858 0 
243 0.018948 0 
244 0.025932 0 
245 0.011987 0 
246 0.030062 0 
247 0.013796 0 
248 0.011963 0 
249 0.019833 0 
250 0.024730 0 
251 0.011287 0 
252 0.017050 0 
253 0.013076 0 
254 0.011858 0 
255 0.020499 0 
256 0.011655 0 
257 0.014825 0 
258 0.018088 0 
259 0.008684 0 
260 0.015451 0 
261 0.014602 0 
262 0.060327 0 
263 0.043290 0 
264 0.026595 0 
265 0.018396 0 
266 0.048451 0 
267 0.036653 0 
268 0.020188 0 
269 0.010770 0 
270 0.011381 0 
271 0.024128 0 
272 0.016440 0 
273 0.013935 0 
274 0.010028 0 
275 0.010148 0 
276 0.010953 0 
277 0.012038 0 
278 0.024606 0 
279 0.015568 0 
280 0.018111 0 
281 0.034722 0 
282 0.018301 0 
283 0.015707 0 
284 0.018942 0 
285 0.022732 0 
286 0.032843 0 
287 0.016462 0 
288 0.021502 0 
289 0.021609 0 
290 0.032637 0 
291 0.036411 0 
292 0.025226 0 
293 0.022386 0 
294 0.014513 0 
295 0.015730 0 
296 0.024750 0 
297 0.031117 0 
298 0.040969 0 
299 0.024414 0 
300 0.023361 0 
301 0.038509 0 
302 0.022150 0 
303 0.018677 0 
304 0.017508 0 
305 0.011983 0 
306 0.011271 0 
307 0.013686 0 
308 0.014513 0 
309 0.018906 0 
310 0.018987 0 
311 0.026429 0 
312 0.017896 0 
313 0.022761 0 
314 0.010364 0 
315 0.009426 0 
316 0.024506 0 
317 0.018257 0 
318 0.026324 0 
319 0.009901 0 
320 0.014293 0 
321 0.007884 0 
322 0.010434 0 
323 0.012698 0 
324 0.019678 0 
325 0.014846 0 
326 0.019497 0 
327 0.013057 0 
328 0.016328 0 
329 0.010333 0 
330 0.012743 0 
331 0.018509 0 
332 0.022897 0 
333 0.019118 0 
334 0.020097 0 
335 0.008537 0 
336 0.010437 0 
337 0.012797 0 
338 0.015798 0 
339 0.019496 0 
340 0.014480 0 
341 0.029994 0 
342 0.020514 0 
343 0.012352 0 
344 0.022381 0 
345 0.019110 0 
346 0.020061 0 
347 0.014312 0 
348 0.025651 0 
349 0.036697 0 
350 0.020571 0 
351 0.016418 0 
352 0.019642 0 
353 0.023946 0 
354 0.027653 0 
355 0.020239 0 
356 0.015687 0 
357 0.020266 0 
358 0.046868 0 
359 0.030400 0 
360 0.033020 0 
361 0.016627 0 
362 0.058056 0 
363 0.041782 0 
364 0.025514 0 
365 0.026191 0 
366 0.013696 0 
367 0.026607 0 
368 0.017987 0 
369 0.028933 0 
370 0.012663 0 
371 0.025431 0 
372 0.031606 0 
373 0.039678 0 
374 0.023522 0 
375 0.012536 0 
376 0.013804 0 
377 0.011633 0 
378 0.015455 0 
379 0.023141 0 
380 0.016771 0 
381 0.036670 0 
382 0.020534 0 
383 0.022227 0 
384 0.019606 0 
385 0.017356 0 
386 0.019182 0 
387 0.048897 0 
388 0.032471 0 
389 0.019449 0 
390 0.013662 0 
391 0.016950 0 
392 0.018017 0 
393 0.020103 0 
394 0.016944 0 
395 0.012348 0 
396 0.043183 0 
397 0.026909 0 
398 0.031496 0 
399 0.028666 0 
400 0.033971 0 
401 0.021771 0 
402 0.029243 0 
403 0.050254 0 
404 0.034058 0 
405 0.016845 0 
406 0.019009 0 
407 0.012395 0 
408 0.033567 0 
409 0.024208 0 
410 0.021824 0 
411 0.036476 0 
412 0.020382 0 
413 0.014318 0 
414 0.033033 0 
415 0.018814 0 
416 0.026469 0 
417 0.015636 0 
418 0.022756 0 
419 0.043582 0 
420 0.027348 0 
421 0.018200 0 
422 0.017348 0 
423 0.027747 0 
424 0.016233 0 
425 0.026381 0 
426 0.017252 0 
427 0.017605 0 
428 0.018762 0 
429 0.046968 0 
430 0.030497 0 
431 0.015170 0 
432 0.028742 0 
433 0.015126 0 
434 0.018876 0 
435 0.013036 0 
436 0.010716 0 
437 0.012058 0 
438 0.009954 0 
439 0.009862 0 
440 0.010120 0 
441 0.030956 0 
442 0.022071 0 
443 0.040931 0 
444 0.024099 0 
445 0.013335 0 
446 0.009088 0 
447 0.016798 0 
448 0.020440 0 
449 0.010062 0 
450 0.014310 0 
451 0.014442 0 
452 0.035612 0 
453 0.019275 0 
454 0.006700 0 
455 0.033186 0 
456 0.057092 0 
457 0.052399 0 
458 0.036124 0 
459 0.038535 0 
460 0.037710 0 
461 0.021674 0 
462 0.027991 0 
463 0.025816 0 
464 0.015364 0 
465 0.048861 0 
466 0.032718 0 
467 0.055963 0 
468 0.039372 0 
469 0.027777 0 
470 0.027502 0 
471 0.021713 0 
472 0.018963 0 
473 0.030805 0 
474 0.014729 0 
475 0.011714 0 
476 0.030721 0 
477 0.014501 0 
478 0.028064 0 
479 0.021002 0 
480 0.029109 0 
481 0.016621 0 
482 0.016470 0 
483 0.023337 0 
484 0.032019 0 
485 0.015575 0 
486 0.023164 0 
487 0.036023 0 
488 0.028951 0 
489 0.015188 0 
490 0.025574 0 
491 0.019236 0 
492 0.011486 0 
493 0.032302 0 
494 0.018649 0 
495 0.023665 0 
496 0.012369 0 
497 0.043577 0 
498 0.027755 0 
499 0.020344 0 
500 0.013747 0 
501 0.014565 0 
502 0.021705 0 
503 0.020205 0 
504 0.015494 0 
505 0.025185 0 
506 0.016226 0 
507 0.015247 0 
508 0.021612 0 
509 0.023807 0 
510 0.020381 0 
511 0.015301 0 
512 0.022918 0 
513 0.036697 0 
514 0.020366 0 
515 0.018964 0 
516 0.022066 0 
517 0.031266 0 
518 0.018903 0 
519 0.012040 0 
520 0.015243 0 
521 0.026812 0 
522 0.014279 0 
523 0.019691 0 
524 0.026548 0 
525 0.013386 0 
526 0.060883 0 
527 0.042483 0 
528 0.027978 0 
529 0.018903 0 
530 0.025511 0 
531 0.012929 0 
532 0.027415 0 
533 0.010502 0 
534 0.013779 0 
535 0.016920 0 
536 0.014549 0 
537 0.031433 0 
538 0.015141 0 
539 0.035035 0 
540 0.018280 0 
541 0.026213 0 
542 0.025159 0 
543 0.022549 0 
544 0.025026 0 
545 0.049847 0 
546 0.054596 0 
547 0.038356 0 
548 0.032919 0 
549 0.016335 0 
550 0.013921 0 
551 0.022300 0 
552 0.018910 0 
553 0.016608 0 
554 0.011643 0 
555 0.014851 0 
556 0.012650 0 
557 0.027690 0 
558 0.013122 0 
559 0.019833 0 
560 0.022351 0 
561 0.009887 0 
562 0.034022 0 
563 0.017559 0 
564 0.017031 0 
565 0.018790 0 
566 0.014132 0 
567 0.019819 0 
568 0.010938 0 
569 0.008946 0 
570 0.010784 0 
571 0.016264 0 
572 0.021778 0 
573 0.011162 0 
574 0.017293 0 
575 0.024096 0 
576 0.050566 0 
577 0.033675 0 
578 0.017832 0 
579 0.009476 0 
580 0.021801 0 
581 0.016601 0 
582 0.008339 0 
583 0.042046 0 
584 0.032309 0 
585 0.015663 0 
586 0.010876 0 
587 0.016717 0 
588 0.014690 0 
589 0.021578 0 
590 0.013738 0 
591 0.027717 0 
592 0.016562 0 
593 0.053805 0 
594 0.037679 0 
595 0.023054 0 
596 0.013208 0 
597 0.015862 0 
598 0.017634 0 
599 0.009445 0 
600 0.020339 0 
601 0.022742 0 
602 0.011026 0 
603 0.036676 0 
604 0.020379 0 
605 0.020482 0 
606 0.030984 0 
607 0.028965 0 
608 0.033754 0 
609 0.020924 0 
610 0.022828 0 
611 0.033199 0 
612 0.016522 0 
613 0.010237 0 
614 0.028368 0 
615 0.011974 0 
616 0.028019 0 
617 0.011346 0 
618 0.017141 0 
619 0.014618 0 
620 0.013163 0 
621 0.015666 0 
622 0.027976 0 
623 0.026899 0 
624 0.025902 0 
625 0.009156 0 
626 0.007826 0 
627 0.013675 0 
628 0.013097 0 
629 0.014125 0 
630 0.011936 0 
631 0.009359 0 
632 0.010462 0 
633 0.018992 0 
634 0.009566 0 
635 0.019425 0 
636 0.012249 0 
637 0.022252 0 
638 0.012829 0 
639 0.038128 0 
640 0.027302 0 
641 0.018787 0 
642 0.018017 0 
643 0.040192 0 
644 0.023599 0 
645 0.021473 0 
646 0.017873 0 
647 0.011606 0 
648 0.038176 0 
649 0.021763 0 
650 0.011180 0 
651 0.012438 0 
652 0.015996 0 
653 0.018582 0 
654 0.031709 0 
655 0.015199 0 
656 0.026619 0 
657 0.018816 0 
658 0.038048 0 
659 0.021829 0 
660 0.023589 0 
661 0.011707 0 
662 0.030152 0 
663 0.013833 0 
664 0.020288 0 
665 0.018613 0 
666 0.027933 0 
667 0.011280 0 
668 0.012699 0 
669 0.047377 0 
670 0.030947 0 
671 0.014292 0 
672 0.012514 0 
673 0.030851 0 
674 0.023960 0 
675 0.011559 0 
676 0.016713 0 
677 0.017678 0 
678 0.023271 0 
679 0.017262 0 
680 0.030029 0 
681 0.019083 0 
682 0.041088 0 
683 0.038927 0 
684 0.022534 0 
685 0.011122 0 
686 0.014035 0 
687 0.016208 0 
688 0.019085 0 
689 0.013799 0 
690 0.033009 0 
691 0.016620 0 
692 0.046005 0 
693 0.036364 0 
694 0.019454 0 
695 0.028967 0 
696 0.017911 0 
697 0.027891 0 
698 0.016341 0 
699 0.017007 0 
700 0.027893 0 
701 0.025664 0 
702 0.028944 0 
703 0.012676 0 
704 0.021148 0 
705 0.036152 0 
706 0.019839 0 
707 0.021742 0 
708 0.014177 0 
709 0.022226 0 
710 0.023608 0 
711 0.015503 0 
712 0.014356 0 
713 0.012480 0 
714 0.014441 0 
715 0.017004 0 
716 0.025890 0 
717 0.036238 0 
718 0.019606 0 
719 0.028015 0 
720 0.019291 0 
721 0.019481 0 
722 0.018617 0 
723 0.021161 0 
724 0.039270 0 
725 0.022872 0 
726 0.033717 0 
727 0.017340 0 
728 0.034207 0 
729 0.041261 0 
730 0.024387 0 
731 0.015961 0 
732 0.012746 0 
733 0.015952 0 
734 0.018824 0 
735 0.015687 0 
736 0.020033 0 
737 0.018302 0 
738 0.016934 0 
739 0.010884 0 
740 0.030119 0 
741 0.014101 0 
742 0.020803 0 
743 0.011102 0 
744 0.026032 0 
745 0.009709 0 
746 0.006778 0 
747 0.032878 0 
748 0.016449 0 
749 0.009685 0 
750 0.018644 0 
751 0.010362 0 
752 0.025750 0 
753 0.009428 0 
754 0.007677 0 
755 0.010100 0 
756 0.017004 0 
757 0.016661 0 
758 0.012447 0 
759 0.007140 0 
760 0.008062 0 
761 0.010785 0 
762 0.017105 0 
763 0.017080 0 
764 0.012013 0 
765 0.020841 0 
766 0.020223 0 
767 0.027764 0 
768 0.016232 0 
769 0.046816 0 
770 0.038763 0 
771 0.022535 0 
772 0.013484 0 
773 0.029720 0 
774 0.025162 0 
775 0.023807 0 
776 0.013937 0 
777 0.013076 0 
778 0.013134 0 
779 0.032709 0 
780 0.024951 0 
781 0.028533 0 
782 0.023520 0 
783 0.027750 0 
784 0.017677 0 
785 0.010999 0 
786 0.010047 0 
787 0.029331 0 
788 0.029125 0 
789 0.019410 0 
790 0.027229 0 
791 0.018030 0 
792 0.014144 0 
793 0.048356 0 
794 0.032021 0 
795 0.019599 0 
796 0.034475 0 
797 0.018056 0 
798 0.014824 0 
799 0.008507 0 
800 0.017371 0 
801 0.014853 0 
802 0.015130 0 
803 0.031988 0 
804 0.033876 0 
805 0.044472 0 
806 0.029723 0 
807 0.027101 0 
808 0.016818 0 
809 0.021553 0 
810 0.012233 0 
811 0.015298 0 
812 0.010683 0 
813 0.029140 0 
814 0.022207 0 
815 0.012731 0 
816 0.012232 0 
817 0.021884 0 
818 0.014358 0 
819 0.014073 0 
820 0.017832 0 
821 0.031268 0 
822 0.015045 0 
823 0.014233 0 
824 0.009309 0 
825 0.015865 0 
826 0.006826 0 
827 0.009246 0 
828 0.039463 0 
829 0.027113 0 
830 0.013438 0 
831 0.026286 0 
832 0.031758 0 
833 0.015380 0 
834 0.015898 0 
835 0.038515 0 
836 0.053923 0 
837 0.037496 0 
838 0.039741 0 
839 0.023157 0 
840 0.016264 0 
841 0.027200 0 
842 0.015592 0 
843 0.016736 0 
844 0.018771 0 
845 0.019857 0 
846 0.028368 0 
847 0.017970 0 
848 0.044086 0 
849 0.027724 0 
850 0.082630 0 
851 0.066469 0 
852 0.050166 0 
853 0.063217 0 
854 0.046836 0 
855 0.041413 0 
856 0.025456 0 
857 0.014540 0 
858 0.016939 0 
859 0.010355 0 
860 0.015429 0 
861 0.009055 0 
862 0.019438 0 
863 0.018010 0 
864 0.065325 0 
865 0.049345 0 
866 0.037477 0 
867 0.024012 0 
868 0.017778 0 
869 0.016524 0 
870 0.028048 0 
871 0.014557 0 
872 0.013475 0 
873 0.031872 0 
874 0.015397 0 
875 0.043333 0 
876 0.027393 0 
877 0.019594 0 
878 0.025410 0 
879 0.022122 0 
880 0.020850 0 
881 0.017179 0 
882 0.011524 0 
883 0.057120 0 
884 0.054607 0 
885 0.038188 0 
886 0.021694 0 
887 0.027606 0 
888 0.023263 0 
889 0.019259 0 
890 0.017846 0 
891 0.020919 0 
892 0.022841 0 
893 0.016657 0 
894 0.025811 0 
895 0.032254 0 
896 0.016074 0 
897 0.028548 0 
898 0.025972 0 
899 0.017578 0 
900 0.010119 0 
901 0.037179 0 
902 0.024442 0 
903 0.039082 0 
904 0.022811 0 
905 0.038837 0 
906 0.024236 0 
907 0.021117 0 
908 0.031181 0 
909 0.014419 0 
910 0.019153 0 
911 0.026628 0 
912 0.014848 0 
913 0.015625 0 
914 0.020231 0 
915 0.024603 0 
916 0.049485 0 
917 0.050173 0 
918 0.033902 0 
919 0.016642 0 
920 0.026407 0 
921 0.036768 0 
922 0.029714 0 
923 0.013557 0 
924 0.038818 0 
925 0.039160 0 
926 0.037424 0 
927 0.024010 0 
928 0.014964 0 
929 0.038913 0 
930 0.027385 0 
931 0.026194 0 
932 0.013177 0 
933 0.015399 0 
934 0.012305 0 
935 0.029627 0 
936 0.027784 0 
937 0.022973 0 
938 0.017763 0 
939 0.012988 0 
940 0.011572 0 
941 0.020126 0 
942 0.021059 0 
943 0.055755 0 
944 0.039391 0 
945 0.037809 0 
946 0.027281 0 
947 0.014623 0 
948 0.025698 0 
949 0.059536 0 
950 0.043304 0 
951 0.036588 0 
952 0.020571 0 
953 0.020508 0 
954 0.018069 0 
955 0.018847 0 
956 0.014726 0 
957 0.018125 0 
958 0.015474 0 
959 0.017349 0 
960 0.014687 0 
961 0.016964 0 
962 0.027770 0 
963 0.027564 0 
964 0.019861 0 
965 0.022932 0 
966 0.011838 0 
967 0.014421 0 
968 0.018641 0 
969 0.020091 0 
970 0.009925 0 
971 0.012822 0 
972 0.012039 0 
973 0.026966 0 
974 0.031215 0 
975 0.031666 0 
976 0.026589 0 
977 0.029884 0 
978 0.030077 0 
979 0.027644 0 
980 0.021419 0 
981 0.019075 0 
982 0.022658 0 
983 0.019319 0 
984 0.022469 0 
985 0.018576 0 
986 0.015777 0 
987 0.018339 0 
988 0.022094 0 
989 0.028454 0 
990 0.018949 0 
991 0.033479 0 
992 0.028820 0 
993 0.015601 0 
994 0.015193 0 
995 0.012789 0 
996 0.015228 0 
997 0.021387 0 
998 0.012872 0 
999 0.021872 0 
1000 0.012733 0 
1001 0.020200 0 
1002 0.017300 0 
1003 0.011542 0 
1004 0.028500 0 
1005 0.025102 0 
1006 0.015841 0 
1007 0.024807 0 
1008 0.028613 0 
1009 0.012389 0 
1010 0.022448 0 
1011 0.020840 0 
1012 0.019750 0 
1013 0.013593 0 
1014 0.021325 0 
1015 0.026102 0 
1016 0.024890 0 
1017 0.014687 0 
1018 0.015276 0 
1019 0.021079 0 
1020 0.046339 0 
1021 0.030277 0 
1022 0.036308 0 
1023 0.020160 0 
1024 0.027671 0 
1025 0.016028 0 
1026 0.016676 0 
1027 0.013275 0 
1028 0.027161 0 
1029 0.019740 0 
1030 0.028573 0 
1031 0.014696 0 
1032 0.027551 0 
1033 0.031444 0 
1034 0.019627 0 
1035 0.020493 0 
1036 0.026222 0 
1037 0.018673 0 
1038 0.014760 0 
1039 0.028606 0 
1040 0.027880 0 
1041 0.019022 0 
1042 0.017117 0 
1043 0.021654 0 
1044 0.027128 0 
1045 0.020819 0 
1046 0.025579 0 
1047 0.014005 0 
1048 0.008173 0 
1049 0.025322 0 
1050 0.026605 0 
1051 0.010904 0 
1052 0.011794 0 
1053 0.016340 0 
1054 0.022263 0 
1055 0.009662 0 
1056 0.014775 0 
1057 0.006288 0 
1058 0.016435 0 
1059 0.034634 0 
1060 0.019128 0 
1061 0.037132 0 
1062 0.022700 0 
1063 0.020387 0 
1064 0.008134 0 
1065 0.014437 0 
1066 0.039429 0 
1067 0.023165 0 
1068 0.023273 0 
1069 0.014148 0 
1070 0.009756 0 
1071 0.033762 0 
1072 0.016745 0 
1073 0.022338 0 
1074 0.017658 0 
1075 0.008785 0 
1076 0.031388 0 
1077 0.021977 0 
1078 0.014293 0 
1079 0.016823 0 
1080 0.023055 0 
1081 0.018429 0 
1082 0.012407 0 
1083 0.025033 0 
1084 0.053335 0 
1085 0.042706 0 
1086 0.026128 0 
1087 0.028125 0 
1088 0.028156 0 
1089 0.017611 0 
1090 0.014752 0 
1091 0.011658 0 
1092 0.017195 0 
1093 0.027370 0 
1094 0.019930 0 
1095 0.023440 0 
1096 0.007108 0 
1097 0.008556 0 
1098 0.015575 0 
1099 0.016923 0 
1100 0.018688 0 
1101 0.030136 0 
1102 0.029482 0 
1103 0.016888 0 
1104 0.014015 0 
1105 0.018149 0 
1106 0.023769 0 
1107 0.014834 0 
1108 0.026222 0 
1109 0.013810 0 
1110 0.023385 0 
1111 0.015379 0 
1112 0.024648 0 
1113 0.013470 0 
1114 0.014660 0 
1115 0.014985 0 
1116 0.014061 0 
1117 0.012810 0 
1118 0.015657 0 
1119 0.043097 0 
1120 0.026993 0 
1121 0.028393 0 
1122 0.012017 0 
1123 0.017621 0 
1124 0.029426 0 
1125 0.022647 0 
1126 0.019820 0 
1127 0.015702 0 
1128 0.023823 0 
1129 0.040173 0 
1130 0.026688 0 
1131 0.011343 0 
1132 0.013448 0 
1133 0.020082 0 
1134 0.032776 0 
1135 0.022246 0 
1136 0.016374 0 
1137 0.031123 0 
1138 0.015013 0 
1139 0.014360 0 
1140 0.018187 0 
1141 0.016723 0 
1142 0.014065 0 
1143 0.013796 0 
1144 0.054304 0 
1145 0.037904 0 
1146 0.029751 0 
1147 0.013298 0 
1148 0.013579 0 
1149 0.031565 0 
1150 0.015206 0 
1151 0.020057 0 
1152 0.012155 0 
1153 0.047825 0 
1154 0.031515 0 
1155 0.016828 0 
1156 0.023718 0 
1157 0.008917 0 
1158 0.010778 0 
1159 0.013112 0 
1160 0.010722 0 
1161 0.056326 0 
1162 0.040027 0 
1163 0.023496 0 
1164 0.011638 0 
1165 0.018242 0 
1166 0.041533 0 
1167 0.025314 0 
1168 0.017465 0 
1169 0.016327 0 
1170 0.015356 0 
1171 0.023800 0 
1172 0.019063 0 
1173 0.034972 0 
1174 0.018203 0 
1175 0.017414 0 
1176 0.045444 0 
1177 0.029169 0 
1178 0.019847 0 
1179 0.018914 0 
1180 0.057943 0 
1181 0.040334 0 
1182 0.024037 0 
1183 0.022188 0 
1184 0.015189 0 
1185 0.012510 0 
1186 0.017310 0 
1187 0.019382 0 
1188 0.022040 0 
1189 0.029562 0 
1190 0.023441 0 
1191 0.019930 0 
1192 0.009979 0 
1193 0.018791 0 
1194 0.030174 0 
1195 0.013991 0 
1196 0.024817 0 
1197 0.024776 0 
1198 0.024858 0 
1199 0.021439 0 
1200 0.014860 0 
1201 0.021818 0 
1202 0.015574 0 
1203 0.046797 0 
1204 0.030512 0 
1205 0.014400 0 
1206 0.025171 0 
1207 0.020889 0 
1208 0.030451 0 
1209 0.013890 0 
1210 0.016539 0 
1211 0.023947 0 
1212 0.015908 0 
1213 0.013846 0 
1214 0.014946 0 
1215 0.012784 0 
1216 0.034254 0 
1217 0.026636 0 
1218 0.014222 0 
1219 0.019611 0 
1220 0.011533 0 
1221 0.038046 0 
1222 0.027925 0 
1223 0.030362 0 
1224 0.014327 0 
1225 0.009171 0 
1226 0.021458 0 
1227 0.018241 0 
1228 0.010061 0 
1229 0.008009 0 
1230 0.010420 0 
1231 0.025950 0 
1232 0.009686 0 
1233 0.008003 0 
1234 0.044401 0 
1235 0.028117 0 
1236 0.019376 0 
1237 0.009203 0 
1238 0.034100 0 
1239 0.022358 0 
1240 0.016612 0 
1241 0.007846 0 
1242 0.023426 0 
1243 0.031894 0 
1244 0.019184 0 
1245 0.011833 0 
1246 0.013212 0 
1247 0.015566 0 
1248 0.016144 0 
1249 0.021424 0 
1250 0.017614 0 
1251 0.013940 0 
1252 0.015963 0 
1253 0.014941 0 
1254 0.021871 0 
1255 0.015140 0 
1256 0.022861 0 
1257 0.021830 0 
1258 0.015904 0 
1259 0.023519 0 
1260 0.028688 0 
1261 0.012268 0 
1262 0.029889 0 
1263 0.033353 0 
1264 0.016840 0 
1265 0.020228 0 
1266 0.015500 0 
1267 0.017119 0 
1268 0.020613 0 
1269 0.023528 0 
1270 0.018915 0 
1271 0.017923 0 
1272 0.023270 0 
1273 0.013634 0 
1274 0.012932 0 
1275 0.021863 0 
1276 0.019158 0 
1277 0.016774 0 
1278 0.014445 0 
1279 0.018722 0 
1280 0.028112 0 
1281 0.020706 0 
1282 0.014253 0 
1283 0.021214 0 
1284 0.015434 0 
1285 0.017648 0 
1286 0.025873 0 
1287 0.013521 0 
1288 0.022867 0 
1289 0.014037 0 
1290 0.012366 0 
1291 0.025232 0 
1292 0.008912 0 
1293 0.013673 0 
1294 0.012028 0 
1295 0.015960 0 
1296 0.010059 0 
1297 0.016598 0 
1298 0.040074 0 
1299 0.023971 0 
1300 0.018882 0 
1301 0.024668 0 
1302 0.011671 0 
1303 0.011232 0 
1304 0.022135 0 
1305 0.009747 0 
1306 0.010817 0 
1307 0.013590 0 
1308 0.025498 0 
1309 0.009016 0 
1310 0.010855 0 
1311 0.009858 0 
1312 0.020696 0 
1313 0.016483 0 
1314 0.025841 0 
1315 0.017733 0 
1316 0.007557 0 
1317 0.015484 0 
1318 0.018309 0 
1319 0.024095 0 
1320 0.023823 0 
1321 0.014199 0 
1322 0.019475 0 
1323 0.027754 0 
1324 0.011411 0 
1325 0.022945 0 
1326 0.015299 0 
1327 0.023260 0 
1328 0.013024 0 
1329 0.007626 0 
1330 0.015782 0 
1331 0.015965 0 
1332 0.009174 0 
1333 0.008307 0 
1334 0.023892 0 
1335 0.012008 0 
1336 0.015469 0 
1337 0.009530 0 
1338 0.013518 0 
1339 0.017130 0 
1340 0.008678 0 
1341 0.012376 0 
1342 0.033331 0 
1343 0.016698 0 
1344 0.022208 0 
1345 0.010798 0 
1346 0.015785 0 
1347 0.007396 0 
1348 0.007480 0 
1349 0.013145 0 
1350 0.009675 0 
1351 0.015778 0 
1352 0.013200 0 
1353 0.017265 0 
1354 0.013058 0 
1355 0.029525 0 
1356 0.030575 0 
1357 0.021735 0 
1358 0.045088 0 
1359 0.038212 0 
1360 0.021942 0 
1361 0.025129 0 
1362 0.027787 0 
1363 0.022078 0 
1364 0.015599 0 
1365 0.018555 0 
1366 0.019562 0 
1367 0.013348 0 
1368 0.031780 0 
1369 0.021528 0 
1370 0.012533 0 
1371 0.025069 0 
1372 0.013554 0 
1373 0.015791 0 
1374 0.030205 0 
1375 0.013551 0 
1376 0.014792 0 
1377 0.023673 0 
1378 0.017177 0 
1379 0.025995 0 
1380 0.019255 0 
1381 0.016242 0 
1382 0.015193 0 
1383 0.026779 0 
1384 0.012827 0 
1385 0.020042 0 
1386 0.024508 0 
1387 0.036599 0 
1388 0.024097 0 
1389 0.029559 0 
1390 0.017370 0 
1391 0.042249 0 
1392 0.026020 0 
1393 0.032282 0 
1394 0.016345 0 
1395 0.018990 0 
1396 0.027282 0 
1397 0.015107 0 
1398 0.018044 0 
1399 0.021439 0 
1400 0.014811 0 
1401 0.020312 0 
1402 0.017931 0 
1403 0.011898 0 
1404 0.036753 0 
1405 0.020693 0 
1406 0.036887 0 
1407 0.020751 0 
1408 0.011091 0 
1409 0.013075 0 
1410 0.014756 0 
1411 0.012600 0 
1412 0.016721 0 
1413 0.011710 0 
1414 0.033576 0 
1415 0.027096 0 
1416 0.017060 0 
1417 0.020190 0 
1418 0.012847 0 
1419 0.020151 0 
1420 0.021367 0 
1421 0.011810 0 
1422 0.022930 0 
1423 0.047179 0 
1424 0.031080 0 
1425 0.024790 0 
1426 0.014639 0 
1427 0.016573 0 
1428 0.014297 0 
1429 0.008879 0 
1430 0.011866 0 
1431 0.021168 0 
1432 0.027301 0 
1433 0.014237 0 
1434 0.018994 0 
1435 0.031201 0 
1436 0.014882 0 
1437 0.014043 0 
1438 0.020818 0 
1439 0.019587 0 
1440 0.034505 0 
1441 0.033680 0 
1442 0.017503 0 
1443 0.017735 0 
1444 0.012331 0 
1445 0.026846 0 
1446 0.050659 0 
1447 0.035168 0 
1448 0.021297 0 
1449 0.018487 0 
1450 0.017190 0 
1451 0.023580 0 
1452 0.022296 0 
1453 0.017997 0 
1454 0.022177 0 
1455 0.036051 0 
1456 0.019778 0 
1457 0.016698 0 
1458 0.014174 0 
1459 0.042021 0 
1460 0.025892 0 
1461 0.015853 0 
1462 0.036806 0 
1463 0.020702 0 
1464 0.023990 0 
1465 0.029842 0 
1466 0.027817 0 
1467 0.013377 0 
1468 0.028489 0 
1469 0.023860 0 
1470 0.034026 0 
1471 0.024601 0 
1472 0.022065 0 
1473 0.040003 0 
1474 0.023727 0 
1475 0.018821 0 
1476 0.014385 0 
1477 0.022002 0 
1478 0.017730 0 
1479 0.015973 0 
1480 0.024729 0 
1481 0.021892 0 
1482 0.018368 0 
1483 0.015434 0 
1484 0.031936 0 
1485 0.034315 0 
1486 0.018023 0 
1487 0.017964 0 
1488 0.017818 0 
1489 0.019468 0 
1490 0.026830 0 
1491 0.027986 0 
1492 0.011684 0 
1493 0.016422 0 
1494 0.014869 0 
1495 0.014085 0 
1496 0.013460 0 
1497 0.027155 0 
1498 0.020446 0 
1499 0.022745 0 
1500 0.012501 0 
1501 0.022434 0 
1502 0.015748 0 
1503 0.049466 0 
1504 0.033128 0 
1505 0.023099 0 
1506 0.027638 0 
1507 0.013154 0 
1508 0.017717 0 
1509 0.015071 0 
1510 0.015586 0 
1511 0.010252 0 
1512 0.013129 0 
1513 0.020158 0 
1514 0.022749 0 
1515 0.019209 0 
1516 0.030816 0 
1517 0.029080 0 
1518 0.017890 0 
1519 0.027766 0 
1520 0.021195 0 
1521 0.015076 0 
1522 0.012319 0 
1523 0.012790 0 
1524 0.014409 0 
1525 0.013921 0 
1526 0.027125 0 
1527 0.027285 0 
1528 0.018458 0 
1529 0.045627 0 
1530 0.028856 0 
1531 0.050466 0 
1532 0.044446 0 
1533 0.028449 0 
1534 0.019767 0 
1535 0.020249 0 
1536 0.030212 0 
1537 0.013656 0 
1538 0.022792 0 
1539 0.021377 0 
1540 0.009175 0 
1541 0.016822 0 
1542 0.011929 0 
1543 0.012999 0 
1544 0.032269 0 
1545 0.015326 0 
1546 0.013937 0 
1547 0.029112 0 
1548 0.012067 0 
1549 0.013868 0 
1550 0.013882 0 
1551 0.014929 0 
1552 0.017558 0 
1553 0.011089 0 
1554 0.017055 0 
1555 0.015576 0 
1556 0.011256 0 
1557 0.011507 0 
1558 0.022135 0 
1559 0.019538 0 
1560 0.014826 0 
1561 0.015337 0 
1562 0.035826 0 
1563 0.019259 0 
1564 0.021950 0 
1565 0.016030 0 
1566 0.016460 0 
1567 0.028658 0 
1568 0.024538 0 
1569 0.015711 0 
1570 0.015857 0 
1571 0.022943 0 
1572 0.029016 0 
1573 0.012605 0 
1574 0.012346 0 
1575 0.025938 0 
1576 0.016805 0 
1577 0.013396 0 
1578 0.015699 0 
1579 0.025987 0 
1580 0.017720 0 
1581 0.020555 0 
1582 0.014530 0 
1583 0.023390 0 
1584 0.019565 0 
1585 0.018172 0 
1586 0.042996 0 
1587 0.041932 0 
1588 0.025856 0 
1589 0.021199 0 
1590 0.015290 0 
1591 0.025318 0 
1592 0.014362 0 
1593 0.020258 0 
1594 0.029593 0 
1595 0.020720 0 
1596 0.022083 0 
1597 0.024482 0 
1598 0.011554 0 
1599 0.021910 0 
1600 0.020082 0 
1601 0.017176 0 
1602 0.023916 0 
1603 0.054953 0 
1604 0.047467 0 
1605 0.031142 0 
1606 0.014926 0 
1607 0.017428 0 
1608 0.019739 0 
1609 0.021981 0 
1610 0.012093 0 
1611 0.011250 0 
1612 0.024843 0 
1613 0.022480 0 
1614 0.033384 0 
1615 0.016893 0 
1616 0.037830 0 
1617 0.021577 0 
1618 0.026019 0 
1619 0.018705 0 
1620 0.015251 0 
1621 0.026207 0 
1622 0.019406 0 
1623 0.017190 0 
1624 0.035899 0 
1625 0.019721 0 
1626 0.027307 0 
1627 0.028442 0 
1628 0.031010 0 
1629 0.053045 0 
1630 0.037084 0 
1631 0.029392 0 
1632 0.028255 0 
1633 0.012054 0 
1634 0.027414 0 
1635 0.015060 0 
1636 0.016928 0 
1637 0.011193 0 
1638 0.016312 0 
1639 0.014530 0 
1640 0.027335 0 
1641 0.034443 0 
1642 0.017799 0 
1643 0.011820 0 
1644 0.012827 0 
1645 0.026430 0 
1646 0.026307 0 
1647 0.009866 0 
1648 0.009940 0 
1649 0.017129 0 
1650 0.013690 0 
1651 0.011868 0 
1652 0.025914 0 
1653 0.019105 0 
1654 0.014169 0 
1655 0.010423 0 
1656 0.033294 0 
1657 0.017204 0 
1658 0.009706 0 
1659 0.006654 0 
1660 0.016637 0 
1661 0.022266 0 
1662 0.017223 0 
1663 0.023960 0 
1664 0.007702 0 
1665 0.008952 0 
1666 0.017207 0 
1667 0.019234 0 
1668 0.016680 0 
1669 0.008553 0 
1670 0.017090 0 
1671 0.017960 0 
1672 0.013083 0 
1673 0.023707 0 
1674 0.015742 0 
1675 0.014079 0 
1676 0.017823 0 
1677 0.024690 0 
1678 0.029852 0 
1679 0.031525 0 
1680 0.015202 0 
1681 0.009893 0 
1682 0.013065 0 
1683 0.023797 0 
1684 0.024832 0 
1685 0.024756 0 
1686 0.044666 0 
1687 0.028358 0 
1688 0.034639 0 
1689 0.027566 0 
1690 0.011077 0 
1691 0.020290 0 
1692 0.014821 0 
1693 0.011519 0 
1694 0.028801 0 
1695 0.018178 0 
1696 0.025757 0 
1697 0.022996 0 
1698 0.036772 0 
1699 0.078615 0 
1700 0.085064 0 
1701 0.068739 0 
1702 0.052295 0 
1703 0.035586 0 
1704 0.023554 0 
1705 0.017351 0 
1706 0.011739 0 
1707 0.032816 0 
1708 0.016581 0 
1709 0.026867 0 
1710 0.017591 0 
1711 0.021471 0 
1712 0.049263 0 
1713 0.033009 0 
1714 0.026389 0 
1715 0.016995 0 
1716 0.012666 0 
1717 0.009944 0 
1718 0.015530 0 
1719 0.019426 0 
1720 0.023382 0 
1721 0.021779 0 
1722 0.028941 0 
1723 0.012602 0 
1724 0.012123 0 
1725 0.013067 0 
1726 0.023536 0 
1727 0.019161 0 
1728 0.013833 0 
1729 0.017671 0 
1730 0.027664 0 
1731 0.011215 0 
1732 0.024855 0 
1733 0.014036 0 
1734 0.033629 0 
1735 0.017512 0 
1736 0.017753 0 
1737 0.025484 0 
1738 0.022997 0 
1739 0.019135 0 
1740 0.020577 0 
1741 0.020395 0 
1742 0.016746 0 
1743 0.023616 0 
1744 0.020220 0 
1745 0.020436 0 
1746 0.018215 0 
1747 0.018554 0 
1748 0.024965 0 
1749 0.037057 0 
1750 0.032034 0 
1751 0.040682 0 
1752 0.031524 0 
1753 0.023628 0 
1754 0.016394 0 
1755 0.043601 0 
1756 0.027356 0 
1757 0.013891 0 
1758 0.039145 0 
1759 0.025413 0 
1760 0.014741 0 
1761 0.013902 0 
1762 0.041062 0 
1763 0.030034 0 
1764 0.027567 0 
1765 0.016111 0 
1766 0.024423 0 
1767 0.026267 0 
1768 0.013559 0 
1769 0.020869 0 
1770 0.015699 0 
1771 0.022782 0 
1772 0.017338 0 
1773 0.011061 0 
1774 0.010008 0 
1775 0.057501 0 
1776 0.041269 0 
1777 0.042812 0 
1778 0.026734 0 
1779 0.022627 0 
1780 0.041456 0 
1781 0.025203 0 
1782 0.018676 0 
1783 0.010699 0 
1784 0.030814 0 
1785 0.014575 0 
1786 0.016530 0 
1787 0.011912 0 
1788 0.008555 0 
1789 0.018398 0 
1790 0.026801 0 
1791 0.010254 0 
1792 0.012074 0 
1793 0.014888 0 
1794 0.011536 0 
1795 0.019760 0 
1796 0.025568 0 
1797 0.042293 0 
1798 0.035206 0 
1799 0.048322 0 
1800 0.061045 0 
1801 0.044441 0 
1802 0.028378 0 
1803 0.029891 0 
1804 0.059485 0 
1805 0.043391 0 
1806 0.026801 0 
1807 0.020832 0 
1808 0.036998 0 
1809 0.020571 0 
1810 0.021563 0 
1811 0.024625 0 
1812 0.038179 0 
1813 0.024813 0 
1814 0.009549 0 
1815 0.047039 0 
1816 0.029972 0 
1817 0.013565 0 
1818 0.021168 0 
1819 0.024489 0 
1820 0.012837 0 
