../stream-replay/logs/rtt-6205@128.txt
1 0.016764 1 
2 0.016019 1 
3 0.011018 1 
4 0.007717 1 
5 0.015271 1 
6 0.018201 1 
7 0.016037 1 
8 0.011973 1 
9 0.021017 1 
10 0.013683 1 
11 0.018177 1 
12 0.011628 1 
13 0.008299 1 
14 0.010136 1 
15 0.009599 1 
16 0.011723 1 
17 0.007976 1 
18 0.014743 1 
19 0.007385 1 
20 0.011601 1 
21 0.033101 1 
22 0.023274 1 
23 0.016665 1 
24 0.044430 1 
25 0.028051 1 
26 0.081025 1 
27 0.064719 1 
28 0.048127 1 
29 0.049704 1 
30 0.032969 1 
31 0.023820 1 
32 0.020981 1 
33 0.021746 1 
34 0.023385 1 
35 0.012897 1 
36 0.021006 1 
37 0.011092 1 
38 0.009092 1 
39 0.009256 1 
40 0.017261 1 
41 0.033637 1 
42 0.024752 1 
43 0.018515 1 
44 0.020729 1 
45 0.010889 1 
46 0.019844 1 
47 0.015958 1 
48 0.021894 1 
49 0.022690 1 
50 0.016680 1 
51 0.019284 1 
52 0.019415 1 
53 0.016020 1 
54 0.019316 1 
55 0.010905 1 
56 0.010868 1 
57 0.024112 1 
58 0.031404 1 
59 0.014935 1 
60 0.020062 1 
61 0.022395 1 
62 0.020578 1 
63 0.017537 1 
64 0.010361 1 
65 0.021288 1 
66 0.013003 1 
67 0.018869 1 
68 0.018488 1 
69 0.019254 1 
70 0.018034 1 
71 0.016944 1 
72 0.018522 1 
73 0.016394 1 
74 0.011981 1 
75 0.017547 1 
76 0.016905 1 
77 0.020149 1 
78 0.022037 1 
79 0.019275 1 
80 0.021092 1 
81 0.017919 1 
82 0.015208 1 
83 0.020412 1 
84 0.016927 1 
85 0.029791 1 
86 0.021219 1 
87 0.019147 1 
88 0.022959 1 
89 0.019651 1 
90 0.015928 1 
91 0.022352 1 
92 0.017233 1 
93 0.010860 1 
94 0.014614 1 
95 0.015405 1 
96 0.012560 1 
97 0.020245 1 
98 0.015310 1 
99 0.011096 1 
100 0.020349 1 
101 0.019259 1 
102 0.017119 1 
103 0.013475 1 
104 0.017370 1 
105 0.016835 1 
106 0.017215 1 
107 0.015656 1 
108 0.014320 1 
109 0.016537 1 
110 0.020238 1 
111 0.025535 1 
112 0.021156 1 
113 0.016670 1 
114 0.023696 1 
115 0.035041 1 
116 0.018760 1 
117 0.015873 1 
118 0.012922 1 
119 0.011485 1 
120 0.014183 1 
121 0.013198 1 
122 0.020974 1 
123 0.014548 1 
124 0.016474 1 
125 0.016948 1 
126 0.020102 1 
127 0.015173 1 
128 0.012301 1 
129 0.015670 1 
130 0.016988 1 
131 0.017436 1 
132 0.019271 1 
133 0.018978 1 
134 0.016563 1 
135 0.016653 1 
136 0.016708 1 
137 0.016975 1 
138 0.014171 1 
139 0.021747 1 
140 0.024634 1 
141 0.025008 1 
142 0.019928 1 
143 0.016768 1 
144 0.015064 1 
145 0.027608 1 
146 0.016121 1 
147 0.020197 1 
148 0.017683 1 
149 0.011228 1 
150 0.011860 1 
151 0.013433 1 
152 0.014726 1 
153 0.019024 1 
154 0.012299 1 
155 0.020321 1 
156 0.013305 1 
157 0.012695 1 
158 0.019572 1 
159 0.015136 1 
160 0.018024 1 
161 0.013365 1 
162 0.019642 1 
163 0.014471 1 
164 0.024265 1 
165 0.023746 1 
166 0.019041 1 
167 0.018789 1 
168 0.016800 1 
169 0.020750 1 
170 0.021277 1 
171 0.023516 1 
172 0.020431 1 
173 0.016288 1 
174 0.010760 1 
175 0.014384 1 
176 0.023045 1 
177 0.013131 1 
178 0.014234 1 
179 0.012199 1 
180 0.010155 1 
181 0.011366 1 
182 0.026955 1 
183 0.015015 1 
184 0.011995 1 
185 0.011997 1 
186 0.013819 1 
187 0.011581 1 
188 0.011413 1 
189 0.016865 1 
190 0.011249 1 
191 0.015664 1 
192 0.011469 1 
193 0.009108 1 
194 0.013272 1 
195 0.017856 1 
196 0.012177 1 
197 0.018190 1 
198 0.011080 1 
199 0.009105 1 
200 0.011293 1 
201 0.011102 1 
202 0.017718 1 
203 0.020238 1 
204 0.018544 1 
205 0.017937 1 
206 0.017376 1 
207 0.015878 1 
208 0.016419 1 
209 0.017015 1 
210 0.015211 1 
211 0.019879 1 
212 0.015303 1 
213 0.018857 1 
214 0.019589 1 
215 0.019005 1 
216 0.019807 1 
217 0.015729 1 
218 0.017466 1 
219 0.016047 1 
220 0.017285 1 
221 0.013910 1 
222 0.016885 1 
223 0.015228 1 
224 0.010340 1 
225 0.011858 1 
226 0.019103 1 
227 0.013946 1 
228 0.019059 1 
229 0.017822 1 
230 0.020142 1 
231 0.021024 1 
232 0.022208 1 
233 0.017440 1 
234 0.018556 1 
235 0.016817 1 
236 0.014001 1 
237 0.017180 1 
238 0.021415 1 
239 0.020380 1 
240 0.016393 1 
241 0.020432 1 
242 0.016159 1 
243 0.012388 1 
244 0.012707 1 
245 0.011031 1 
246 0.010961 1 
247 0.011430 1 
248 0.010957 1 
249 0.011283 1 
250 0.012579 1 
251 0.022317 1 
252 0.019168 1 
253 0.017226 1 
254 0.014993 1 
255 0.010665 1 
256 0.011381 1 
257 0.025748 1 
258 0.027215 1 
259 0.024657 1 
260 0.014204 1 
261 0.009380 1 
262 0.013435 1 
263 0.014151 1 
264 0.009966 1 
265 0.016216 1 
266 0.016263 1 
267 0.016824 1 
268 0.015840 1 
269 0.019225 1 
270 0.016647 1 
271 0.016372 1 
272 0.021441 1 
273 0.021705 1 
274 0.022407 1 
275 0.015843 1 
276 0.023275 1 
277 0.013936 1 
278 0.018366 1 
279 0.014672 1 
280 0.019582 1 
281 0.013179 1 
282 0.015084 1 
283 0.013606 1 
284 0.013371 1 
285 0.017076 1 
286 0.012606 1 
287 0.025341 1 
288 0.021902 1 
289 0.014541 1 
290 0.018796 1 
291 0.014116 1 
292 0.014399 1 
293 0.012807 1 
294 0.018183 1 
295 0.015434 1 
296 0.027393 1 
297 0.011773 1 
298 0.011763 1 
299 0.013283 1 
300 0.020858 1 
301 0.017514 1 
302 0.019348 1 
303 0.013943 1 
304 0.017245 1 
305 0.017784 1 
306 0.020437 1 
307 0.018070 1 
308 0.019906 1 
309 0.015320 1 
310 0.014110 1 
311 0.023654 1 
312 0.018042 1 
313 0.018924 1 
314 0.016163 1 
315 0.023011 1 
316 0.015748 1 
317 0.016684 1 
318 0.024907 1 
319 0.019878 1 
320 0.015124 1 
321 0.017355 1 
322 0.021442 1 
323 0.019176 1 
324 0.016259 1 
325 0.019429 1 
326 0.011665 1 
327 0.012331 1 
328 0.018311 1 
329 0.014715 1 
330 0.016810 1 
331 0.018603 1 
332 0.017609 1 
333 0.033827 1 
334 0.017326 1 
335 0.017997 1 
336 0.015891 1 
337 0.017821 1 
338 0.014896 1 
339 0.019659 1 
340 0.018766 1 
341 0.019843 1 
342 0.018569 1 
343 0.019035 1 
344 0.017015 1 
345 0.017071 1 
346 0.015753 1 
347 0.011923 1 
348 0.014076 1 
349 0.012645 1 
350 0.026780 1 
351 0.017513 1 
352 0.022080 1 
353 0.013962 1 
354 0.012322 1 
355 0.013668 1 
356 0.018523 1 
357 0.013985 1 
358 0.021193 1 
359 0.021324 1 
360 0.013045 1 
361 0.014814 1 
362 0.023782 1 
363 0.014782 1 
364 0.016234 1 
365 0.014790 1 
366 0.016217 1 
367 0.017825 1 
368 0.020558 1 
369 0.020595 1 
370 0.018154 1 
371 0.013303 1 
372 0.011183 1 
373 0.010426 1 
374 0.014755 1 
375 0.010574 1 
376 0.016473 1 
377 0.019140 1 
378 0.013377 1 
379 0.012344 1 
380 0.012791 1 
381 0.016725 1 
382 0.011397 1 
383 0.015958 1 
384 0.010524 1 
385 0.013398 1 
386 0.013340 1 
387 0.010967 1 
388 0.012586 1 
389 0.012228 1 
390 0.014295 1 
391 0.011089 1 
392 0.013428 1 
393 0.017305 1 
394 0.016000 1 
395 0.017194 1 
396 0.010597 1 
397 0.014371 1 
398 0.016814 1 
399 0.014002 1 
400 0.011636 1 
401 0.012942 1 
402 0.014231 1 
403 0.009115 1 
404 0.017599 1 
405 0.010410 1 
406 0.014078 1 
407 0.011239 1 
408 0.013533 1 
409 0.015171 1 
410 0.013657 1 
411 0.010220 1 
412 0.010923 1 
413 0.013216 1 
414 0.019965 1 
415 0.013945 1 
416 0.016696 1 
417 0.016521 1 
418 0.013702 1 
419 0.016680 1 
420 0.015452 1 
421 0.013155 1 
422 0.013649 1 
423 0.013404 1 
424 0.013644 1 
425 0.013160 1 
426 0.009688 1 
427 0.017730 1 
428 0.018444 1 
429 0.018477 1 
430 0.023178 1 
431 0.020454 1 
432 0.021925 1 
433 0.014724 1 
434 0.015519 1 
435 0.015167 1 
436 0.020917 1 
437 0.020519 1 
438 0.017627 1 
439 0.015634 1 
440 0.017017 1 
441 0.012746 1 
442 0.021668 1 
443 0.018051 1 
444 0.018672 1 
445 0.025476 1 
446 0.013857 1 
447 0.021063 1 
448 0.015644 1 
449 0.014943 1 
450 0.013065 1 
451 0.020147 1 
452 0.015789 1 
453 0.009772 1 
454 0.017263 1 
455 0.021193 1 
456 0.016551 1 
457 0.023530 1 
458 0.017807 1 
459 0.014509 1 
460 0.018252 1 
461 0.018919 1 
462 0.015979 1 
463 0.024807 1 
464 0.024180 1 
465 0.023389 1 
466 0.034065 1 
467 0.017908 1 
468 0.024666 1 
469 0.031760 1 
470 0.022836 1 
471 0.019963 1 
472 0.015791 1 
473 0.017361 1 
474 0.016626 1 
475 0.027431 1 
476 0.022741 1 
477 0.016708 1 
478 0.016392 1 
479 0.017248 1 
480 0.016164 1 
481 0.016751 1 
482 0.022664 1 
483 0.013961 1 
484 0.019294 1 
485 0.016832 1 
486 0.014082 1 
487 0.015538 1 
488 0.016599 1 
489 0.013528 1 
490 0.013467 1 
491 0.012393 1 
492 0.012116 1 
493 0.013051 1 
494 0.010280 1 
495 0.015000 1 
496 0.008348 1 
497 0.013806 1 
498 0.010135 1 
499 0.017373 1 
500 0.009451 1 
501 0.025033 1 
502 0.012503 1 
503 0.014048 1 
504 0.016156 1 
505 0.013719 1 
506 0.015635 1 
507 0.009039 1 
508 0.012625 1 
509 0.007786 1 
510 0.006898 1 
511 0.014271 1 
512 0.011556 1 
513 0.011723 1 
514 0.014767 1 
515 0.018429 1 
516 0.019303 1 
517 0.021240 1 
518 0.014626 1 
519 0.028147 1 
520 0.019329 1 
521 0.016379 1 
522 0.012824 1 
523 0.023978 1 
524 0.022420 1 
525 0.014431 1 
526 0.017147 1 
527 0.018489 1 
528 0.015097 1 
529 0.020311 1 
530 0.014511 1 
531 0.016196 1 
532 0.021276 1 
533 0.015279 1 
534 0.015008 1 
535 0.019506 1 
536 0.023293 1 
537 0.019778 1 
538 0.025587 1 
539 0.015329 1 
540 0.016939 1 
541 0.017226 1 
542 0.027763 1 
543 0.017955 1 
544 0.018869 1 
545 0.014541 1 
546 0.016644 1 
547 0.014498 1 
548 0.016438 1 
549 0.022945 1 
550 0.019051 1 
551 0.015227 1 
552 0.012283 1 
553 0.009577 1 
554 0.015721 1 
555 0.025485 1 
556 0.016050 1 
557 0.017143 1 
558 0.010931 1 
559 0.018563 1 
560 0.018215 1 
561 0.018724 1 
562 0.016224 1 
563 0.011142 1 
564 0.013094 1 
565 0.008081 1 
566 0.015556 1 
567 0.012663 1 
568 0.013377 1 
569 0.016468 1 
570 0.011005 1 
571 0.010358 1 
572 0.010412 1 
573 0.022447 1 
574 0.011659 1 
575 0.015478 1 
576 0.015794 1 
577 0.013124 1 
578 0.012810 1 
579 0.018590 1 
580 0.023863 1 
581 0.022076 1 
582 0.025175 1 
583 0.020336 1 
584 0.016292 1 
585 0.017609 1 
586 0.016636 1 
587 0.031438 1 
588 0.014955 1 
589 0.014557 1 
590 0.018692 1 
591 0.017850 1 
592 0.014225 1 
593 0.032468 1 
594 0.021042 1 
595 0.021461 1 
596 0.016571 1 
597 0.012657 1 
598 0.016998 1 
599 0.013825 1 
600 0.028229 1 
601 0.022508 1 
602 0.019511 1 
603 0.022063 1 
604 0.018628 1 
605 0.011864 1 
606 0.016484 1 
607 0.012897 1 
608 0.013866 1 
609 0.011302 1 
610 0.026355 1 
611 0.017632 1 
612 0.013798 1 
613 0.016383 1 
614 0.014883 1 
615 0.013618 1 
616 0.015439 1 
617 0.022595 1 
618 0.025456 1 
619 0.018018 1 
620 0.018044 1 
621 0.017884 1 
622 0.019662 1 
623 0.020689 1 
624 0.021888 1 
625 0.016189 1 
626 0.014397 1 
627 0.016301 1 
628 0.025441 1 
629 0.041202 1 
630 0.093023 1 
631 0.076695 1 
632 0.059986 1 
633 0.048256 1 
634 0.031531 1 
635 0.018195 1 
636 0.025609 1 
637 0.035830 1 
638 0.036729 1 
639 0.020149 1 
640 0.020501 1 
641 0.020198 1 
642 0.016066 1 
643 0.015789 1 
644 0.017744 1 
645 0.016690 1 
646 0.018983 1 
647 0.025166 1 
648 0.016142 1 
649 0.016786 1 
650 0.018352 1 
651 0.019070 1 
652 0.028982 1 
653 0.015484 1 
654 0.017658 1 
655 0.029008 1 
656 0.019970 1 
657 0.014976 1 
658 0.017895 1 
659 0.020264 1 
660 0.013942 1 
661 0.015129 1 
662 0.016190 1 
663 0.014141 1 
664 0.025573 1 
665 0.016774 1 
666 0.022059 1 
667 0.015471 1 
668 0.021836 1 
669 0.022979 1 
670 0.020244 1 
671 0.017486 1 
672 0.017897 1 
673 0.016439 1 
674 0.018301 1 
675 0.024635 1 
676 0.015621 1 
677 0.015438 1 
678 0.021994 1 
679 0.019000 1 
680 0.019843 1 
681 0.018441 1 
682 0.017443 1 
683 0.020488 1 
684 0.020571 1 
685 0.015481 1 
686 0.016729 1 
687 0.015921 1 
688 0.014692 1 
689 0.014533 1 
690 0.017229 1 
691 0.014068 1 
692 0.018241 1 
693 0.013281 1 
694 0.013730 1 
695 0.015632 1 
696 0.011678 1 
697 0.028363 1 
698 0.012336 1 
699 0.017278 1 
700 0.015234 1 
701 0.010727 1 
702 0.016714 1 
703 0.018361 1 
704 0.011755 1 
705 0.017512 1 
706 0.012288 1 
707 0.011675 1 
708 0.016655 1 
709 0.020311 1 
710 0.018309 1 
711 0.018797 1 
712 0.016620 1 
713 0.018120 1 
714 0.024618 1 
715 0.014158 1 
716 0.017000 1 
717 0.019763 1 
718 0.024757 1 
719 0.015587 1 
720 0.014328 1 
721 0.015284 1 
722 0.012028 1 
723 0.009724 1 
724 0.018726 1 
725 0.019633 1 
726 0.019003 1 
727 0.013718 1 
728 0.018387 1 
729 0.012801 1 
730 0.019469 1 
731 0.017348 1 
732 0.007573 1 
733 0.020900 1 
734 0.012888 1 
735 0.008271 1 
736 0.012211 1 
737 0.015268 1 
738 0.013949 1 
739 0.021668 1 
740 0.019951 1 
741 0.017152 1 
742 0.014067 1 
743 0.013060 1 
744 0.012391 1 
745 0.012043 1 
746 0.020409 1 
747 0.011803 1 
748 0.010178 1 
749 0.010808 1 
750 0.016292 1 
751 0.029552 1 
752 0.015962 1 
753 0.017758 1 
754 0.019447 1 
755 0.016865 1 
756 0.014548 1 
757 0.013231 1 
758 0.022599 1 
759 0.022121 1 
760 0.013540 1 
761 0.023906 1 
762 0.014600 1 
763 0.020648 1 
764 0.012327 1 
765 0.025700 1 
766 0.014519 1 
767 0.012228 1 
768 0.012222 1 
769 0.011176 1 
770 0.017786 1 
771 0.026186 1 
772 0.024096 1 
773 0.017137 1 
774 0.016747 1 
775 0.007908 1 
776 0.015642 1 
777 0.017018 1 
778 0.019346 1 
779 0.021688 1 
780 0.013365 1 
781 0.013169 1 
782 0.008647 1 
783 0.013427 1 
784 0.021863 1 
785 0.011187 1 
786 0.020912 1 
787 0.011489 1 
788 0.012030 1 
789 0.010791 1 
790 0.019308 1 
791 0.014437 1 
792 0.012066 1 
793 0.018489 1 
794 0.016413 1 
795 0.013771 1 
796 0.019648 1 
797 0.016502 1 
798 0.024103 1 
799 0.013140 1 
800 0.015073 1 
801 0.012425 1 
802 0.017779 1 
803 0.012682 1 
804 0.013467 1 
805 0.021808 1 
806 0.016964 1 
807 0.015452 1 
808 0.011959 1 
809 0.023160 1 
810 0.015329 1 
811 0.025133 1 
812 0.011533 1 
813 0.013463 1 
814 0.017967 1 
815 0.024985 1 
816 0.010219 1 
817 0.021452 1 
818 0.015933 1 
819 0.015163 1 
820 0.014411 1 
821 0.021080 1 
822 0.020148 1 
823 0.030017 1 
824 0.026810 1 
825 0.021713 1 
826 0.025069 1 
827 0.022065 1 
828 0.015360 1 
829 0.018818 1 
830 0.016033 1 
831 0.017096 1 
832 0.023115 1 
833 0.026070 1 
834 0.019588 1 
835 0.013544 1 
836 0.019921 1 
837 0.016404 1 
838 0.018255 1 
839 0.024570 1 
840 0.022870 1 
841 0.014001 1 
842 0.015185 1 
843 0.014659 1 
844 0.014393 1 
845 0.018170 1 
846 0.021733 1 
847 0.012881 1 
848 0.024910 1 
849 0.018952 1 
850 0.014311 1 
851 0.014741 1 
852 0.018470 1 
853 0.019147 1 
854 0.010474 1 
855 0.015788 1 
856 0.008348 1 
857 0.015695 1 
858 0.012012 1 
859 0.012086 1 
860 0.007464 1 
861 0.018280 1 
862 0.010482 1 
863 0.010569 1 
864 0.014333 1 
865 0.015331 1 
866 0.012095 1 
867 0.012294 1 
868 0.011986 1 
869 0.012763 1 
870 0.011939 1 
871 0.010758 1 
872 0.018128 1 
873 0.013545 1 
874 0.013556 1 
875 0.010411 1 
876 0.011857 1 
877 0.012395 1 
878 0.013168 1 
879 0.013139 1 
880 0.016384 1 
881 0.013294 1 
882 0.013638 1 
883 0.021019 1 
884 0.012685 1 
885 0.014326 1 
886 0.020386 1 
887 0.013035 1 
888 0.020215 1 
889 0.013740 1 
890 0.014161 1 
891 0.015491 1 
892 0.018280 1 
893 0.014278 1 
894 0.011624 1 
895 0.011506 1 
896 0.022489 1 
897 0.018615 1 
898 0.019372 1 
899 0.019728 1 
900 0.015484 1 
901 0.016882 1 
902 0.030639 1 
903 0.020029 1 
904 0.028889 1 
905 0.012704 1 
906 0.017382 1 
907 0.012595 1 
908 0.027720 1 
909 0.023600 1 
910 0.020273 1 
911 0.015906 1 
912 0.016628 1 
913 0.015951 1 
914 0.015839 1 
915 0.017790 1 
916 0.026727 1 
917 0.029891 1 
918 0.022135 1 
919 0.015146 1 
920 0.023091 1 
921 0.023966 1 
922 0.014343 1 
923 0.017477 1 
924 0.013889 1 
925 0.014497 1 
926 0.023463 1 
927 0.027856 1 
928 0.021685 1 
929 0.017489 1 
930 0.012805 1 
931 0.020358 1 
932 0.012249 1 
933 0.018032 1 
934 0.017350 1 
935 0.026721 1 
936 0.016793 1 
937 0.015472 1 
938 0.015496 1 
939 0.035491 1 
940 0.027768 1 
941 0.024149 1 
942 0.033326 1 
943 0.031549 1 
944 0.015329 1 
945 0.034100 1 
946 0.017333 1 
947 0.027608 1 
948 0.020790 1 
949 0.017543 1 
950 0.015919 1 
951 0.016424 1 
952 0.017587 1 
953 0.015882 1 
954 0.025932 1 
955 0.019833 1 
956 0.016449 1 
957 0.015597 1 
958 0.021314 1 
959 0.011420 1 
960 0.012447 1 
961 0.017658 1 
962 0.012410 1 
963 0.017014 1 
964 0.026032 1 
965 0.017147 1 
966 0.024721 1 
967 0.013686 1 
968 0.019953 1 
969 0.019552 1 
970 0.008476 1 
971 0.010429 1 
972 0.010005 1 
973 0.015495 1 
974 0.010977 1 
975 0.011212 1 
976 0.008518 1 
977 0.022590 1 
978 0.013808 1 
979 0.011153 1 
980 0.017742 1 
981 0.009438 1 
982 0.011083 1 
983 0.012846 1 
984 0.023018 1 
985 0.015990 1 
986 0.020773 1 
987 0.015907 1 
988 0.014495 1 
989 0.015626 1 
990 0.016546 1 
991 0.013536 1 
992 0.010031 1 
993 0.010083 1 
994 0.013994 1 
995 0.014261 1 
996 0.019006 1 
997 0.016010 1 
998 0.025162 1 
999 0.017390 1 
1000 0.018631 1 
1001 0.031348 1 
1002 0.023433 1 
1003 0.012220 1 
1004 0.019657 1 
1005 0.018131 1 
1006 0.018558 1 
1007 0.017321 1 
1008 0.022490 1 
1009 0.014592 1 
1010 0.012550 1 
1011 0.022244 1 
1012 0.014022 1 
1013 0.020313 1 
1014 0.020564 1 
1015 0.015183 1 
1016 0.010341 1 
1017 0.012456 1 
1018 0.011529 1 
1019 0.011828 1 
1020 0.019443 1 
1021 0.019292 1 
1022 0.019238 1 
1023 0.019974 1 
1024 0.009482 1 
1025 0.014769 1 
1026 0.015958 1 
1027 0.020747 1 
1028 0.013919 1 
1029 0.017531 1 
1030 0.021747 1 
1031 0.015439 1 
1032 0.029319 1 
1033 0.013224 1 
1034 0.020429 1 
1035 0.024306 1 
1036 0.020199 1 
1037 0.015773 1 
1038 0.016817 1 
1039 0.019834 1 
1040 0.013659 1 
1041 0.026868 1 
1042 0.020178 1 
1043 0.022769 1 
1044 0.017799 1 
1045 0.015124 1 
1046 0.017542 1 
1047 0.012125 1 
1048 0.017113 1 
1049 0.016304 1 
1050 0.014614 1 
1051 0.015051 1 
1052 0.011242 1 
1053 0.014823 1 
1054 0.020962 1 
1055 0.012100 1 
1056 0.011809 1 
1057 0.026989 1 
1058 0.017034 1 
1059 0.018560 1 
1060 0.012661 1 
1061 0.017812 1 
1062 0.013474 1 
1063 0.010583 1 
1064 0.012531 1 
1065 0.021951 1 
1066 0.012130 1 
1067 0.020999 1 
1068 0.016546 1 
1069 0.037196 1 
1070 0.023244 1 
1071 0.019213 1 
1072 0.019096 1 
1073 0.016011 1 
1074 0.019644 1 
1075 0.017250 1 
1076 0.017759 1 
1077 0.024415 1 
1078 0.021075 1 
1079 0.028140 1 
1080 0.019532 1 
1081 0.016797 1 
1082 0.015394 1 
1083 0.017923 1 
1084 0.014123 1 
1085 0.026725 1 
1086 0.014313 1 
1087 0.013241 1 
1088 0.013029 1 
1089 0.009935 1 
1090 0.017143 1 
1091 0.012759 1 
1092 0.014979 1 
1093 0.012727 1 
1094 0.013625 1 
1095 0.011110 1 
1096 0.013285 1 
1097 0.009791 1 
1098 0.013790 1 
1099 0.010814 1 
1100 0.010546 1 
1101 0.009954 1 
1102 0.010260 1 
1103 0.012321 1 
1104 0.008861 1 
1105 0.011898 1 
1106 0.008423 1 
1107 0.012594 1 
1108 0.017397 1 
1109 0.014993 1 
1110 0.008578 1 
1111 0.019818 1 
1112 0.011843 1 
1113 0.012276 1 
1114 0.011725 1 
1115 0.020385 1 
1116 0.022238 1 
1117 0.017745 1 
1118 0.016463 1 
1119 0.018802 1 
1120 0.017339 1 
1121 0.024597 1 
1122 0.028172 1 
1123 0.020390 1 
1124 0.017866 1 
1125 0.023250 1 
1126 0.018271 1 
1127 0.018092 1 
1128 0.014592 1 
1129 0.025000 1 
1130 0.014023 1 
1131 0.017869 1 
1132 0.022248 1 
1133 0.013338 1 
1134 0.013659 1 
1135 0.012262 1 
1136 0.015166 1 
1137 0.014400 1 
1138 0.014227 1 
1139 0.014895 1 
1140 0.014710 1 
1141 0.010965 1 
1142 0.019733 1 
1143 0.017885 1 
1144 0.020597 1 
1145 0.020636 1 
1146 0.017150 1 
1147 0.015521 1 
1148 0.014307 1 
1149 0.017345 1 
1150 0.019210 1 
1151 0.014481 1 
1152 0.029177 1 
1153 0.018543 1 
1154 0.019463 1 
1155 0.018945 1 
1156 0.017465 1 
1157 0.018079 1 
1158 0.017275 1 
1159 0.017447 1 
1160 0.017214 1 
1161 0.012869 1 
1162 0.022415 1 
1163 0.015558 1 
1164 0.009419 1 
1165 0.009580 1 
1166 0.015167 1 
1167 0.014301 1 
1168 0.012675 1 
1169 0.013859 1 
1170 0.011326 1 
1171 0.020056 1 
1172 0.015405 1 
1173 0.024901 1 
1174 0.011437 1 
1175 0.010264 1 
1176 0.017847 1 
1177 0.014221 1 
1178 0.009569 1 
1179 0.021526 1 
1180 0.015465 1 
1181 0.008457 1 
1182 0.010959 1 
1183 0.010597 1 
1184 0.007835 1 
1185 0.011229 1 
1186 0.017084 1 
1187 0.007601 1 
1188 0.013336 1 
1189 0.025965 1 
1190 0.010175 1 
1191 0.018377 1 
1192 0.016521 1 
1193 0.020442 1 
1194 0.021735 1 
1195 0.031793 1 
1196 0.018466 1 
1197 0.017595 1 
1198 0.018532 1 
1199 0.016913 1 
1200 0.020037 1 
1201 0.021149 1 
1202 0.018414 1 
1203 0.016666 1 
1204 0.026656 1 
1205 0.015589 1 
1206 0.014708 1 
1207 0.017060 1 
1208 0.017529 1 
1209 0.016329 1 
1210 0.014209 1 
1211 0.024325 1 
1212 0.014160 1 
1213 0.023975 1 
1214 0.015302 1 
1215 0.019943 1 
1216 0.019681 1 
1217 0.023494 1 
1218 0.020628 1 
1219 0.009058 1 
1220 0.017131 1 
1221 0.007650 1 
1222 0.012251 1 
1223 0.014966 1 
1224 0.023373 1 
1225 0.015901 1 
1226 0.009065 1 
1227 0.010698 1 
1228 0.015443 1 
1229 0.021061 1 
1230 0.016024 1 
1231 0.015291 1 
1232 0.027682 1 
1233 0.019112 1 
1234 0.016600 1 
1235 0.027278 1 
1236 0.017633 1 
1237 0.013491 1 
1238 0.011177 1 
1239 0.050802 1 
1240 0.034799 1 
1241 0.018856 1 
1242 0.030039 1 
1243 0.024099 1 
1244 0.028945 1 
1245 0.015276 1 
1246 0.015698 1 
1247 0.027267 1 
1248 0.021359 1 
1249 0.025114 1 
1250 0.020387 1 
1251 0.023434 1 
1252 0.018724 1 
1253 0.016233 1 
1254 0.030012 1 
1255 0.025235 1 
1256 0.027213 1 
1257 0.022488 1 
1258 0.010904 1 
1259 0.012592 1 
1260 0.019663 1 
1261 0.030284 1 
1262 0.014149 1 
1263 0.017291 1 
1264 0.021552 1 
1265 0.014199 1 
1266 0.018692 1 
1267 0.017736 1 
1268 0.020986 1 
1269 0.015222 1 
1270 0.022731 1 
1271 0.016013 1 
1272 0.013065 1 
1273 0.021172 1 
1274 0.018300 1 
1275 0.021223 1 
1276 0.032855 1 
1277 0.023143 1 
1278 0.017919 1 
1279 0.020282 1 
1280 0.022396 1 
1281 0.022744 1 
1282 0.024901 1 
1283 0.018691 1 
1284 0.018183 1 
1285 0.021759 1 
1286 0.030396 1 
1287 0.013725 1 
1288 0.014750 1 
1289 0.013717 1 
1290 0.013372 1 
1291 0.011667 1 
1292 0.018098 1 
1293 0.010710 1 
1294 0.009589 1 
1295 0.016929 1 
1296 0.010629 1 
1297 0.020759 1 
1298 0.025804 1 
1299 0.019040 1 
1300 0.017379 1 
1301 0.023959 1 
1302 0.016055 1 
1303 0.014662 1 
1304 0.015585 1 
1305 0.018486 1 
1306 0.027906 1 
1307 0.021324 1 
1308 0.017622 1 
1309 0.027701 1 
1310 0.023175 1 
1311 0.015671 1 
1312 0.024184 1 
1313 0.015077 1 
1314 0.020001 1 
1315 0.023045 1 
1316 0.020935 1 
1317 0.019227 1 
1318 0.015684 1 
1319 0.015606 1 
1320 0.021411 1 
1321 0.017136 1 
1322 0.018007 1 
1323 0.022810 1 
1324 0.013232 1 
1325 0.013797 1 
1326 0.015300 1 
1327 0.013336 1 
1328 0.028493 1 
1329 0.018972 1 
1330 0.012451 1 
1331 0.015843 1 
1332 0.013200 1 
1333 0.014840 1 
1334 0.016639 1 
1335 0.019290 1 
1336 0.012495 1 
1337 0.013227 1 
1338 0.018150 1 
1339 0.018051 1 
1340 0.014234 1 
1341 0.021967 1 
1342 0.020094 1 
1343 0.012197 1 
1344 0.018319 1 
1345 0.016953 1 
1346 0.015396 1 
1347 0.018012 1 
1348 0.017466 1 
1349 0.019506 1 
1350 0.021309 1 
1351 0.025891 1 
1352 0.018679 1 
1353 0.020656 1 
1354 0.018020 1 
1355 0.018401 1 
1356 0.022942 1 
1357 0.023834 1 
1358 0.016882 1 
1359 0.018044 1 
1360 0.021411 1 
1361 0.013439 1 
1362 0.011801 1 
1363 0.012235 1 
1364 0.024246 1 
1365 0.011883 1 
1366 0.014279 1 
1367 0.011424 1 
1368 0.009635 1 
1369 0.014496 1 
1370 0.012628 1 
1371 0.014432 1 
1372 0.022252 1 
1373 0.031924 1 
1374 0.021249 1 
1375 0.015017 1 
1376 0.020118 1 
1377 0.012168 1 
1378 0.014893 1 
1379 0.011782 1 
1380 0.019256 1 
1381 0.017441 1 
1382 0.014475 1 
1383 0.019746 1 
1384 0.013833 1 
1385 0.018566 1 
1386 0.016060 1 
1387 0.016705 1 
1388 0.025245 1 
1389 0.015929 1 
1390 0.020223 1 
1391 0.019320 1 
1392 0.013431 1 
1393 0.011474 1 
1394 0.012064 1 
1395 0.010913 1 
1396 0.011656 1 
1397 0.023147 1 
1398 0.010294 1 
1399 0.013081 1 
1400 0.013831 1 
1401 0.014734 1 
1402 0.010605 1 
1403 0.011693 1 
1404 0.018737 1 
1405 0.010190 1 
1406 0.016368 1 
1407 0.012973 1 
1408 0.017434 1 
1409 0.009245 1 
1410 0.014081 1 
1411 0.021583 1 
1412 0.010525 1 
1413 0.010159 1 
1414 0.010054 1 
1415 0.008564 1 
1416 0.018504 1 
1417 0.009839 1 
1418 0.009058 1 
1419 0.009533 1 
1420 0.009754 1 
1421 0.018099 1 
1422 0.013052 1 
1423 0.019293 1 
1424 0.015628 1 
1425 0.018222 1 
1426 0.013665 1 
1427 0.012830 1 
1428 0.010873 1 
1429 0.017640 1 
1430 0.014848 1 
1431 0.015530 1 
1432 0.021507 1 
1433 0.017153 1 
1434 0.015147 1 
1435 0.015289 1 
1436 0.012494 1 
1437 0.016399 1 
1438 0.026540 1 
1439 0.016529 1 
1440 0.014618 1 
1441 0.021573 1 
1442 0.012527 1 
1443 0.011328 1 
1444 0.011115 1 
1445 0.013374 1 
1446 0.016085 1 
1447 0.019901 1 
1448 0.017006 1 
1449 0.013143 1 
1450 0.018716 1 
1451 0.016423 1 
1452 0.013325 1 
1453 0.012672 1 
1454 0.012592 1 
1455 0.019036 1 
1456 0.012201 1 
1457 0.023488 1 
1458 0.011835 1 
1459 0.015638 1 
1460 0.021973 1 
1461 0.012663 1 
1462 0.011744 1 
1463 0.013511 1 
1464 0.012683 1 
1465 0.013358 1 
1466 0.010089 1 
1467 0.019309 1 
1468 0.011341 1 
1469 0.009545 1 
1470 0.020720 1 
1471 0.012247 1 
1472 0.012257 1 
1473 0.016846 1 
1474 0.009252 1 
1475 0.010949 1 
1476 0.012256 1 
1477 0.013738 1 
1478 0.009564 1 
1479 0.015938 1 
1480 0.010701 1 
1481 0.039109 1 
1482 0.034514 1 
1483 0.018302 1 
1484 0.010307 1 
1485 0.025053 1 
1486 0.016109 1 
1487 0.014310 1 
1488 0.015426 1 
1489 0.017488 1 
1490 0.021058 1 
1491 0.023788 1 
1492 0.016762 1 
1493 0.017898 1 
1494 0.018738 1 
1495 0.017433 1 
1496 0.013742 1 
1497 0.013647 1 
1498 0.017638 1 
1499 0.017176 1 
1500 0.015882 1 
1501 0.020761 1 
1502 0.014845 1 
1503 0.015585 1 
1504 0.019907 1 
1505 0.015801 1 
1506 0.015301 1 
1507 0.017725 1 
1508 0.020842 1 
1509 0.011140 1 
1510 0.016212 1 
1511 0.013214 1 
1512 0.018349 1 
1513 0.021237 1 
1514 0.024545 1 
1515 0.019900 1 
1516 0.021682 1 
1517 0.021459 1 
1518 0.021456 1 
1519 0.013676 1 
1520 0.013280 1 
1521 0.020404 1 
1522 0.027229 1 
1523 0.017175 1 
1524 0.015679 1 
1525 0.017542 1 
1526 0.021758 1 
1527 0.015382 1 
1528 0.023631 1 
1529 0.019895 1 
1530 0.013553 1 
1531 0.031960 1 
1532 0.029806 1 
1533 0.023441 1 
1534 0.046110 1 
1535 0.029473 1 
1536 0.020856 1 
1537 0.015121 1 
1538 0.017373 1 
1539 0.020219 1 
1540 0.016273 1 
1541 0.018398 1 
1542 0.012369 1 
1543 0.011953 1 
1544 0.013292 1 
1545 0.018855 1 
1546 0.022544 1 
1547 0.019219 1 
1548 0.013130 1 
1549 0.018169 1 
1550 0.018891 1 
1551 0.019493 1 
1552 0.014827 1 
1553 0.024645 1 
1554 0.017407 1 
1555 0.027194 1 
1556 0.015154 1 
1557 0.025477 1 
1558 0.017000 1 
1559 0.015089 1 
1560 0.026169 1 
1561 0.021444 1 
1562 0.025961 1 
1563 0.018646 1 
1564 0.018716 1 
1565 0.031472 1 
1566 0.020193 1 
1567 0.018774 1 
1568 0.020891 1 
1569 0.026549 1 
1570 0.022282 1 
1571 0.023351 1 
1572 0.022090 1 
1573 0.014580 1 
1574 0.014593 1 
1575 0.015737 1 
1576 0.021218 1 
1577 0.014589 1 
1578 0.018072 1 
1579 0.015896 1 
1580 0.011903 1 
1581 0.019096 1 
1582 0.015265 1 
1583 0.017992 1 
1584 0.013690 1 
1585 0.015942 1 
1586 0.013191 1 
1587 0.013023 1 
1588 0.015897 1 
1589 0.014793 1 
1590 0.015364 1 
1591 0.015804 1 
1592 0.015810 1 
1593 0.016601 1 
1594 0.020706 1 
1595 0.020308 1 
1596 0.018317 1 
1597 0.021732 1 
1598 0.016650 1 
1599 0.013424 1 
1600 0.021957 1 
1601 0.022354 1 
1602 0.019849 1 
1603 0.017453 1 
1604 0.015911 1 
1605 0.023264 1 
1606 0.016933 1 
1607 0.017769 1 
1608 0.019174 1 
1609 0.013389 1 
1610 0.018276 1 
1611 0.013232 1 
1612 0.015300 1 
1613 0.022524 1 
1614 0.021916 1 
1615 0.015970 1 
1616 0.023508 1 
1617 0.013444 1 
1618 0.022978 1 
1619 0.021956 1 
1620 0.018508 1 
1621 0.017658 1 
1622 0.018192 1 
1623 0.017072 1 
1624 0.017723 1 
1625 0.015084 1 
1626 0.021681 1 
1627 0.013045 1 
1628 0.019033 1 
1629 0.013395 1 
1630 0.013128 1 
1631 0.016306 1 
1632 0.027098 1 
1633 0.015979 1 
1634 0.017771 1 
1635 0.009617 1 
1636 0.012489 1 
1637 0.012489 1 
1638 0.014904 1 
1639 0.011755 1 
1640 0.011239 1 
1641 0.019071 1 
1642 0.012766 1 
1643 0.010784 1 
1644 0.012114 1 
1645 0.018044 1 
1646 0.015409 1 
1647 0.012077 1 
1648 0.016927 1 
1649 0.011380 1 
1650 0.016611 1 
1651 0.015749 1 
1652 0.012511 1 
1653 0.014550 1 
1654 0.014791 1 
1655 0.013132 1 
1656 0.015647 1 
1657 0.015269 1 
1658 0.018769 1 
1659 0.011975 1 
1660 0.017738 1 
1661 0.013786 1 
1662 0.022399 1 
1663 0.021751 1 
1664 0.019115 1 
1665 0.022942 1 
1666 0.020333 1 
1667 0.009879 1 
1668 0.027442 1 
1669 0.024910 1 
1670 0.023348 1 
1671 0.012966 1 
1672 0.018029 1 
1673 0.015028 1 
1674 0.018885 1 
1675 0.017543 1 
1676 0.017340 1 
1677 0.015744 1 
1678 0.020487 1 
1679 0.014528 1 
1680 0.020208 1 
1681 0.019983 1 
1682 0.018993 1 
1683 0.019886 1 
1684 0.018542 1 
1685 0.018577 1 
1686 0.022921 1 
1687 0.019066 1 
1688 0.025246 1 
1689 0.018349 1 
1690 0.022908 1 
1691 0.026435 1 
1692 0.017734 1 
1693 0.012747 1 
1694 0.021229 1 
1695 0.020170 1 
1696 0.016984 1 
1697 0.015497 1 
1698 0.012855 1 
1699 0.009614 1 
1700 0.012604 1 
1701 0.014425 1 
1702 0.011334 1 
1703 0.018854 1 
1704 0.013223 1 
1705 0.010826 1 
1706 0.011915 1 
1707 0.017500 1 
1708 0.011877 1 
1709 0.010281 1 
1710 0.015217 1 
1711 0.009849 1 
1712 0.016112 1 
1713 0.022768 1 
1714 0.013126 1 
1715 0.009147 1 
1716 0.014788 1 
1717 0.016630 1 
1718 0.011023 1 
1719 0.013330 1 
1720 0.016288 1 
1721 0.014369 1 
1722 0.021838 1 
1723 0.016518 1 
1724 0.022209 1 
1725 0.016039 1 
1726 0.015776 1 
1727 0.019440 1 
1728 0.021695 1 
1729 0.015092 1 
1730 0.014276 1 
1731 0.026370 1 
1732 0.021968 1 
1733 0.021963 1 
1734 0.028762 1 
1735 0.016939 1 
1736 0.014766 1 
1737 0.022840 1 
1738 0.029269 1 
1739 0.020166 1 
1740 0.016611 1 
1741 0.023489 1 
1742 0.019713 1 
1743 0.013721 1 
1744 0.025817 1 
1745 0.016909 1 
1746 0.014841 1 
1747 0.018265 1 
1748 0.016193 1 
1749 0.015399 1 
1750 0.020097 1 
1751 0.018862 1 
1752 0.014248 1 
1753 0.018708 1 
1754 0.014879 1 
1755 0.017726 1 
1756 0.018279 1 
1757 0.025555 1 
1758 0.015558 1 
1759 0.017534 1 
1760 0.014758 1 
1761 0.017242 1 
1762 0.028881 1 
1763 0.020611 1 
1764 0.023149 1 
1765 0.020977 1 
1766 0.013667 1 
1767 0.017669 1 
1768 0.017534 1 
1769 0.016187 1 
1770 0.027569 1 
1771 0.014803 1 
1772 0.023902 1 
1773 0.017834 1 
1774 0.020452 1 
1775 0.022455 1 
1776 0.023404 1 
1777 0.015740 1 
1778 0.019705 1 
1779 0.016981 1 
1780 0.015754 1 
1781 0.014446 1 
1782 0.015242 1 
1783 0.016585 1 
1784 0.016939 1 
1785 0.019748 1 
1786 0.020315 1 
1787 0.019053 1 
1788 0.031029 1 
1789 0.041994 1 
1790 0.025766 1 
1791 0.055820 1 
1792 0.040083 1 
1793 0.039663 1 
1794 0.023688 1 
1795 0.025373 1 
1796 0.015401 1 
1797 0.024637 1 
1798 0.020427 1 
1799 0.024382 1 
1800 0.017909 1 
1801 0.020618 1 
1802 0.014833 1 
1803 0.018645 1 
1804 0.017025 1 
1805 0.015894 1 
1806 0.016307 1 
1807 0.024039 1 
1808 0.015648 1 
1809 0.019563 1 
1810 0.018226 1 
1811 0.013192 1 
1812 0.021828 1 
1813 0.024334 1 
1814 0.014007 1 
1815 0.020020 1 
1816 0.015288 1 
1817 0.014994 1 
1818 0.016842 1 
1819 0.021233 1 
1820 0.019948 1 
1821 0.011430 1 
1822 0.020383 1 
1823 0.012669 1 
