2024-09-03 16:32:26
../stream-replay/logs/rtt-6205@128.txt
1 0.316604 0 
2 0.346676 0 
4 0.313721 0 
5 0.297829 0 
6 0.281581 0 
7 0.265178 0 
8 0.247761 0 
9 0.235832 0 
10 0.219890 0 
11 0.203307 0 
12 0.244816 0 
13 0.228541 0 
14 0.212188 0 
15 0.195923 0 
16 0.179748 0 
17 0.163282 0 
18 0.147396 0 
19 0.130995 0 
20 0.114791 0 
21 0.098186 0 
22 0.081571 0 
23 0.065504 0 
24 0.062008 0 
25 0.045210 0 
26 0.028358 0 
27 0.012099 0 
28 0.080553 0 
29 0.062051 0 
31 0.065736 0 
32 0.048604 0 
33 0.107504 0 
34 0.091034 0 
35 0.074281 0 
36 0.057587 0 
37 0.156746 0 
38 0.140401 0 
47 0.032319 1 
48 0.015382 1 
49 0.005767 1 
50 0.005540 1 
40 0.180124 0 
41 0.162713 0 
42 0.146604 0 
43 0.127651 0 
45 0.095103 0 
47 0.060637 0 
53 0.004787 1 
48 0.094338 0 
54 0.007705 1 
49 0.114597 0 
55 0.046435 1 
56 0.030339 1 
57 0.014020 1 
58 0.008405 1 
59 0.007324 1 
60 0.010097 1 
61 0.005548 1 
50 0.202455 0 
53 0.152591 0 
62 0.005265 1 
63 0.004502 1 
64 0.004616 1 
66 0.014010 1 
54 0.215498 0 
55 0.199308 0 
56 0.183223 0 
57 0.187040 0 
58 0.169039 0 
59 0.152352 0 
68 0.007482 1 
60 0.155302 0 
61 0.138626 0 
69 0.006647 1 
70 0.001921 1 
62 0.149690 0 
63 0.132454 0 
64 0.115022 0 
66 0.081359 0 
71 0.012152 1 
72 0.011511 1 
73 0.011227 1 
74 0.006000 1 
68 0.141351 0 
69 0.125185 0 
76 0.010306 1 
77 0.007527 1 
78 0.014531 1 
79 0.005901 1 
70 0.161688 0 
80 0.007968 1 
71 0.163480 0 
72 0.145676 0 
73 0.128492 0 
74 0.110545 0 
76 0.077551 0 
81 0.004646 1 
82 0.005705 1 
77 0.096942 0 
78 0.080608 0 
79 0.064290 0 
80 0.047918 0 
81 0.030681 0 
82 0.013463 0 
83 0.010580 1 
84 0.006204 1 
85 0.006673 1 
86 0.005654 1 
83 0.061603 0 
87 0.004771 1 
84 0.074509 0 
85 0.054714 0 
86 0.037884 0 
87 0.021150 0 
88 0.005569 1 
89 0.005596 1 
90 0.011425 1 
92 0.006244 1 
93 0.004641 1 
94 0.005096 1 
88 0.114703 0 
89 0.098413 0 
90 0.082301 0 
95 0.006905 1 
96 0.005924 1 
97 0.007242 1 
98 0.025816 1 
99 0.017061 1 
100 0.005419 1 
92 0.146091 0 
101 0.004663 1 
103 0.007433 1 
105 0.008797 1 
106 0.005085 1 
107 0.004438 1 
93 0.246117 0 
94 0.229287 0 
95 0.212825 0 
96 0.196610 0 
108 0.004987 1 
109 0.007053 1 
110 0.007930 1 
97 0.237161 0 
98 0.220812 0 
99 0.204140 0 
111 0.006947 1 
113 0.005370 1 
114 0.004881 1 
115 0.008469 1 
116 0.006922 1 
118 0.008094 1 
100 0.312582 0 
101 0.296098 0 
103 0.262770 0 
105 0.230361 0 
106 0.214204 0 
107 0.195861 0 
108 0.180875 0 
109 0.164667 0 
110 0.147573 0 
111 0.131371 0 
113 0.098651 0 
114 0.082562 0 
115 0.065852 0 
120 0.006680 1 
116 0.087690 0 
121 0.008583 1 
118 0.060579 0 
122 0.008345 1 
120 0.051538 0 
121 0.034940 0 
124 0.009500 1 
125 0.007661 1 
124 0.031327 0 
126 0.006798 1 
128 0.005557 1 
125 0.060397 0 
126 0.043762 0 
129 0.005772 1 
130 0.005620 1 
131 0.005112 1 
128 0.061700 0 
129 0.044878 0 
130 0.028978 0 
132 0.005227 1 
131 0.031772 0 
132 0.014627 0 
133 0.006627 1 
134 0.011504 1 
135 0.006204 1 
136 0.006679 1 
137 0.007258 1 
138 0.007825 1 
139 0.005958 1 
133 0.106314 0 
134 0.089788 0 
135 0.073290 0 
136 0.057575 0 
140 0.009520 1 
141 0.005826 1 
142 0.004919 1 
143 0.006259 1 
144 0.008561 1 
145 0.006839 1 
137 0.139376 0 
138 0.122530 0 
139 0.106555 0 
140 0.090184 0 
147 0.009079 1 
141 0.122797 0 
142 0.106799 0 
143 0.090196 0 
144 0.064490 0 
145 0.057076 0 
148 0.007794 1 
149 0.007589 1 
150 0.006214 1 
151 0.008943 1 
147 0.078771 0 
148 0.063127 0 
149 0.046774 0 
150 0.030562 0 
152 0.006007 1 
151 0.033435 0 
152 0.016750 0 
153 0.012253 1 
153 0.036475 0 
155 0.008658 1 
156 0.005079 1 
155 0.036634 0 
156 0.020039 0 
157 0.006069 1 
158 0.004970 1 
159 0.004994 1 
160 0.006902 1 
161 0.008227 1 
162 0.004760 1 
163 0.007279 1 
164 0.010273 1 
165 0.010683 1 
166 0.004598 1 
157 0.160219 0 
158 0.143654 0 
159 0.127127 0 
160 0.110072 0 
161 0.094418 0 
162 0.077606 0 
163 0.079224 0 
164 0.062808 0 
165 0.046002 0 
166 0.029302 0 
168 0.006811 1 
169 0.006994 1 
170 0.007717 1 
168 0.047982 0 
171 0.005999 1 
172 0.006839 1 
169 0.070560 0 
170 0.053968 0 
173 0.004526 1 
174 0.005643 1 
171 0.060354 0 
172 0.043833 0 
173 0.026390 0 
174 0.020830 0 
176 0.011948 1 
177 0.006885 1 
177 0.022896 0 
178 0.009332 1 
178 0.012332 0 
179 0.008094 1 
179 0.035592 0 
181 0.005519 1 
182 0.016201 1 
183 0.005568 1 
184 0.004680 1 
186 0.007087 1 
187 0.007974 1 
181 0.116946 0 
182 0.100688 0 
183 0.084183 0 
184 0.067856 0 
186 0.035205 0 
187 0.017991 0 
188 0.005071 1 
189 0.006121 1 
190 0.007006 1 
191 0.009620 1 
193 0.007319 1 
194 0.009383 1 
195 0.008975 1 
188 0.132345 0 
189 0.118189 0 
190 0.101758 0 
191 0.085455 0 
193 0.052529 0 
196 0.009528 1 
197 0.008053 1 
198 0.006053 1 
194 0.079444 0 
195 0.069496 0 
199 0.006166 1 
200 0.006966 1 
201 0.010545 1 
196 0.110143 0 
197 0.093841 0 
198 0.076854 0 
199 0.060474 0 
200 0.044695 0 
203 0.009722 1 
201 0.054507 0 
203 0.022213 0 
204 0.007154 1 
205 0.006928 1 
206 0.005224 1 
207 0.008595 1 
208 0.004565 1 
204 0.075737 0 
205 0.059520 0 
206 0.042648 0 
207 0.025950 0 
209 0.008167 1 
208 0.034340 0 
210 0.004956 1 
211 0.006343 1 
210 0.024998 0 
212 0.004890 1 
213 0.004823 1 
211 0.042735 0 
214 0.005219 1 
215 0.004456 1 
216 0.006550 1 
212 0.078756 0 
213 0.062529 0 
214 0.046623 0 
215 0.029967 0 
216 0.014055 0 
217 0.005210 1 
218 0.007239 1 
217 0.036376 0 
219 0.008607 1 
220 0.011290 1 
218 0.044103 0 
219 0.029061 0 
221 0.007757 1 
222 0.005465 1 
223 0.004591 1 
221 0.049485 0 
222 0.033131 0 
223 0.015793 0 
224 0.005022 1 
225 0.013568 1 
224 0.030174 0 
226 0.005888 1 
227 0.005937 1 
225 0.045969 0 
226 0.028612 0 
228 0.004877 1 
227 0.037042 0 
228 0.020138 0 
230 0.006588 1 
231 0.005417 1 
232 0.006653 1 
233 0.004452 1 
234 0.006147 1 
235 0.009315 1 
236 0.005362 1 
230 0.110644 0 
231 0.094640 0 
232 0.078384 0 
233 0.061523 0 
234 0.044641 0 
235 0.028404 0 
236 0.011638 0 
237 0.006218 1 
239 0.008025 1 
237 0.046399 0 
239 0.013235 0 
240 0.008286 1 
240 0.060968 0 
241 0.044753 0 
242 0.028511 0 
244 0.005486 1 
246 0.009549 1 
247 0.008942 1 
248 0.010346 1 
249 0.014362 1 
244 0.108151 0 
246 0.074934 0 
252 0.008516 1 
253 0.005615 1 
247 0.108486 0 
254 0.045241 1 
248 0.148699 0 
249 0.132195 0 
252 0.083182 0 
255 0.037766 1 
256 0.021385 1 
257 0.008303 1 
258 0.006507 1 
253 0.097260 0 
254 0.081380 0 
255 0.064692 0 
256 0.048296 0 
257 0.029324 0 
259 0.006529 1 
258 0.030750 0 
260 0.006416 1 
259 0.066202 0 
260 0.049950 0 
261 0.034027 0 
262 0.017559 0 
261 0.034781 1 
262 0.023476 1 
263 0.034360 1 
265 0.020084 1 
267 0.008894 1 
263 0.085745 0 
265 0.052997 0 
267 0.019729 0 
268 0.005307 1 
269 0.010284 1 
270 0.007730 1 
268 0.044905 0 
269 0.028623 0 
270 0.012202 0 
271 0.009776 1 
272 0.005370 1 
271 0.037305 0 
272 0.021151 0 
273 0.005522 1 
273 0.034262 0 
275 0.008759 1 
276 0.016846 1 
275 0.034295 0 
277 0.007231 1 
278 0.008846 1 
279 0.007245 1 
276 0.064166 0 
277 0.047451 0 
280 0.009520 1 
281 0.005764 1 
279 0.047420 0 
280 0.031250 0 
281 0.014373 0 
282 0.006175 1 
282 0.021734 0 
283 0.008294 1 
284 0.008440 1 
285 0.014485 1 
283 0.051377 0 
284 0.034576 0 
286 0.011389 1 
287 0.009583 1 
288 0.009424 1 
286 0.051004 0 
289 0.006949 1 
291 0.016905 1 
292 0.014425 1 
287 0.100826 0 
288 0.084780 0 
289 0.068801 0 
291 0.036201 0 
292 0.018393 0 
293 0.011767 1 
294 0.010336 1 
295 0.010684 1 
296 0.011103 1 
297 0.011022 1 
298 0.011025 1 
299 0.005601 1 
300 0.008261 1 
302 0.007269 1 
294 0.142465 0 
295 0.126548 0 
296 0.109986 0 
297 0.091487 0 
298 0.076640 0 
299 0.059196 0 
304 0.006631 1 
302 0.041929 0 
305 0.007581 1 
306 0.014024 1 
307 0.006091 1 
308 0.009794 1 
304 0.077657 0 
305 0.060826 0 
306 0.044358 0 
307 0.027955 0 
309 0.011111 1 
310 0.006660 1 
310 0.012671 0 
312 0.010531 1 
313 0.005977 1 
312 0.040803 0 
313 0.024326 0 
314 0.008626 1 
315 0.007543 1 
317 0.010881 1 
314 0.062709 0 
315 0.046029 0 
319 0.008542 1 
320 0.005695 1 
317 0.066159 0 
321 0.008836 1 
323 0.007739 1 
324 0.017576 1 
325 0.010549 1 
321 0.087465 0 
323 0.055613 0 
324 0.039238 0 
327 0.008577 0 
327 0.010905 1 
328 0.007724 1 
329 0.004524 1 
330 0.009269 1 
329 0.030136 0 
330 0.013839 0 
331 0.010092 1 
332 0.008868 1 
331 0.036910 0 
332 0.020647 0 
333 0.007535 1 
334 0.006421 1 
335 0.007382 1 
336 0.006302 1 
335 0.028910 0 
336 0.012483 0 
337 0.015326 1 
338 0.006168 1 
339 0.005886 1 
340 0.008212 1 
337 0.071662 0 
338 0.055383 0 
339 0.038912 0 
340 0.022132 0 
341 0.010045 1 
342 0.009999 1 
343 0.014965 1 
344 0.006437 1 
346 0.010862 1 
347 0.005941 1 
348 0.005584 1 
349 0.006198 1 
350 0.008139 1 
342 0.144460 0 
343 0.127716 0 
346 0.078319 0 
347 0.061700 0 
348 0.045973 0 
349 0.029145 0 
350 0.023673 0 
351 0.012241 1 
352 0.007108 1 
354 0.006695 1 
355 0.005728 1 
356 0.019610 1 
357 0.006855 1 
358 0.007237 1 
351 0.133955 0 
352 0.117613 0 
354 0.085995 0 
359 0.017393 1 
360 0.011424 1 
355 0.096272 0 
356 0.079956 0 
357 0.063584 0 
358 0.047176 0 
359 0.029885 0 
361 0.008066 1 
362 0.009401 1 
362 0.021508 0 
363 0.017928 1 
364 0.007486 1 
365 0.008043 1 
363 0.055797 0 
364 0.038779 0 
365 0.022586 0 
367 0.009430 1 
368 0.013836 1 
369 0.008907 1 
370 0.011240 1 
367 0.065845 0 
371 0.015460 1 
372 0.011904 1 
373 0.016806 1 
375 0.007493 1 
376 0.006950 1 
369 0.135473 0 
370 0.118217 0 
371 0.101039 0 
372 0.084647 0 
373 0.067720 0 
375 0.034740 0 
376 0.018334 0 
377 0.008717 1 
378 0.008901 1 
380 0.010391 1 
381 0.009205 1 
382 0.006935 1 
383 0.006496 1 
385 0.015785 1 
386 0.015367 1 
387 0.013291 1 
378 0.174677 0 
380 0.141064 0 
381 0.125026 0 
382 0.107503 0 
383 0.090944 0 
385 0.056086 0 
386 0.042821 0 
387 0.024621 0 
388 0.013688 1 
389 0.010986 1 
390 0.012145 1 
388 0.056631 0 
389 0.039238 0 
392 0.013431 1 
393 0.023398 1 
394 0.017871 1 
392 0.055666 0 
395 0.008404 1 
396 0.007016 1 
397 0.006098 1 
398 0.009454 1 
399 0.020128 1 
394 0.110730 0 
395 0.093150 0 
396 0.077052 0 
397 0.060539 0 
398 0.043821 0 
400 0.010992 0 
400 0.011016 1 
402 0.011292 1 
403 0.008485 1 
402 0.036087 0 
404 0.015862 1 
405 0.012256 1 
406 0.014003 1 
404 0.058178 0 
405 0.041650 0 
406 0.025709 0 
407 0.008366 1 
408 0.005647 1 
409 0.006718 1 
410 0.012701 1 
411 0.007648 1 
412 0.009349 1 
407 0.098039 0 
408 0.091000 0 
409 0.075244 0 
410 0.058392 0 
411 0.041544 0 
412 0.024952 0 
413 0.008693 1 
414 0.009064 1 
413 0.028267 0 
414 0.028788 0 
415 0.009331 0 
415 0.012763 1 
416 0.014105 1 
417 0.006275 1 
416 0.042301 0 
417 0.025557 0 
418 0.013749 1 
419 0.007649 1 
420 0.007626 1 
418 0.044327 0 
419 0.027961 0 
420 0.011393 0 
421 0.007107 1 
422 0.011983 1 
423 0.007307 1 
424 0.008085 1 
423 0.028816 0 
425 0.006352 1 
424 0.040154 0 
425 0.023223 0 
426 0.010008 1 
427 0.006550 1 
426 0.044994 0 
427 0.027813 0 
429 0.010350 1 
430 0.010222 1 
429 0.040147 0 
430 0.024556 0 
431 0.008133 0 
431 0.013652 1 
432 0.013607 1 
433 0.006984 1 
434 0.016300 1 
435 0.006622 1 
433 0.041877 0 
434 0.025428 0 
435 0.008749 0 
436 0.005619 1 
436 0.049600 0 
438 0.025756 1 
439 0.009443 1 
438 0.031644 0 
439 0.015215 0 
440 0.005677 1 
443 0.006070 1 
445 0.014194 1 
446 0.018926 1 
447 0.032901 1 
448 0.018243 1 
440 0.161209 0 
441 0.145808 0 
443 0.113263 0 
445 0.118878 0 
446 0.098519 0 
447 0.082741 0 
448 0.068342 0 
451 0.018424 0 
451 0.019862 1 
452 0.013049 1 
453 0.021522 1 
454 0.033583 1 
455 0.016781 1 
452 0.075425 0 
453 0.059180 0 
456 0.011419 1 
456 0.014890 0 
457 0.007250 1 
458 0.009032 1 
459 0.010552 1 
460 0.006440 1 
457 0.071364 0 
458 0.054631 0 
459 0.038320 0 
461 0.012980 1 
462 0.013274 1 
460 0.068184 0 
461 0.051829 0 
462 0.035638 0 
464 0.008309 1 
464 0.035282 0 
466 0.029078 1 
467 0.013417 1 
466 0.032276 0 
467 0.016594 0 
468 0.012004 0 
468 0.013170 1 
469 0.007300 1 
470 0.006344 1 
469 0.027980 0 
470 0.011590 0 
471 0.004174 0 
471 0.018500 1 
472 0.015226 1 
474 0.013964 1 
474 0.023952 0 
475 0.007452 0 
475 0.019513 1 
476 0.017354 1 
477 0.014826 1 
478 0.007846 1 
476 0.046470 0 
479 0.009133 1 
480 0.011237 1 
481 0.007165 1 
477 0.077233 0 
478 0.060673 0 
479 0.043855 0 
480 0.027661 0 
481 0.011214 0 
482 0.011187 1 
483 0.019033 0 
483 0.019553 1 
484 0.011351 1 
485 0.017982 1 
484 0.036120 0 
485 0.019625 0 
486 0.012561 1 
487 0.012191 1 
488 0.011081 1 
486 0.051062 0 
487 0.034666 0 
490 0.050004 1 
491 0.034488 1 
492 0.018051 1 
493 0.024374 1 
494 0.009526 1 
495 0.009419 1 
490 0.105760 0 
491 0.089507 0 
492 0.072983 0 
494 0.039963 0 
495 0.023323 0 
496 0.017596 1 
496 0.019195 0 
497 0.003483 0 
497 0.010186 1 
498 0.008796 1 
498 0.013620 0 
499 0.011509 1 
499 0.043635 0 
501 0.013127 1 
501 0.031090 0 
503 0.008286 1 
503 0.023536 0 
504 0.006698 0 
504 0.011670 1 
505 0.006316 1 
505 0.016977 0 
506 0.021639 0 
507 0.028911 0 
508 0.012540 0 
506 0.057318 1 
507 0.041233 1 
508 0.031231 1 
509 0.012618 1 
509 0.037264 0 
511 0.012387 1 
512 0.009692 1 
513 0.008087 1 
511 0.063078 0 
513 0.029901 0 
514 0.013336 0 
514 0.013361 1 
516 0.006697 0 
516 0.013529 1 
518 0.008372 0 
518 0.010722 1 
519 0.009050 0 
519 0.014579 1 
520 0.005444 0 
520 0.023132 1 
522 0.014400 1 
523 0.028359 1 
524 0.024980 1 
526 0.007667 1 
527 0.012614 1 
528 0.015566 1 
529 0.011255 1 
530 0.007678 1 
531 0.010882 1 
532 0.021355 1 
533 0.009966 1 
534 0.017286 1 
535 0.008821 1 
536 0.009153 1 
537 0.007821 1 
538 0.012591 1 
539 0.017623 1 
540 0.016121 1 
541 0.009797 1 
542 0.008939 1 
543 0.009081 1 
545 0.014153 1 
546 0.014322 1 
547 0.012811 1 
548 0.015838 1 
549 0.015313 1 
550 0.012824 1 
551 0.017906 1 
553 0.017458 1 
554 0.008420 1 
555 0.009020 1 
556 0.011333 1 
557 0.027330 1 
558 0.024802 1 
559 0.019775 1 
560 0.006979 1 
561 0.013057 1 
562 0.010189 1 
563 0.006912 1 
564 0.006539 1 
566 0.009997 1 
567 0.017142 1 
568 0.011910 1 
569 0.011950 1 
570 0.014278 1 
571 0.006504 1 
572 0.008078 1 
574 0.006823 1 
575 0.007998 1 
576 0.021546 1 
577 0.025913 1 
579 0.008280 1 
580 0.006219 1 
581 0.007377 1 
582 0.006380 1 
584 0.011705 1 
585 0.023345 1 
586 0.016605 1 
587 0.012556 1 
588 0.009058 1 
589 0.009634 1 
591 0.015354 1 
592 0.061430 1 
593 0.044949 1 
594 0.028324 1 
595 0.011470 1 
596 0.011948 1 
597 0.015414 1 
598 0.013498 1 
599 0.010900 1 
601 0.018163 1 
602 0.021629 1 
603 0.010323 1 
604 0.015554 1 
605 0.012032 1 
606 0.012200 1 
607 0.011503 1 
608 0.020646 1 
609 0.028059 1 
610 0.019243 1 
611 0.009658 1 
612 0.013920 1 
613 0.014606 1 
614 0.014930 1 
615 0.015729 1 
616 0.011265 1 
617 0.009597 1 
618 0.014670 1 
619 0.023287 1 
620 0.011865 1 
621 0.013164 1 
622 0.013690 1 
623 0.005776 1 
624 0.008298 1 
625 0.008967 1 
626 0.011056 1 
628 0.035656 1 
629 0.020769 1 
630 0.018092 1 
631 0.016958 1 
632 0.009691 1 
633 0.010423 1 
634 0.009037 1 
635 0.011524 1 
637 0.025408 1 
638 0.022883 1 
639 0.006974 1 
640 0.005947 1 
642 0.004353 1 
644 0.011557 1 
645 0.020700 1 
646 0.036015 1 
647 0.028402 1 
650 0.018332 1 
651 0.010692 1 
652 0.046081 1 
653 0.045238 1 
654 0.028734 1 
655 0.026209 1 
656 0.011709 1 
657 0.013139 1 
658 0.010232 1 
659 0.008657 1 
660 0.006913 1 
661 0.018492 1 
663 0.047251 1 
665 0.016319 1 
666 0.006287 1 
667 0.021004 1 
668 0.021930 1 
669 0.014871 1 
670 0.006603 1 
671 0.007256 1 
673 0.015728 1 
674 0.026130 1 
675 0.020084 1 
676 0.012844 1 
677 0.013910 1 
678 0.008511 1 
679 0.008100 1 
680 0.014923 1 
681 0.011896 1 
682 0.011943 1 
683 0.015378 1 
684 0.013537 1 
685 0.012157 1 
686 0.017406 1 
687 0.009830 1 
689 0.028110 1 
690 0.028229 1 
691 0.031927 1 
692 0.015924 1 
693 0.027777 1 
694 0.016497 1 
695 0.007386 1 
696 0.013777 1 
697 0.007307 1 
698 0.016135 1 
700 0.027533 1 
702 0.006284 1 
703 0.009170 1 
704 0.011607 1 
705 0.007092 1 
706 0.006797 1 
707 0.019582 1 
708 0.016549 1 
710 0.029639 1 
711 0.018650 1 
712 0.010646 1 
713 0.010363 1 
715 0.028590 1 
717 0.035991 1 
718 0.020078 1 
719 0.014703 1 
721 0.013291 1 
722 0.022290 1 
723 0.023970 1 
725 0.014702 1 
726 0.015365 1 
727 0.010422 1 
728 0.012144 1 
729 0.006756 1 
730 0.017893 1 
731 0.011216 1 
732 0.011801 1 
733 0.009969 1 
734 0.010316 1 
735 0.007042 1 
736 0.020747 1 
737 0.009357 1 
738 0.016635 1 
739 0.008691 1 
740 0.019359 1 
741 0.011845 1 
742 0.017437 1 
744 0.018563 1 
745 0.012306 1 
746 0.009648 1 
747 0.009458 1 
748 0.019044 1 
749 0.022403 1 
750 0.012377 1 
752 0.010726 1 
753 0.010807 1 
754 0.008642 1 
755 0.013893 1 
756 0.010686 1 
757 0.014603 1 
758 0.009896 1 
759 0.009281 1 
760 0.013756 1 
761 0.018676 1 
762 0.013664 1 
763 0.006778 1 
765 0.012058 1 
766 0.014017 1 
767 0.034889 1 
768 0.019530 1 
769 0.016026 1 
770 0.011022 1 
771 0.010678 1 
773 0.015923 1 
774 0.012035 1 
775 0.019298 1 
776 0.015804 1 
778 0.010595 1 
779 0.006729 1 
780 0.008321 1 
781 0.007827 1 
783 0.015391 1 
784 0.031014 1 
785 0.022645 1 
786 0.012965 1 
787 0.017327 1 
788 0.007288 1 
790 0.025064 1 
791 0.014763 1 
792 0.026955 1 
793 0.013944 1 
794 0.007730 1 
795 0.008163 1 
796 0.014817 1 
797 0.014701 1 
798 0.013821 1 
800 0.020372 1 
801 0.012714 1 
802 0.024761 1 
803 0.008507 1 
804 0.008255 1 
805 0.009989 1 
806 0.008420 1 
807 0.013297 1 
808 0.014580 1 
809 0.010018 1 
810 0.012450 1 
811 0.008546 1 
812 0.014682 1 
813 0.011541 1 
814 0.020248 1 
815 0.012404 1 
816 0.009944 1 
817 0.013455 1 
818 0.019545 1 
819 0.017438 1 
820 0.014107 1 
821 0.012872 1 
822 0.009136 1 
823 0.022386 1 
824 0.014065 1 
825 0.015251 1 
827 0.010942 1 
828 0.030680 1 
829 0.028853 1 
830 0.027544 1 
831 0.012313 1 
832 0.010000 1 
833 0.008858 1 
834 0.007340 1 
836 0.028493 1 
837 0.017849 1 
838 0.011736 1 
839 0.007574 1 
841 0.005364 1 
843 0.026570 1 
844 0.076696 1 
845 0.060529 1 
846 0.060542 1 
849 0.020345 1 
850 0.009956 1 
851 0.054175 1 
852 0.037901 1 
853 0.034643 1 
854 0.029799 1 
855 0.013859 1 
856 0.017132 1 
857 0.022816 1 
858 0.009393 1 
859 0.008824 1 
860 0.025509 1 
862 0.007944 1 
864 0.011432 1 
865 0.029726 1 
866 0.013540 1 
867 0.016582 1 
868 0.011628 1 
869 0.017951 1 
870 0.009604 1 
872 0.041907 1 
873 0.046488 1 
874 0.030460 1 
875 0.031842 1 
876 0.024537 1 
877 0.023706 1 
878 0.018725 1 
879 0.018056 1 
880 0.008188 1 
881 0.024738 1 
882 0.015613 1 
883 0.007780 1 
884 0.009396 1 
885 0.014259 1 
886 0.007056 1 
888 0.045155 1 
889 0.027851 1 
890 0.035291 1 
891 0.019476 1 
892 0.016070 1 
893 0.009027 1 
894 0.007051 1 
895 0.014091 1 
896 0.010980 1 
897 0.020366 1 
899 0.028893 1 
901 0.008746 1 
902 0.010660 1 
903 0.011545 1 
904 0.014151 1 
905 0.011146 1 
906 0.015836 1 
907 0.010267 1 
909 0.023606 1 
910 0.020658 1 
911 0.014106 1 
912 0.013360 1 
914 0.025701 1 
916 0.028307 1 
917 0.020826 1 
918 0.023944 1 
920 0.011872 1 
921 0.022286 1 
922 0.016018 1 
924 0.009772 1 
925 0.011292 1 
926 0.015893 1 
927 0.008593 1 
928 0.033102 1 
929 0.016999 1 
930 0.031076 1 
931 0.015320 1 
932 0.018773 1 
933 0.016143 1 
934 0.018044 1 
935 0.020868 1 
936 0.006027 1 
937 0.008843 1 
938 0.014769 1 
939 0.015040 1 
940 0.011379 1 
941 0.013836 1 
943 0.026413 1 
944 0.014074 1 
945 0.009771 1 
946 0.009908 1 
947 0.015096 1 
948 0.013316 1 
949 0.009792 1 
951 0.009122 1 
952 0.008368 1 
953 0.010209 1 
954 0.008782 1 
955 0.010919 1 
956 0.021675 1 
957 0.002908 1 
958 0.014659 1 
959 0.007818 1 
960 0.034681 1 
961 0.029581 1 
962 0.012593 1 
964 0.029171 1 
965 0.012710 1 
966 0.012270 1 
967 0.039828 1 
968 0.028264 1 
969 0.016717 1 
970 0.025007 1 
972 0.027354 1 
973 0.026996 1 
974 0.015983 1 
975 0.031950 1 
977 0.023061 1 
978 0.015670 1 
979 0.012093 1 
980 0.014702 1 
982 0.014055 1 
983 0.032446 1 
984 0.022880 1 
985 0.012826 1 
986 0.010458 1 
987 0.009386 1 
989 0.027697 1 
990 0.017465 1 
991 0.026960 1 
992 0.013971 1 
993 0.008064 1 
994 0.016465 1 
995 0.018152 1 
996 0.016151 1 
997 0.015970 1 
999 0.014929 1 
1000 0.008763 1 
1001 0.015526 1 
1002 0.016101 1 
1003 0.012306 1 
1004 0.009224 1 
1005 0.008166 1 
1006 0.012857 1 
1007 0.036207 1 
1008 0.028208 1 
1009 0.018236 1 
1010 0.010105 1 
1011 0.014271 1 
1012 0.011069 1 
1013 0.008577 1 
1014 0.043040 1 
1015 0.027090 1 
1016 0.014319 1 
1017 0.011262 1 
1018 0.014968 1 
1019 0.013654 1 
1020 0.023606 1 
1021 0.010089 1 
1022 0.007878 1 
1023 0.006775 1 
1024 0.010582 1 
1026 0.029494 1 
1027 0.022900 1 
1028 0.016510 1 
1029 0.023862 1 
1030 0.007958 1 
1031 0.010516 1 
1032 0.021950 1 
1033 0.014021 1 
1035 0.039860 1 
1036 0.022997 1 
1037 0.009174 1 
1038 0.014210 1 
1040 0.011122 1 
1042 0.040601 1 
1043 0.031105 1 
1044 0.037687 1 
1045 0.027080 1 
1048 0.052857 1 
1049 0.036452 1 
1050 0.050041 1 
1051 0.033871 1 
1052 0.017564 1 
1053 0.033306 1 
1054 0.019913 1 
1055 0.018455 1 
1056 0.014323 1 
1057 0.015726 1 
1058 0.012241 1 
1059 0.010845 1 
1061 0.019024 1 
1063 0.029905 1 
1064 0.013622 1 
1065 0.009787 1 
1066 0.008290 1 
1067 0.010039 1 
1068 0.011287 1 
1069 0.019688 1 
1071 0.014959 1 
1072 0.010549 1 
1073 0.018581 1 
1074 0.046016 1 
1075 0.029695 1 
1076 0.022375 1 
1077 0.007708 1 
1078 0.006506 1 
1079 0.014579 1 
1080 0.010767 1 
1081 0.007790 1 
1082 0.013762 1 
1083 0.011035 1 
1084 0.014615 1 
1085 0.010733 1 
1087 0.027289 1 
1088 0.040751 1 
1089 0.029021 1 
1090 0.024536 1 
1091 0.011811 1 
1092 0.008406 1 
1093 0.008910 1 
1094 0.006498 1 
1095 0.007883 1 
1096 0.018872 1 
1098 0.014439 1 
1100 0.009014 1 
1101 0.025313 1 
1102 0.011600 1 
1103 0.005966 1 
1104 0.007568 1 
1105 0.013977 1 
1106 0.012204 1 
1108 0.028047 1 
1109 0.015464 1 
1110 0.007056 1 
1111 0.009370 1 
1113 0.019481 1 
1115 0.028667 1 
1116 0.018247 1 
1117 0.014854 1 
1119 0.011673 1 
1120 0.017545 1 
1121 0.025667 1 
1123 0.017428 1 
1124 0.011232 1 
1125 0.017032 1 
1126 0.012854 1 
1127 0.012975 1 
1128 0.012030 1 
1129 0.012460 1 
1130 0.012590 1 
1131 0.009988 1 
1132 0.016245 1 
1133 0.012352 1 
1134 0.007025 1 
1135 0.010804 1 
1136 0.011497 1 
1137 0.011542 1 
1138 0.024369 1 
1139 0.018912 1 
1140 0.013351 1 
1142 0.013793 1 
1143 0.024178 1 
1144 0.019555 1 
1145 0.015997 1 
1146 0.008688 1 
1147 0.018574 1 
1148 0.011862 1 
1150 0.006291 1 
1151 0.007164 1 
1152 0.008880 1 
1153 0.008347 1 
1154 0.015187 1 
1155 0.020638 1 
1156 0.018631 1 
1157 0.015273 1 
1158 0.015084 1 
1159 0.014251 1 
1160 0.012537 1 
1161 0.008997 1 
1163 0.020074 1 
1164 0.026049 1 
1165 0.013968 1 
1166 0.012146 1 
1167 0.009050 1 
1168 0.011807 1 
1169 0.018467 1 
1171 0.006830 1 
1172 0.018805 1 
1173 0.012231 1 
1174 0.019794 1 
1176 0.014028 1 
1177 0.014330 1 
1178 0.007911 1 
1179 0.007508 1 
1181 0.008508 1 
1182 0.022136 1 
1183 0.014478 1 
1184 0.017940 1 
1185 0.011876 1 
1186 0.009450 1 
1188 0.011583 1 
1189 0.012049 1 
1190 0.016219 1 
1191 0.013920 1 
1192 0.010144 1 
1193 0.010791 1 
1194 0.022403 1 
1195 0.013532 1 
1196 0.011242 1 
1198 0.013053 1 
1199 0.009894 1 
1200 0.009818 1 
1201 0.009475 1 
1202 0.007974 1 
1203 0.010961 1 
1204 0.012625 1 
1205 0.013304 1 
1206 0.018824 1 
1207 0.014424 1 
1208 0.011938 1 
1209 0.008990 1 
1210 0.016490 1 
1211 0.011421 1 
1212 0.033044 1 
1213 0.018857 1 
1214 0.012604 1 
1215 0.007888 1 
1216 0.016527 1 
1217 0.006316 1 
1218 0.007685 1 
1219 0.018134 1 
1220 0.013532 1 
1221 0.013273 1 
1222 0.010250 1 
1223 0.012025 1 
1225 0.017663 1 
1226 0.014511 1 
1227 0.013888 1 
1228 0.016515 1 
1229 0.010732 1 
1230 0.006817 1 
1231 0.017198 1 
1232 0.010726 1 
1234 0.038090 1 
1235 0.023159 1 
1236 0.025346 1 
1237 0.016312 1 
1239 0.009308 1 
1241 0.014812 1 
1242 0.045514 1 
1244 0.039779 1 
1247 0.008260 1 
1248 0.016062 1 
1249 0.055373 1 
1250 0.039461 1 
1251 0.022698 1 
1252 0.022012 1 
1253 0.013136 1 
1254 0.017648 1 
1255 0.009067 1 
1256 0.013979 1 
1257 0.007220 1 
1258 0.007130 1 
1260 0.008679 1 
1262 0.016131 1 
1263 0.009780 1 
1264 0.011236 1 
1265 0.011014 1 
1266 0.015981 1 
1267 0.034181 1 
1268 0.017873 1 
1270 0.012500 1 
1271 0.012160 1 
1272 0.020799 1 
1273 0.006821 1 
1274 0.015503 1 
1275 0.034153 1 
1276 0.017815 1 
1277 0.018894 1 
1278 0.014277 1 
1279 0.016675 1 
1280 0.012453 1 
1281 0.014634 1 
1282 0.023556 1 
1283 0.012093 1 
1284 0.025123 1 
1286 0.026011 1 
1287 0.053201 1 
1288 0.036137 1 
1289 0.020909 1 
1290 0.015760 1 
1291 0.015702 1 
1292 0.022042 1 
1293 0.015618 1 
1294 0.011085 1 
1295 0.021036 1 
1297 0.019384 1 
1299 0.011384 1 
1300 0.011070 1 
1301 0.008211 1 
1302 0.009824 1 
1303 0.009493 1 
1304 0.024204 1 
1305 0.020980 1 
1307 0.009194 1 
1308 0.009682 1 
1309 0.007659 1 
1310 0.010927 1 
1312 0.022179 1 
1314 0.022022 1 
1315 0.012587 1 
1316 0.013117 1 
1318 0.008599 1 
1319 0.029286 1 
1320 0.035023 1 
1322 0.010049 1 
1323 0.017650 1 
1324 0.009472 1 
1325 0.008044 1 
1326 0.016093 1 
1327 0.022040 1 
1328 0.025073 1 
1329 0.022587 1 
1330 0.019146 1 
1331 0.010160 1 
1332 0.006674 1 
1333 0.011605 1 
1334 0.010058 1 
1335 0.007235 1 
1336 0.013646 1 
1337 0.017135 1 
1338 0.010307 1 
1339 0.011246 1 
1341 0.014224 1 
1342 0.017838 1 
1343 0.012182 1 
1344 0.008476 1 
1345 0.022471 1 
1346 0.012073 1 
1347 0.017528 1 
1349 0.010123 1 
1350 0.010113 1 
1351 0.024151 1 
1352 0.018440 1 
1353 0.014735 1 
1354 0.020799 1 
1355 0.023339 1 
1356 0.011209 1 
1357 0.008233 1 
1358 0.011144 1 
1359 0.008291 1 
1360 0.014927 1 
1362 0.014688 1 
1363 0.011571 1 
1364 0.014243 1 
1365 0.025070 1 
1366 0.016264 1 
1367 0.016456 1 
1368 0.011451 1 
1370 0.014338 1 
1371 0.011642 1 
1372 0.014306 1 
1373 0.016760 1 
1375 0.010514 1 
1376 0.015489 1 
1377 0.013418 1 
1378 0.014054 1 
1380 0.012465 1 
1381 0.017372 1 
1382 0.015254 1 
1383 0.012383 1 
1384 0.011009 1 
1385 0.011338 1 
1387 0.015989 1 
1388 0.013516 1 
1389 0.016573 1 
1390 0.008534 1 
1391 0.012069 1 
1392 0.005803 1 
1393 0.018682 1 
1394 0.009738 1 
1395 0.010524 1 
1397 0.015517 1 
1398 0.011233 1 
1399 0.015336 1 
1400 0.009805 1 
1401 0.007911 1 
1402 0.007561 1 
1403 0.011130 1 
1404 0.012257 1 
1405 0.024891 1 
1406 0.020218 1 
1407 0.010273 1 
1408 0.009211 1 
1409 0.012091 1 
1410 0.012370 1 
1411 0.011104 1 
1412 0.014962 1 
1413 0.015833 1 
1414 0.018134 1 
1415 0.010549 1 
1416 0.014721 1 
1417 0.017028 1 
1418 0.020513 1 
1419 0.011254 1 
1420 0.007960 1 
1421 0.022019 1 
1422 0.014959 1 
1424 0.011273 1 
1425 0.057031 1 
1426 0.040552 1 
1427 0.024489 1 
1428 0.021272 1 
1429 0.016570 1 
1430 0.010689 1 
1431 0.016185 1 
1433 0.021325 1 
1434 0.011390 1 
1435 0.012965 1 
1436 0.008553 1 
1438 0.007784 1 
1440 0.018241 1 
1441 0.040258 1 
1442 0.036784 1 
1443 0.025711 1 
1446 0.013057 1 
1447 0.016478 1 
1448 0.046718 1 
1449 0.030157 1 
1450 0.019229 1 
1451 0.014655 1 
1452 0.009337 1 
1453 0.013892 1 
1454 0.015319 1 
1455 0.011551 1 
1456 0.012205 1 
1457 0.010088 1 
1459 0.023087 1 
1461 0.019396 1 
1462 0.023352 1 
1463 0.013622 1 
1464 0.011259 1 
1465 0.020320 1 
1466 0.014892 1 
1467 0.011121 1 
1469 0.036228 1 
1470 0.026849 1 
1471 0.028421 1 
1472 0.021520 1 
1473 0.014359 1 
1474 0.008021 1 
1475 0.020580 1 
1476 0.037448 1 
1477 0.028691 1 
1478 0.017264 1 
1479 0.010672 1 
1480 0.009550 1 
1481 0.014080 1 
1482 0.013907 1 
1483 0.017847 1 
1485 0.044446 1 
1486 0.028089 1 
1487 0.024328 1 
1488 0.024251 1 
1489 0.013518 1 
1490 0.015074 1 
1491 0.008034 1 
1492 0.014081 1 
1493 0.010406 1 
1494 0.016729 1 
1496 0.011878 1 
1498 0.009682 1 
1499 0.008483 1 
1500 0.009217 1 
1501 0.011919 1 
1502 0.013189 1 
1503 0.015880 1 
1504 0.009637 1 
1506 0.014205 1 
1507 0.016637 1 
1508 0.015216 1 
1509 0.018111 1 
1511 0.031815 1 
1513 0.016771 1 
1514 0.011071 1 
1515 0.017080 1 
1517 0.014812 1 
1518 0.017253 1 
1519 0.013660 1 
1521 0.024768 1 
1522 0.017119 1 
1523 0.015124 1 
1524 0.007839 1 
1525 0.010459 1 
1526 0.012717 1 
1527 0.027567 1 
1528 0.035992 1 
1529 0.029605 1 
1530 0.013333 1 
1531 0.013311 1 
1532 0.010716 1 
1533 0.007215 1 
1534 0.018232 1 
1535 0.013624 1 
1536 0.012439 1 
1537 0.017076 1 
1538 0.015436 1 
1540 0.014206 1 
1541 0.014956 1 
1542 0.016247 1 
1543 0.023800 1 
1544 0.012518 1 
1545 0.012627 1 
1546 0.020506 1 
1548 0.011338 1 
1549 0.011081 1 
1550 0.011235 1 
1551 0.010416 1 
1552 0.007746 1 
1553 0.009665 1 
1554 0.018108 1 
1555 0.008285 1 
1556 0.011573 1 
1557 0.009561 1 
1558 0.008226 1 
1559 0.013328 1 
1561 0.018490 1 
1562 0.031114 1 
1563 0.024119 1 
1564 0.017797 1 
1565 0.015146 1 
1566 0.015003 1 
1567 0.010025 1 
1569 0.007161 1 
1570 0.013124 1 
1571 0.034589 1 
1572 0.033069 1 
1574 0.010758 1 
1575 0.008559 1 
1576 0.010362 1 
1577 0.010311 1 
1579 0.039581 1 
1580 0.023209 1 
1581 0.008177 1 
1582 0.012223 1 
1583 0.010566 1 
1584 0.010304 1 
1586 0.007898 1 
1587 0.014204 1 
1588 0.021209 1 
1589 0.014086 1 
1590 0.015073 1 
1591 0.015293 1 
1592 0.008743 1 
1593 0.007778 1 
1594 0.023985 1 
1596 0.019435 1 
1597 0.007874 1 
1598 0.013703 1 
1599 0.013748 1 
1600 0.013927 1 
1601 0.011039 1 
1602 0.016688 1 
1603 0.012741 1 
1604 0.017668 1 
1605 0.010549 1 
1606 0.018919 1 
1607 0.017471 1 
1608 0.022756 1 
1609 0.015249 1 
1610 0.010545 1 
1611 0.009589 1 
1612 0.011957 1 
1613 0.015294 1 
1614 0.011362 1 
1615 0.020042 1 
1616 0.019011 1 
1617 0.009091 1 
1618 0.013899 1 
1619 0.008225 1 
1620 0.010888 1 
1621 0.015640 1 
1623 0.017122 1 
1624 0.018838 1 
1625 0.013949 1 
1626 0.013000 1 
1627 0.016398 1 
1628 0.013001 1 
1629 0.010657 1 
1630 0.010253 1 
1632 0.040302 1 
1633 0.023805 1 
1634 0.008166 1 
1635 0.017246 1 
1637 0.006636 1 
1639 0.022245 1 
1640 0.029987 1 
1641 0.040522 1 
1642 0.024183 1 
1645 0.022443 1 
1646 0.010907 1 
1647 0.054079 1 
1648 0.038207 1 
1649 0.021555 1 
1650 0.009637 1 
1651 0.031242 1 
1652 0.016793 1 
1653 0.017506 1 
1654 0.012084 1 
1655 0.009500 1 
1656 0.012284 1 
1658 0.013192 1 
1660 0.017512 1 
1661 0.012753 1 
1662 0.010058 1 
1663 0.006050 1 
1664 0.015923 1 
1665 0.007268 1 
1666 0.009917 1 
1668 0.010448 1 
1669 0.041557 1 
1670 0.025278 1 
1671 0.015146 1 
1672 0.016555 1 
1673 0.011942 1 
1674 0.007570 1 
1675 0.007636 1 
1676 0.019910 1 
1677 0.036525 1 
1678 0.044203 1 
1679 0.026996 1 
1680 0.019000 1 
1681 0.010651 1 
1682 0.006135 1 
1684 0.018303 1 
1685 0.025463 1 
1686 0.013045 1 
1687 0.035604 1 
1688 0.029097 1 
1689 0.022690 1 
1690 0.015623 1 
1691 0.008384 1 
1692 0.007658 1 
1693 0.010803 1 
1695 0.019328 1 
1697 0.011687 1 
1698 0.020811 1 
1699 0.014973 1 
1700 0.014036 1 
1701 0.012742 1 
1702 0.024451 1 
1703 0.011686 1 
1705 0.010736 1 
1706 0.006823 1 
1707 0.019395 1 
1708 0.016473 1 
1710 0.016551 1 
1712 0.021007 1 
1713 0.009758 1 
1714 0.011346 1 
1716 0.018433 1 
1717 0.033746 1 
1718 0.017273 1 
1720 0.020461 1 
1721 0.008524 1 
1722 0.015874 1 
1723 0.024251 1 
1724 0.011195 1 
1725 0.019154 1 
1726 0.019449 1 
1727 0.018690 1 
1728 0.008979 1 
1729 0.017438 1 
1730 0.010807 1 
1731 0.031327 1 
1732 0.032805 1 
1733 0.021750 1 
1734 0.020551 1 
1735 0.023354 1 
1736 0.020385 1 
1737 0.014859 1 
1739 0.014493 1 
1740 0.014337 1 
1741 0.012077 1 
1742 0.009556 1 
1743 0.010611 1 
1744 0.024528 1 
1745 0.018028 1 
1747 0.006711 1 
1748 0.010123 1 
1749 0.013694 1 
1750 0.008165 1 
1751 0.008495 1 
1752 0.009431 1 
1753 0.020607 1 
1754 0.009879 1 
1755 0.006364 1 
1756 0.007952 1 
1757 0.011170 1 
1758 0.009197 1 
1760 0.008085 1 
1761 0.011318 1 
1762 0.009469 1 
1763 0.027558 1 
1764 0.011618 1 
1765 0.015553 1 
1766 0.015497 1 
1768 0.006409 1 
1769 0.013598 1 
1770 0.009018 1 
1771 0.019643 1 
1773 0.010271 1 
1774 0.007949 1 
1775 0.009550 1 
1776 0.021184 1 
1778 0.008588 1 
1779 0.016037 1 
1780 0.015602 1 
1781 0.009834 1 
1782 0.012185 1 
1783 0.009377 1 
1785 0.013162 1 
1786 0.014825 1 
1787 0.015134 1 
1788 0.016684 1 
1789 0.012639 1 
1790 0.015776 1 
1791 0.049271 1 
1792 0.032832 1 
1793 0.034690 1 
1795 0.011337 1 
1796 0.014128 1 
1797 0.017961 1 
1798 0.011029 1 
1799 0.011801 1 
1800 0.010529 1 
1801 0.011877 1 
1802 0.007713 1 
1803 0.027705 1 
1804 0.015559 1 
1805 0.011111 1 
1806 0.015895 1 
1807 0.014405 1 
1808 0.013924 1 
1809 0.006384 1 
1810 0.015989 1 
1811 0.020365 1 
1812 0.024244 1 
1813 0.009273 1 
1814 0.009324 1 
1815 0.010949 1 
1816 0.009151 1 
1817 0.011175 1 
1818 0.008138 1 
1819 0.013647 1 
1820 0.012534 1 
1822 0.010372 1 
1823 0.011081 1 
1824 0.012400 1 
1825 0.015290 1 
1826 0.017896 1 
1827 0.015901 1 
1828 0.019634 1 
1829 0.007118 1 
1831 0.018638 1 
1832 0.015058 1 
1833 0.009154 1 
1834 0.008315 1 
1836 0.009320 1 
1838 0.020766 1 
1839 0.027828 1 
1840 0.029332 1 
1841 0.021233 1 
1844 0.013938 1 
1845 0.008246 1 
1846 0.035272 1 
1847 0.019136 1 
1848 0.007533 1 
1849 0.014609 1 
1850 0.013250 1 
1851 0.009058 1 
1852 0.010379 1 
1853 0.010711 1 
1854 0.009359 1 
1855 0.017404 1 
1857 0.014641 1 
1859 0.017023 1 
1860 0.012208 1 
1861 0.010686 1 
1862 0.023560 1 
1863 0.013775 1 
1864 0.011652 1 
1865 0.009723 1 
1867 0.013795 1 
1868 0.030699 1 
1869 0.014631 1 
1870 0.013127 1 
1871 0.006822 1 
1872 0.010304 1 
1873 0.009614 1 
1874 0.015596 1 
1875 0.015318 1 
1876 0.012607 1 
1877 0.007906 1 
1878 0.011186 1 
1879 0.009371 1 
1880 0.013058 1 
1881 0.008424 1 
1883 0.030293 1 
1884 0.015293 1 
1885 0.011316 1 
1886 0.021263 1 
1887 0.014206 1 
1888 0.017799 1 
1889 0.008159 1 
1890 0.017433 1 
1891 0.022809 1 
1892 0.017614 1 
1894 0.015924 1 
1896 0.014786 1 
1897 0.010786 1 
1898 0.007004 1 
1899 0.018266 1 
1900 0.010802 1 
1901 0.012220 1 
1902 0.012741 1 
1904 0.017421 1 
1905 0.016107 1 
1906 0.014247 1 
1907 0.009057 1 
1909 0.018283 1 
1911 0.031233 1 
1912 0.014491 1 
1913 0.014734 1 
1915 0.015494 1 
1916 0.010372 1 
1917 0.014527 1 
1919 0.008033 1 
1920 0.008669 1 
1921 0.006338 1 
1922 0.007158 1 
1923 0.012798 1 
1924 0.012600 1 
1925 0.030400 1 
1926 0.031222 1 
1927 0.025181 1 
1928 0.015709 1 
1929 0.008785 1 
1930 0.016822 1 
1931 0.015264 1 
1932 0.010987 1 
1933 0.012548 1 
1934 0.007864 1 
1935 0.017855 1 
1936 0.015600 1 
1938 0.021507 1 
1939 0.010623 1 
1940 0.008480 1 
1941 0.009483 1 
1942 0.024576 1 
1943 0.017984 1 
1944 0.013711 1 
1946 0.021111 1 
1947 0.019006 1 
1948 0.015506 1 
1949 0.010051 1 
1950 0.008391 1 
1951 0.009634 1 
1952 0.025352 1 
1953 0.014504 1 
1954 0.021894 1 
1955 0.013469 1 
1956 0.007632 1 
1957 0.014963 1 
1959 0.017835 1 
1960 0.009452 1 
1961 0.020716 1 
1962 0.020180 1 
1963 0.008366 1 
1964 0.014481 1 
1965 0.011042 1 
1967 0.012970 1 
1968 0.011958 1 
1969 0.024253 1 
1970 0.025581 1 
1972 0.011022 1 
1973 0.011707 1 
1974 0.006935 1 
1975 0.007733 1 
1977 0.011870 1 
1978 0.016675 1 
1979 0.016242 1 
1980 0.011141 1 
1981 0.009077 1 
1982 0.011705 1 
1984 0.010207 1 
1985 0.011456 1 
1986 0.017083 1 
1987 0.016377 1 
1988 0.015161 1 
1989 0.007816 1 
1990 0.011368 1 
1991 0.014507 1 
1992 0.019796 1 
1994 0.024564 1 
1995 0.021850 1 
1996 0.010893 1 
1997 0.014397 1 
1998 0.011286 1 
1999 0.008638 1 
2000 0.013386 1 
2001 0.008773 1 
2002 0.011557 1 
2003 0.007023 1 
2004 0.012812 1 
2005 0.016026 1 
2006 0.008703 1 
2007 0.009923 1 
2008 0.006083 1 
2009 0.009544 1 
2010 0.031959 1 
2011 0.015571 1 
2012 0.010466 1 
2013 0.017009 1 
2014 0.009441 1 
2015 0.014491 1 
2016 0.017494 1 
2017 0.023905 1 
2018 0.025806 1 
2019 0.013100 1 
2021 0.016369 1 
2022 0.012785 1 
2023 0.031399 1 
2024 0.026806 1 
2025 0.014991 1 
2026 0.014328 1 
2027 0.003063 1 
2028 0.007425 1 
2030 0.022859 1 
2031 0.014737 1 
2032 0.006375 1 
2033 0.006824 1 
2035 0.005275 1 
2037 0.018306 1 
2038 0.022590 1 
2039 0.040816 1 
2040 0.034773 1 
2043 0.026411 1 
2044 0.022657 1 
2045 0.055529 1 
2046 0.039273 1 
2047 0.027003 1 
2048 0.010620 1 
2049 0.009495 1 
2050 0.012118 1 
2051 0.012527 1 
2052 0.015562 1 
2053 0.009228 1 
2054 0.014483 1 
2056 0.019089 1 
2058 0.018816 1 
2059 0.007745 1 
2060 0.010269 1 
2061 0.016017 1 
2062 0.013437 1 
2063 0.012086 1 
2064 0.007070 1 
2066 0.015998 1 
2067 0.014903 1 
2068 0.018689 1 
2069 0.010779 1 
2070 0.009662 1 
2071 0.008463 1 
2072 0.012542 1 
2073 0.024595 1 
2074 0.038878 1 
2075 0.022418 1 
2076 0.009528 1 
2077 0.031353 1 
2078 0.008201 1 
2079 0.020089 1 
2080 0.014801 1 
2082 0.021428 1 
2083 0.037963 1 
2084 0.021954 1 
2085 0.021102 1 
2086 0.027178 1 
2087 0.031814 1 
2088 0.026469 1 
2089 0.019077 1 
2090 0.021058 1 
2091 0.014119 1 
2093 0.020227 1 
2095 0.030417 1 
2096 0.014252 1 
2097 0.017027 1 
2098 0.006433 1 
2099 0.016095 1 
2100 0.011163 1 
2101 0.008357 1 
2103 0.019424 1 
2104 0.010768 1 
2105 0.019029 1 
2106 0.012837 1 
2108 0.019186 1 
2110 0.012982 1 
2111 0.012056 1 
2112 0.008675 1 
2114 0.018179 1 
2115 0.018305 1 
2116 0.019835 1 
2118 0.008777 1 
2119 0.009096 1 
2120 0.015315 1 
2121 0.007241 1 
2122 0.013609 1 
2123 0.019283 1 
2124 0.020523 1 
2125 0.013177 1 
2126 0.010036 1 
2127 0.010618 1 
2128 0.015538 1 
2129 0.010335 1 
2130 0.016860 1 
2131 0.019356 1 
2132 0.017513 1 
2133 0.009349 1 
2134 0.016124 1 
2135 0.013805 1 
2137 0.013680 1 
2138 0.015396 1 
2139 0.015352 1 
2140 0.013301 1 
2141 0.017245 1 
2142 0.012631 1 
2143 0.009662 1 
2145 0.008878 1 
2146 0.017452 1 
2147 0.013123 1 
2148 0.007628 1 
2149 0.051454 1 
2150 0.034934 1 
2151 0.018843 1 
2152 0.012723 1 
2153 0.022130 1 
2154 0.015417 1 
2155 0.006076 1 
2156 0.006375 1 
2158 0.012615 1 
2159 0.013335 1 
2160 0.009023 1 
2161 0.013373 1 
2162 0.007381 1 
2163 0.009095 1 
2164 0.010732 1 
2166 0.011714 1 
2167 0.013124 1 
2168 0.020334 1 
2169 0.018462 1 
2171 0.032640 1 
2172 0.017615 1 
2173 0.014920 1 
2174 0.010549 1 
2176 0.008768 1 
2177 0.018308 1 
2178 0.014366 1 
2179 0.011636 1 
2180 0.017413 1 
2181 0.015121 1 
2183 0.008300 1 
2184 0.018117 1 
2185 0.024010 1 
2186 0.014457 1 
2187 0.011655 1 
2188 0.014480 1 
2189 0.036582 1 
2190 0.020459 1 
2191 0.012706 1 
2193 0.011706 1 
2194 0.007650 1 
2195 0.012961 1 
2196 0.019413 1 
2197 0.036913 1 
2198 0.028800 1 
2199 0.019653 1 
2200 0.012468 1 
2201 0.024911 1 
2202 0.015898 1 
2203 0.011209 1 
2204 0.011441 1 
2205 0.016388 1 
2206 0.008790 1 
2207 0.012619 1 
2208 0.008314 1 
2209 0.018552 1 
2210 0.008713 1 
2211 0.011677 1 
2212 0.009588 1 
2213 0.007408 1 
2214 0.012198 1 
2215 0.011112 1 
2216 0.014507 1 
2217 0.017959 1 
2218 0.014659 1 
2220 0.016193 1 
2221 0.011678 1 
2222 0.007797 1 
2223 0.007903 1 
2224 0.013812 1 
2225 0.012808 1 
2226 0.021801 1 
2227 0.008579 1 
2229 0.025213 1 
2230 0.014940 1 
2231 0.006561 1 
2232 0.013717 1 
2234 0.009269 1 
2236 0.031886 1 
2237 0.047398 1 
2238 0.043948 1 
2239 0.028881 1 
2242 0.023153 1 
2243 0.013207 1 
2244 0.047698 1 
2245 0.031710 1 
2246 0.024386 1 
2247 0.023074 1 
2248 0.008306 1 
2249 0.014761 1 
2250 0.029350 1 
2251 0.016841 1 
2252 0.009533 1 
2253 0.012506 1 
2255 0.017397 1 
2257 0.036636 1 
2258 0.032649 1 
2259 0.016396 1 
2260 0.015237 1 
2261 0.014096 1 
2262 0.031317 1 
2263 0.020316 1 
2265 0.016205 1 
2266 0.018900 1 
2267 0.016074 1 
2268 0.009745 1 
2269 0.022692 1 
2270 0.021565 1 
2271 0.016169 1 
2272 0.037367 1 
2273 0.021337 1 
2274 0.013584 1 
2275 0.015124 1 
2276 0.013148 1 
2277 0.012549 1 
2278 0.021804 1 
2279 0.009043 1 
2281 0.034178 1 
2282 0.024789 1 
2283 0.020816 1 
2284 0.038170 1 
2285 0.022033 1 
2286 0.055319 1 
2287 0.038847 1 
2288 0.024920 1 
2289 0.016390 1 
2290 0.005387 1 
2292 0.028165 1 
2294 0.018692 1 
2295 0.035004 1 
2296 0.026469 1 
2297 0.021466 1 
2298 0.023963 1 
2299 0.038410 1 
2300 0.035054 1 
2302 0.014999 1 
2303 0.014106 1 
2304 0.026135 1 
2305 0.010011 1 
2307 0.027495 1 
2309 0.017629 1 
2310 0.018257 1 
2311 0.023144 1 
2313 0.028180 1 
2314 0.013441 1 
2315 0.032547 1 
2317 0.023077 1 
2318 0.028873 1 
2319 0.024851 1 
2320 0.012542 1 
2321 0.011101 1 
2322 0.023959 1 
2323 0.031157 1 
2324 0.022605 1 
2325 0.044504 1 
2326 0.028153 1 
2327 0.026823 1 
2328 0.017216 1 
2329 0.015374 1 
2330 0.016333 1 
2331 0.018729 1 
2332 0.032327 1 
2333 0.018887 1 
2334 0.023490 1 
2336 0.040852 1 
2337 0.024577 1 
2338 0.029080 1 
2339 0.027236 1 
2340 0.015224 1 
2341 0.023405 1 
2342 0.016143 1 
2344 0.016755 1 
2345 0.011602 1 
2346 0.021815 1 
2347 0.011146 1 
2348 0.009496 1 
2349 0.033920 1 
2350 0.019638 1 
2351 0.026603 1 
2352 0.020547 1 
2353 0.020929 1 
2354 0.018072 1 
2355 0.025231 1 
2357 0.011170 1 
2358 0.017493 1 
2359 0.017883 1 
2360 0.015441 1 
2361 0.024993 1 
2362 0.028142 1 
2363 0.013681 1 
2365 0.014685 1 
2366 0.015878 1 
2367 0.036438 1 
2368 0.023443 1 
2370 0.030981 1 
2371 0.021850 1 
2372 0.010828 1 
2373 0.007268 1 
2375 0.013875 1 
2376 0.011797 1 
2377 0.031194 1 
2378 0.023575 1 
2379 0.021172 1 
2380 0.050688 1 
2382 0.018131 1 
2383 0.049870 1 
2384 0.034096 1 
2385 0.017840 1 
2386 0.016964 1 
2387 0.032851 1 
2388 0.013031 1 
2389 0.019627 1 
2390 0.017201 1 
2392 0.030021 1 
2393 0.013875 1 
2394 0.011298 1 
2395 0.018866 1 
2396 0.028699 1 
2397 0.030936 1 
2398 0.013255 1 
2399 0.021066 1 
2400 0.024862 1 
2401 0.020275 1 
2402 0.024953 1 
2403 0.015975 1 
2404 0.009614 1 
2405 0.017625 1 
2406 0.012038 1 
2407 0.021779 1 
2408 0.017603 1 
2409 0.009452 1 
2410 0.013874 1 
2411 0.027246 1 
2412 0.019158 1 
2413 0.046160 1 
2414 0.037429 1 
2415 0.024198 1 
2416 0.013985 1 
2417 0.012492 1 
2419 0.013739 1 
2420 0.068120 1 
2421 0.053546 1 
2422 0.040049 1 
2423 0.030331 1 
2424 0.029471 1 
2425 0.013479 1 
2426 0.010719 1 
2428 0.032684 1 
2429 0.066012 1 
2430 0.049889 1 
2431 0.033173 1 
2433 0.021929 1 
2435 0.019943 1 
2436 0.030820 1 
2437 0.047541 1 
2438 0.059404 1 
2441 0.023494 1 
2442 0.025841 1 
2443 0.056552 1 
2444 0.040101 1 
2445 0.023412 1 
2446 0.042129 1 
2447 0.041527 1 
2448 0.025049 1 
2449 0.034936 1 
2450 0.024396 1 
2451 0.035236 1 
2452 0.020879 1 
2454 0.041756 1 
2456 0.019864 1 
2457 0.030625 1 
2458 0.024075 1 
2459 0.015047 1 
2460 0.030943 1 
2461 0.035104 1 
2462 0.019872 1 
2464 0.027830 1 
2465 0.016633 1 
2466 0.011550 1 
2467 0.021825 1 
2468 0.012842 1 
2469 0.020740 1 
2470 0.050966 1 
2471 0.034664 1 
2472 0.036372 1 
2473 0.020116 1 
2474 0.049901 1 
2475 0.034771 1 
2476 0.029993 1 
2477 0.013414 1 
2478 0.015432 1 
2480 0.024531 1 
2481 0.042960 1 
2482 0.026460 1 
2483 0.059672 1 
2484 0.059966 1 
2485 0.043914 1 
2486 0.027467 1 
2487 0.098204 1 
2488 0.083806 1 
2489 0.085566 1 
2491 0.057173 1 
2493 0.024726 1 
2494 0.038082 1 
2495 0.022153 1 
2496 0.020075 1 
2497 0.044128 1 
2498 0.046855 1 
2499 0.045297 1 
2501 0.058635 1 
2502 0.042172 1 
2503 0.039977 1 
2504 0.032321 1 
2506 0.045672 1 
2508 0.073190 1 
2509 0.057338 1 
2510 0.049114 1 
2512 0.042575 1 
2513 0.047595 1 
2514 0.028841 1 
2516 0.022173 1 
2517 0.031377 1 
2518 0.029972 1 
2519 0.012904 1 
2520 0.016993 1 
2521 0.042507 1 
2522 0.026065 1 
2523 0.013271 1 
2524 0.019317 1 
2525 0.017769 1 
2526 0.008463 1 
2527 0.021202 1 
2528 0.012870 1 
2529 0.020537 1 
2530 0.026762 1 
2531 0.014872 1 
2532 0.011799 1 
2533 0.022126 1 
2535 0.036254 1 
2537 0.028664 1 
2538 0.018816 1 
2539 0.021471 1 
2539 0.035521 0 
2540 0.019637 0 
2540 0.022154 1 
2541 0.007972 1 
2543 0.014885 1 
2543 0.017779 0 
2544 0.008397 1 
2545 0.006652 1 
2546 0.010893 1 
2547 0.013147 1 
2544 0.066416 0 
2546 0.033199 0 
2548 0.011181 1 
2549 0.016457 1 
2550 0.013624 1 
2548 0.057919 0 
2549 0.041956 0 
2550 0.025293 0 
2551 0.008628 0 
2551 0.008651 1 
2552 0.011216 1 
2552 0.018478 0 
2553 0.010125 1 
2554 0.012134 1 
2556 0.022993 1 
2557 0.012262 1 
2558 0.022075 1 
2553 0.119192 0 
2559 0.032155 1 
2560 0.014366 1 
2558 0.069831 0 
2559 0.053859 0 
2560 0.036055 0 
2561 0.011436 0 
2561 0.019500 1 
2562 0.016839 1 
2562 0.028237 0 
2564 0.015047 1 
2565 0.007974 1 
2566 0.029984 1 
2567 0.016502 1 
2565 0.069489 0 
2569 0.023583 1 
2570 0.011488 1 
2571 0.021163 1 
2572 0.012202 1 
2567 0.107194 0 
2569 0.074663 0 
2570 0.058394 0 
2574 0.014953 1 
2575 0.019373 1 
2572 0.077446 0 
2574 0.044659 0 
2575 0.028118 0 
2576 0.013903 0 
2576 0.031694 1 
2577 0.027552 1 
2577 0.029944 0 
2578 0.013944 0 
2578 0.015017 1 
2579 0.016936 0 
2579 0.018449 1 
2581 0.015763 1 
2581 0.025893 0 
2582 0.021015 0 
2583 0.018792 0 
2584 0.009265 0 
2583 0.026276 1 
2584 0.023621 1 
2585 0.014227 1 
2586 0.012915 1 
2587 0.014256 1 
2588 0.021453 1 
2589 0.010713 1 
2585 0.099345 0 
2586 0.081591 0 
2587 0.065080 0 
2588 0.048917 0 
2589 0.032293 0 
2591 0.034392 1 
2592 0.018197 1 
2593 0.014036 1 
2594 0.024086 1 
2595 0.012557 1 
2592 0.071548 0 
2593 0.055164 0 
2594 0.038988 0 
2595 0.022725 0 
2596 0.014483 1 
2597 0.020327 0 
2597 0.021146 1 
2598 0.023978 1 
2599 0.033885 0 
2600 0.017626 0 
2599 0.039811 1 
2600 0.023572 1 
2601 0.016153 1 
2602 0.026353 1 
2603 0.023060 1 
2604 0.031511 1 
2605 0.015617 1 
2606 0.008506 1 
2607 0.013314 1 
2608 0.024798 1 
2609 0.018789 1 
2610 0.017475 1 
2611 0.008804 1 
2612 0.018068 1 
2613 0.030666 1 
2614 0.015542 1 
2615 0.020989 1 
2616 0.030829 1 
2618 0.027324 1 
2619 0.021083 1 
2620 0.035037 1 
2621 0.027014 1 
2622 0.028715 1 
2623 0.015515 1 
2624 0.022617 1 
2625 0.027982 1 
2627 0.016546 1 
2628 0.019286 1 
2629 0.016340 1 
2630 0.005228 1 
2632 0.013286 1 
2634 0.016806 1 
2635 0.143310 1 
2636 0.131348 1 
2637 0.114799 1 
2641 0.049722 1 
2643 0.066803 1 
2644 0.049937 1 
2645 0.030379 1 
2646 0.030084 1 
2647 0.026660 1 
2648 0.016945 1 
2649 0.014058 1 
2650 0.024149 1 
2651 0.011202 1 
2653 0.012996 1 
2655 0.012354 1 
2656 0.015470 1 
2657 0.017587 1 
2658 0.025237 1 
2659 0.019089 1 
2660 0.024640 1 
2661 0.011964 1 
2663 0.019537 1 
2664 0.027368 1 
2665 0.022285 1 
2666 0.027037 1 
2667 0.026578 1 
2668 0.014830 1 
2669 0.007262 1 
2670 0.018244 1 
2671 0.025045 1 
2672 0.033277 1 
2673 0.025151 1 
2674 0.045055 1 
2675 0.028672 1 
2676 0.091877 1 
2677 0.119591 1 
2679 0.130642 1 
2680 0.121285 1 
2682 0.088643 1 
2684 0.111723 1 
2685 0.095437 1 
2686 0.090066 1 
2687 0.077878 1 
2688 0.061381 1 
2690 0.031898 1 
2692 0.016260 1 
2693 0.018088 1 
2694 0.036277 1 
2695 0.020068 1 
2696 0.012159 1 
2697 0.025740 1 
2698 0.011162 1 
2700 0.078502 1 
2701 0.062499 1 
2702 0.046237 1 
2703 0.034228 1 
2705 0.022965 1 
2707 0.027790 1 
2708 0.014546 1 
2709 0.006416 1 
2711 0.029534 1 
2712 0.023607 1 
2713 0.028195 1 
2715 0.035566 1 
2716 0.019144 1 
2717 0.010495 1 
2718 0.010252 1 
2719 0.038478 1 
2720 0.021524 1 
2721 0.025994 1 
2722 0.025124 1 
2723 0.027182 1 
2724 0.015690 1 
2725 0.016003 1 
2726 0.018750 1 
2727 0.026596 1 
2728 0.010655 1 
2729 0.017189 1 
2730 0.050108 1 
2731 0.033652 1 
2732 0.028910 1 
2734 0.029960 1 
2735 0.016930 1 
2736 0.018058 1 
2737 0.027751 1 
2738 0.038127 1 
2739 0.021843 1 
2740 0.010980 1 
2742 0.029724 1 
2743 0.032578 1 
2744 0.016561 1 
2745 0.021860 1 
2746 0.012686 1 
2747 0.032656 1 
2748 0.038952 1 
2749 0.032562 1 
2750 0.036106 1 
2751 0.054112 1 
2752 0.037699 1 
2753 0.022631 1 
2755 0.015345 1 
2756 0.012286 1 
2757 0.012138 1 
2758 0.028253 1 
2759 0.026516 1 
2760 0.027528 1 
2761 0.011680 1 
2763 0.016695 1 
2764 0.023304 1 
2765 0.049480 1 
2766 0.033552 1 
2768 0.021773 1 
2769 0.047481 1 
2770 0.031335 1 
2771 0.030304 1 
2773 0.011170 1 
2774 0.031484 1 
2775 0.058583 1 
2776 0.042034 1 
2777 0.025712 1 
2778 0.028433 1 
2780 0.048312 1 
2781 0.053613 1 
2782 0.037276 1 
2783 0.038111 1 
2784 0.021929 1 
2785 0.043242 1 
2786 0.026969 1 
2787 0.012610 1 
2788 0.020212 1 
2790 0.027155 1 
2791 0.049641 1 
2792 0.033448 1 
2793 0.020262 1 
2794 0.026975 1 
2795 0.010411 1 
2796 0.016567 1 
2797 0.017180 1 
2798 0.036829 1 
2799 0.024249 1 
2800 0.046926 1 
2801 0.030699 1 
2802 0.076215 1 
2803 0.059122 1 
2804 0.043127 1 
2805 0.034943 1 
2806 0.024940 1 
2807 0.091388 1 
2808 0.075778 1 
2809 0.060040 1 
2810 0.043571 1 
2811 0.112492 1 
2812 0.095886 1 
2813 0.100309 1 
2814 0.084693 1 
2815 0.068266 1 
2817 0.072334 1 
2818 0.056273 1 
2819 0.090456 1 
2820 0.075779 1 
2821 0.059316 1 
2822 0.042895 1 
2823 0.032501 1 
2824 0.037526 1 
2826 0.052372 1 
2827 0.041307 1 
2828 0.025153 1 
2829 0.028412 1 
2831 0.018772 1 
2833 0.048828 1 
2834 0.033109 1 
2835 0.056580 1 
2836 0.083410 1 
2839 0.045497 1 
2840 0.045058 1 
2841 0.032749 1 
2842 0.053683 1 
2843 0.037390 1 
2844 0.021332 1 
2845 0.015845 1 
2846 0.060490 1 
2849 0.037197 1 
2850 0.018806 1 
2852 0.024329 1 
2854 0.023178 1 
2855 0.015980 1 
2856 0.013653 1 
2857 0.040717 1 
2858 0.035292 1 
2859 0.041330 1 
2860 0.089721 1 
2862 0.058549 1 
2863 0.042307 1 
2864 0.054489 1 
2865 0.037890 1 
2866 0.045388 1 
2867 0.029125 1 
2868 0.039320 1 
2869 0.022946 1 
2870 0.056005 1 
2871 0.048239 1 
2872 0.050494 1 
2873 0.034364 1 
2874 0.030432 1 
2875 0.018694 1 
2876 0.032328 1 
2878 0.072584 1 
2879 0.056375 1 
2880 0.040130 1 
2881 0.034821 1 
2882 0.038977 1 
2883 0.021950 1 
2884 0.013792 1 
2885 0.046062 1 
2886 0.033029 1 
2887 0.018856 1 
2889 0.044065 1 
2891 0.035307 1 
2892 0.019210 1 
2893 0.065771 1 
2894 0.049491 1 
2895 0.032933 1 
2896 0.036338 1 
2897 0.023335 1 
2899 0.033119 1 
2900 0.016879 1 
2901 0.008130 1 
2902 0.021542 1 
2904 0.023445 1 
2906 0.072076 1 
2907 0.056016 1 
2908 0.093436 1 
2910 0.062008 1 
2911 0.058691 1 
2912 0.041921 1 
2914 0.046109 1 
2915 0.029430 1 
2916 0.021028 1 
2917 0.031811 1 
2918 0.018170 1 
2919 0.027532 1 
2920 0.021878 1 
2921 0.021101 1 
2922 0.032187 1 
2923 0.037717 1 
2924 0.021289 1 
2925 0.015123 1 
2926 0.014905 1 
2927 0.014271 1 
2928 0.125854 1 
2929 0.107210 1 
2930 0.091127 1 
2931 0.072012 1 
2933 0.036364 1 
2934 0.024629 1 
2935 0.059843 1 
2936 0.043627 1 
2937 0.037066 1 
2938 0.029508 1 
2939 0.052686 1 
2941 0.056527 1 
2942 0.040180 1 
2943 0.067718 1 
2944 0.051365 1 
2945 0.037538 1 
2946 0.026947 1 
2947 0.017825 1 
2948 0.010999 1 
2949 0.033992 1 
2950 0.036328 1 
2951 0.034647 1 
2952 0.019774 1 
2954 0.040888 1 
2955 0.032240 1 
2956 0.037179 1 
2957 0.032279 1 
2958 0.016716 1 
2959 0.018560 1 
2960 0.014492 1 
2962 0.018074 1 
2963 0.015523 1 
2964 0.011563 1 
2965 0.021271 1 
2967 0.026179 1 
2968 0.021264 1 
2969 0.021847 1 
2970 0.017500 1 
2972 0.015126 1 
2973 0.022638 1 
2974 0.020782 1 
2975 0.006760 1 
2976 0.017862 1 
2977 0.017676 1 
2979 0.017526 1 
2980 0.018981 1 
2981 0.013624 1 
2982 0.047593 1 
2983 0.038376 1 
2984 0.021832 1 
2985 0.030502 1 
2986 0.036623 1 
2987 0.021665 1 
2989 0.015249 1 
2990 0.027061 1 
2991 0.016583 1 
2992 0.022698 1 
2993 0.015275 1 
2994 0.050955 1 
2995 0.034518 1 
2996 0.018210 1 
2997 0.019562 1 
2998 0.047859 1 
2999 0.062312 1 
3000 0.046092 1 
3001 0.030002 1 
3002 0.013638 1 
3003 0.061544 1 
3004 0.045594 1 
3006 0.019283 1 
3007 0.023072 1 
3008 0.019305 1 
3009 0.020306 1 
3010 0.015177 1 
3011 0.104832 1 
3012 0.088411 1 
3013 0.083078 1 
3014 0.066652 1 
3016 0.033679 1 
3017 0.107728 1 
3018 0.090781 1 
3020 0.077312 1 
3021 0.067913 1 
3022 0.055774 1 
3025 0.092147 1 
3026 0.076515 1 
3027 0.060411 1 
3028 0.043911 1 
3030 0.015155 1 
3032 0.057723 1 
3034 0.073477 1 
3035 0.059153 1 
3038 0.065651 1 
3039 0.049870 1 
3040 0.033174 1 
3041 0.045741 1 
3042 0.032554 1 
3043 0.015015 1 
3044 0.016365 1 
3045 0.033661 1 
3046 0.022902 1 
3047 0.024381 1 
3048 0.045621 1 
3049 0.058961 1 
3051 0.055688 1 
3053 0.037897 1 
3054 0.021353 1 
3055 0.024430 1 
3056 0.015402 1 
3057 0.021092 1 
3058 0.018312 1 
3059 0.016660 1 
3061 0.020989 1 
3062 0.044293 1 
3063 0.026344 1 
3064 0.031611 1 
3065 0.024810 1 
3066 0.039872 1 
3067 0.023597 1 
3068 0.018234 1 
3069 0.018600 1 
3070 0.026397 1 
3071 0.009917 1 
3072 0.011713 1 
3073 0.023669 1 
3074 0.010273 1 
3075 0.019821 1 
3077 0.036673 1 
3078 0.043142 1 
3079 0.026495 1 
3080 0.015590 1 
3081 0.022437 1 
3082 0.023094 1 
3083 0.032332 1 
3084 0.048685 1 
3085 0.032275 1 
3086 0.022999 1 
3088 0.026331 1 
3090 0.052669 1 
3091 0.036259 1 
3092 0.019877 1 
3093 0.025510 1 
3094 0.007929 1 
3095 0.014543 1 
3096 0.010141 1 
3098 0.021316 1 
3099 0.046728 1 
3100 0.031315 1 
3101 0.014927 1 
3103 0.024931 1 
3105 0.024640 1 
3106 0.018829 1 
3107 0.013158 1 
3109 0.022934 1 
3110 0.018515 1 
3111 0.013502 1 
3113 0.015010 1 
3114 0.041203 1 
3115 0.024700 1 
3116 0.013088 1 
3117 0.013459 1 
3118 0.030136 1 
3119 0.013179 1 
3120 0.013401 1 
3121 0.022763 1 
3122 0.017128 1 
3123 0.011542 1 
3124 0.015862 1 
3125 0.013779 1 
3126 0.012412 1 
3127 0.022364 1 
3128 0.021357 1 
3129 0.010745 1 
3130 0.010137 1 
3132 0.140282 1 
3133 0.143510 1 
3134 0.127064 1 
3135 0.110500 1 
3136 0.094285 1 
3137 0.077906 1 
3138 0.061853 1 
3140 0.052852 1 
3141 0.036490 1 
3142 0.110292 1 
3143 0.093369 1 
3144 0.078134 1 
3145 0.123565 1 
3146 0.106900 1 
3147 0.090924 1 
3148 0.078724 1 
3149 0.062784 1 
3150 0.046340 1 
3151 0.029578 1 
3153 0.065322 1 
3154 0.049081 1 
3155 0.091776 1 
3156 0.074878 1 
3157 0.053539 1 
3158 0.102491 1 
3159 0.096445 1 
3161 0.071475 1 
3162 0.098295 1 
3163 0.125620 1 
3164 0.109324 1 
3166 0.076560 1 
3167 0.117928 1 
3168 0.106145 1 
3169 0.098144 1 
3171 0.091374 1 
3172 0.102363 1 
3173 0.103135 1 
3174 0.086922 1 
3175 0.069968 1 
3176 0.053521 1 
3178 0.050433 1 
3179 0.033517 1 
3180 0.098122 1 
3181 0.082206 1 
3182 0.066039 1 
3183 0.053749 1 
3184 0.079351 1 
3185 0.067125 1 
3186 0.049707 1 
3189 0.064444 1 
3190 0.068122 1 
3191 0.051816 1 
3192 0.095003 1 
3193 0.078620 1 
3194 0.062247 1 
3195 0.045295 1 
3196 0.072958 1 
3197 0.056798 1 
3198 0.044230 1 
3199 0.027639 1 
3200 0.055148 1 
3201 0.093418 1 
3202 0.077294 1 
3203 0.060386 1 
3204 0.168268 1 
3205 0.151845 1 
3206 0.135725 1 
3207 0.119312 1 
3208 0.131221 1 
3209 0.114811 1 
3210 0.098683 1 
3211 0.084238 1 
3212 0.068754 1 
3213 0.062867 1 
3215 0.035086 1 
3216 0.044619 1 
3217 0.028354 1 
3218 0.084733 1 
3219 0.067990 1 
3220 0.059882 1 
3221 0.043503 1 
3222 0.056645 1 
3224 0.045345 1 
3225 0.028889 1 
3226 0.037334 1 
3227 0.034372 1 
3229 0.032011 1 
3231 0.013649 1 
3232 0.032807 1 
3233 0.048271 1 
3234 0.043233 1 
3237 0.039108 1 
3238 0.048362 1 
3239 0.029028 1 
3240 0.067671 1 
3241 0.051411 1 
3242 0.044369 1 
3243 0.028116 1 
3244 0.035510 1 
3245 0.082587 1 
3246 0.065993 1 
3247 0.049253 1 
3248 0.032992 1 
3250 0.017475 1 
3252 0.033795 1 
3253 0.017555 1 
3254 0.023595 1 
3255 0.020913 1 
3256 0.048327 1 
3257 0.042994 1 
3258 0.026774 1 
3260 0.028105 1 
3261 0.025577 1 
3262 0.015521 1 
3263 0.032593 1 
3264 0.015800 1 
3265 0.029810 1 
3266 0.019765 1 
3267 0.028704 1 
3268 0.018590 1 
3269 0.029907 1 
3270 0.037035 1 
3271 0.029692 1 
3272 0.034002 1 
3273 0.017828 1 
3274 0.022840 1 
3276 0.070025 1 
3277 0.053993 1 
3278 0.040653 1 
3279 0.024170 1 
3280 0.023247 1 
3281 0.055325 1 
3282 0.038891 1 
3283 0.037777 1 
3284 0.050295 1 
3285 0.033874 1 
3287 0.042871 1 
3289 0.011897 1 
3290 0.015043 1 
3291 0.017331 1 
3292 0.013443 1 
3293 0.022865 1 
3294 0.013951 1 
3295 0.058434 1 
3297 0.026506 1 
3298 0.023481 1 
3299 0.015538 1 
3300 0.018930 1 
3302 0.021555 1 
3304 0.021983 1 
3305 0.025444 1 
3306 0.033850 1 
3308 0.043517 1 
3309 0.027152 1 
3310 0.017647 1 
3312 0.043511 1 
3313 0.026539 1 
3314 0.018427 1 
3315 0.036860 1 
3316 0.021025 1 
3317 0.019454 1 
3318 0.018294 1 
3319 0.043057 1 
3320 0.026511 1 
3321 0.040679 1 
3322 0.024498 1 
3323 0.013070 1 
3324 0.019872 1 
3325 0.015507 1 
3326 0.024738 1 
3327 0.032243 1 
3328 0.015697 1 
3329 0.009808 1 
3331 0.037183 1 
3332 0.028051 1 
3333 0.031022 1 
3334 0.035123 1 
3335 0.018784 1 
3336 0.017915 1 
3337 0.018963 1 
3339 0.016944 1 
3340 0.026523 1 
3341 0.031100 1 
3342 0.013501 1 
3343 0.043122 1 
3344 0.027336 1 
3345 0.027294 1 
3346 0.017687 1 
3347 0.029904 1 
3348 0.013417 1 
3349 0.031319 1 
3350 0.015011 1 
3352 0.019140 1 
3353 0.027341 1 
3354 0.015877 1 
3355 0.062441 1 
3356 0.045592 1 
3357 0.072534 1 
3358 0.055781 1 
3360 0.030508 1 
3361 0.036069 1 
3362 0.043519 1 
3363 0.027008 1 
3365 0.018961 1 
3366 0.016317 1 
3367 0.031182 1 
3368 0.041047 1 
3370 0.038094 1 
3371 0.021785 1 
3372 0.049183 1 
3373 0.033085 1 
3374 0.042051 1 
3375 0.034674 1 
3377 0.065273 1 
3378 0.048999 1 
3379 0.050464 1 
3380 0.032932 1 
3381 0.064239 1 
3382 0.047435 1 
3383 0.031016 1 
3384 0.029729 1 
3385 0.025996 1 
3387 0.023980 1 
3388 0.049739 1 
3389 0.041054 1 
3390 0.024922 1 
3391 0.012640 1 
3392 0.040781 1 
3393 0.082968 1 
3394 0.067068 1 
3395 0.050222 1 
3396 0.053386 1 
3397 0.047726 1 
3398 0.032344 1 
3399 0.039524 1 
3400 0.019047 1 
3401 0.018516 1 
3402 0.020425 1 
3403 0.029581 1 
3404 0.019744 1 
3405 0.080067 1 
3406 0.063541 1 
3407 0.084161 1 
3408 0.086239 1 
3409 0.069879 1 
3410 0.053458 1 
3411 0.036765 1 
3412 0.033875 1 
3414 0.047306 1 
3415 0.030715 1 
3416 0.034930 1 
3417 0.057262 1 
3418 0.040995 1 
3419 0.034074 1 
3420 0.047714 1 
3421 0.032968 1 
3423 0.043900 1 
3424 0.036413 1 
3425 0.020424 1 
3426 0.018186 1 
3428 0.016827 1 
3430 0.034928 1 
3432 0.080869 1 
3433 0.064727 1 
3436 0.142622 1 
3437 0.127218 1 
3439 0.240436 1 
3440 0.222976 1 
3441 0.206710 1 
3442 0.190636 1 
3443 0.206461 1 
3444 0.214403 1 
3445 0.233354 1 
3446 0.258988 1 
3447 0.242627 1 
3451 0.177677 1 
3452 0.160869 1 
3453 0.143645 1 
3454 0.151757 1 
3455 0.135092 1 
3456 0.142922 1 
3457 0.125401 1 
3459 0.091809 1 
3460 0.123744 1 
3461 0.107103 1 
3462 0.090527 1 
3463 0.074359 1 
3464 0.101329 1 
3465 0.108432 1 
3466 0.091592 1 
3467 0.075384 1 
3468 0.097832 1 
3469 0.101862 1 
3470 0.102000 1 
3471 0.085986 1 
3472 0.069484 1 
3473 0.053446 1 
3475 0.055880 1 
3476 0.069500 1 
3477 0.053082 1 
3478 0.035698 1 
3479 0.064391 1 
3480 0.059937 1 
3481 0.059514 1 
3482 0.080967 1 
3483 0.064590 1 
3484 0.060817 1 
3486 0.080300 1 
3488 0.047435 1 
3489 0.031233 1 
3490 0.109802 1 
3491 0.093541 1 
3492 0.077328 1 
3493 0.061234 1 
3494 0.044572 1 
3496 0.075019 1 
3497 0.059696 1 
3498 0.043075 1 
3499 0.051962 1 
3501 0.038282 1 
3503 0.019903 1 
3504 0.040669 1 
3505 0.024742 1 
3507 0.049149 1 
3508 0.037458 1 
3509 0.020712 1 
3511 0.011395 1 
3512 0.048279 1 
3513 0.032285 1 
3514 0.024258 1 
3516 0.087583 1 
3517 0.071052 1 
3518 0.054994 1 
3519 0.056836 1 
3520 0.040820 1 
3521 0.038943 1 
3522 0.026132 1 
3523 0.015385 1 
3524 0.033299 1 
3525 0.038730 1 
3526 0.038150 1 
3527 0.031305 1 
3528 0.084708 1 
3530 0.051545 1 
3531 0.035684 1 
3532 0.019213 1 
3533 0.040465 1 
3534 0.059514 1 
3535 0.042481 1 
3536 0.029205 1 
3538 0.009294 1 
3539 0.059198 1 
3540 0.042874 1 
3541 0.027882 1 
3542 0.038053 1 
3543 0.030635 1 
3544 0.031410 1 
3545 0.015284 1 
3546 0.008680 1 
3547 0.027706 1 
3548 0.011579 1 
3549 0.017074 1 
3551 0.042465 1 
3552 0.043084 1 
3553 0.033690 1 
3554 0.044656 1 
3555 0.031860 1 
3556 0.035818 1 
3557 0.025195 1 
3559 0.018433 1 
3560 0.015883 1 
3561 0.033500 1 
3562 0.024055 1 
3564 0.015325 1 
3565 0.017586 1 
3566 0.010322 1 
3567 0.104624 1 
3569 0.136959 1 
3570 0.120446 1 
3571 0.136228 1 
3572 0.131462 1 
3573 0.113749 1 
3574 0.116873 1 
3576 0.145963 1 
3578 0.231684 1 
3579 0.303280 1 
3580 0.286664 1 
3581 0.269595 1 
3582 0.252731 1 
3583 0.312310 1 
3584 0.296453 1 
3586 0.270408 1 
3587 0.255154 1 
3595 0.124250 1 
3596 0.108046 1 
3597 0.134261 1 
3598 0.117842 1 
3599 0.116619 1 
3600 0.099778 1 
3601 0.168266 1 
3602 0.151430 1 
3603 0.134958 1 
3604 0.200151 1 
3605 0.184178 1 
3606 0.166305 1 
3607 0.149479 1 
3608 0.132941 1 
3609 0.116746 1 
