2024-09-03 16:51:22
../stream-replay/logs/rtt-6206@128.txt
1 0.073397 0 
2 0.057386 0 
4 0.023873 0 
5 0.124470 0 
6 0.108392 0 
7 0.092355 0 
8 0.138552 0 
9 0.119839 0 
10 0.103732 0 
11 0.087953 0 
12 0.092849 0 
13 0.240324 0 
14 0.223855 0 
15 0.208110 0 
16 0.255737 0 
17 0.235486 0 
18 0.219105 0 
19 0.200398 0 
20 0.207962 0 
21 0.214575 0 
22 0.198613 0 
23 0.214854 0 
24 0.198716 0 
25 0.180390 0 
26 0.164090 0 
27 0.147693 0 
28 0.389172 0 
29 0.373108 0 
31 0.420202 0 
32 0.401775 0 
33 0.435269 0 
34 0.418900 0 
35 0.693188 0 
36 0.677027 0 
37 0.712463 0 
40 0.894802 0 
41 0.980082 0 
42 0.967887 0 
43 0.951648 0 
45 0.919173 0 
47 0.949335 0 
48 1.064193 0 
49 1.324509 0 
50 1.344702 0 
53 1.295673 0 
54 1.384784 0 
55 1.384037 0 
56 1.368014 0 
57 1.345988 0 
58 1.437207 0 
59 1.541499 0 
60 1.524411 0 
61 1.586451 0 
62 1.568406 0 
63 1.548728 0 
64 1.532621 0 
66 1.514918 0 
69 1.740808 0 
70 1.729081 0 
71 1.787281 0 
72 1.771504 0 
73 1.801618 0 
74 1.782185 0 
76 1.825618 0 
77 1.825066 0 
78 1.823656 0 
79 1.809999 0 
80 1.877158 0 
81 1.860747 0 
82 1.841813 0 
83 1.825296 0 
84 1.911910 0 
85 1.895486 0 
86 1.879227 0 
87 1.864555 0 
88 1.932983 0 
89 1.916646 0 
90 1.899173 0 
92 1.875222 0 
95 2.012171 0 
96 1.989391 0 
97 2.069839 0 
98 2.053094 0 
99 2.036998 0 
100 2.020767 0 
101 2.050861 0 
103 2.068250 0 
105 2.032340 0 
106 2.050418 0 
107 2.060905 0 
108 2.044275 0 
109 2.132086 0 
110 2.115856 0 
111 2.099392 0 
113 2.164836 0 
114 2.146743 0 
115 2.122570 0 
116 2.160205 0 
118 2.127012 0 
120 2.166510 0 
121 2.262977 0 
122 2.247050 0 
124 2.211978 0 
125 2.252526 0 
126 2.236376 0 
128 2.204309 0 
129 2.188466 0 
130 2.395702 0 
131 2.378743 0 
132 2.448236 0 
133 2.431947 0 
134 2.415928 0 
135 2.396587 0 
136 2.378897 0 
137 2.362753 0 
138 2.346065 0 
139 2.436596 0 
140 2.420192 0 
141 2.403719 0 
142 2.565348 0 
143 2.545255 0 
148 2.583443 0 
149 2.567253 0 
150 2.550569 0 
151 2.534640 0 
152 2.511509 0 
153 2.663029 0 
155 2.630394 0 
156 2.611392 0 
157 2.595435 0 
158 2.815138 0 
159 2.799026 0 
160 2.782860 0 
161 2.766531 0 
162 2.747749 0 
163 2.731654 0 
164 2.794010 0 
165 3.013618 0 
166 2.997409 0 
168 2.966272 0 
169 2.948429 0 
170 2.931901 0 
171 2.933755 0 
172 2.917203 0 
173 2.929907 0 
174 3.147529 0 
176 3.232797 0 
177 3.215089 0 
178 3.249464 0 
179 3.233337 0 
181 3.201350 0 
182 3.185041 0 
183 3.197908 0 
184 3.189960 0 
189 3.194516 0 
190 3.178574 0 
191 3.162416 0 
193 3.159595 0 
196 3.400210 0 
197 3.461812 0 
198 3.445579 0 
199 3.611542 0 
200 3.596274 0 
201 3.580057 0 
203 3.736293 0 
204 3.720113 0 
205 3.694888 0 
206 3.702813 0 
207 3.686952 0 
208 3.670491 0 
209 3.651950 0 
210 3.636036 0 
211 3.697490 0 
212 3.871161 0 
213 3.857453 0 
214 3.949512 0 
215 3.933398 0 
216 3.917219 0 
217 3.900810 0 
218 3.884339 0 
219 3.983814 0 
220 3.966903 0 
221 3.950997 0 
222 3.934813 0 
223 4.017282 0 
224 4.147423 0 
225 4.130428 0 
226 4.114335 0 
227 4.098381 0 
228 4.082719 0 
230 4.167040 0 
231 4.150721 0 
232 4.136224 0 
233 4.119967 0 
234 4.128586 0 
235 4.119539 0 
236 4.103248 0 
237 4.122234 0 
239 4.103639 0 
240 4.115461 0 
241 4.099078 0 
242 4.082900 0 
244 4.050467 0 
246 4.070897 0 
247 4.155679 0 
248 4.219813 0 
249 4.293879 0 
252 4.265816 0 
253 4.265271 0 
254 4.249101 0 
255 4.233028 0 
256 4.244885 0 
257 4.228056 0 
258 4.211700 0 
259 4.220121 0 
260 4.227434 0 
261 4.208017 0 
262 4.191856 0 
263 4.294864 0 
265 4.260106 0 
267 4.244721 0 
268 4.224845 0 
269 4.250854 0 
270 4.224503 0 
271 4.207924 0 
272 4.192229 0 
273 4.245921 0 
275 4.213512 0 
276 4.278006 0 
277 4.325339 0 
278 4.401359 0 
279 4.385010 0 
280 4.371864 0 
281 4.355339 0 
282 4.337968 0 
283 4.351794 0 
284 4.335068 0 
285 4.319247 0 
286 4.302730 0 
287 4.329627 0 
288 4.313380 0 
289 4.296742 0 
291 4.302323 0 
292 4.285577 0 
293 4.269386 0 
294 4.252932 0 
295 4.313966 0 
296 4.298055 0 
297 4.281705 0 
298 4.361513 0 
299 4.388887 0 
300 4.372577 0 
302 4.362173 0 
304 4.329592 0 
305 4.313018 0 
306 4.336896 0 
307 4.320042 0 
308 4.304154 0 
309 4.286160 0 
310 4.269559 0 
312 4.277896 0 
313 4.271660 0 
314 4.253901 0 
315 4.237696 0 
317 4.211370 0 
319 4.178229 0 
320 4.180068 0 
321 4.159943 0 
323 4.227875 0 
324 4.211773 0 
325 4.195575 0 
327 4.213727 0 
328 4.197815 0 
329 4.181418 0 
330 4.165203 0 
331 4.148605 0 
332 4.131190 0 
333 4.137775 0 
334 4.122041 0 
335 4.113021 0 
336 4.096368 0 
337 4.080378 0 
338 4.064241 0 
339 4.078401 0 
340 4.066625 0 
341 4.050654 0 
342 4.035075 0 
343 4.037184 0 
344 4.084126 0 
346 4.051186 0 
347 4.034611 0 
348 4.030358 0 
349 4.014215 0 
350 4.042125 0 
351 4.043979 0 
352 4.061386 0 
354 4.023260 0 
355 4.006915 0 
356 3.990688 0 
357 3.974529 0 
358 3.958344 0 
359 3.978196 0 
360 3.959766 0 
361 3.944859 0 
362 3.928675 0 
363 3.912178 0 
364 3.904595 0 
365 3.968113 0 
367 3.935462 0 
368 3.918741 0 
369 3.960788 0 
370 3.996040 0 
371 3.973013 0 
372 3.956946 0 
373 3.941845 0 
375 3.906181 0 
376 3.889852 0 
377 3.880962 0 
378 3.943692 0 
380 3.911298 0 
381 3.888909 0 
382 3.881605 0 
383 3.863150 0 
385 3.831000 0 
386 3.850204 0 
387 3.830012 0 
388 3.813473 0 
389 3.796603 0 
390 3.780934 0 
392 3.751476 0 
393 3.757608 0 
394 3.750382 0 
395 3.738428 0 
396 3.741641 0 
397 3.725811 0 
398 3.735585 0 
399 3.712793 0 
400 3.696670 0 
402 3.689093 0 
403 3.672780 0 
404 3.688110 0 
405 3.671786 0 
406 3.655493 0 
407 3.673150 0 
408 3.656386 0 
409 3.640502 0 
410 3.631292 0 
411 3.615089 0 
412 3.636517 0 
413 3.620632 0 
414 3.636409 0 
415 3.620083 0 
416 3.607517 0 
417 3.591326 0 
418 3.574683 0 
419 3.606617 0 
420 3.590285 0 
421 3.573681 0 
422 3.557309 0 
423 3.564925 0 
424 3.548553 0 
425 3.531678 0 
426 3.515044 0 
427 3.499024 0 
429 3.471493 0 
430 3.489968 0 
431 3.473183 0 
432 3.456980 0 
433 3.435811 0 
434 3.418585 0 
435 3.402034 0 
436 3.384863 0 
438 3.412987 0 
439 3.396989 0 
440 3.378218 0 
441 3.353825 0 
443 3.320126 0 
445 3.286824 0 
446 3.335342 0 
447 3.368288 0 
448 3.351961 0 
451 3.308274 0 
452 3.292008 0 
453 3.283074 0 
454 3.275476 0 
455 3.259210 0 
456 3.242979 0 
457 3.245136 0 
459 3.285300 0 
460 3.269225 0 
461 3.253177 0 
462 3.237080 0 
464 3.205010 0 
466 3.182057 0 
467 3.162740 0 
468 3.160373 0 
469 3.143859 0 
471 3.178271 0 
472 3.177515 0 
474 3.143102 0 
475 3.162912 0 
476 3.147328 0 
477 3.130217 0 
478 3.149335 0 
479 3.133234 0 
480 3.116900 0 
481 3.099983 0 
482 3.083581 0 
483 3.067282 0 
484 3.051002 0 
485 3.043946 0 
486 3.031207 0 
487 3.014790 0 
491 3.092083 0 
492 3.092114 0 
493 3.076243 0 
494 3.086136 0 
495 3.068877 0 
496 3.052627 0 
497 3.036295 0 
498 3.019790 0 
499 3.082451 0 
501 3.100275 0 
503 3.067500 0 
504 3.097429 0 
505 3.082074 0 
506 3.068298 0 
507 3.100363 0 
508 3.083975 0 
509 3.067860 0 
511 3.099425 0 
512 3.081974 0 
513 3.084630 0 
514 3.067944 0 
516 3.103151 0 
518 3.069661 0 
519 3.054297 0 
520 3.037567 0 
522 3.006384 0 
523 3.004388 0 
524 2.989667 0 
526 2.956871 0 
527 2.969639 0 
528 2.953522 0 
529 2.932464 0 
530 2.941789 0 
531 2.988741 0 
532 2.973035 0 
534 2.940318 0 
535 2.924117 0 
536 2.905193 0 
537 2.926711 0 
538 2.910450 0 
539 2.891856 0 
540 2.888209 0 
541 2.871849 0 
542 2.855715 0 
543 2.851169 0 
545 2.853835 0 
546 2.839840 0 
547 2.893280 0 
548 2.874107 0 
549 2.853871 0 
550 2.878417 0 
551 2.862142 0 
553 2.890026 0 
554 2.872925 0 
555 2.852046 0 
556 2.836037 0 
557 2.826388 0 
558 2.811236 0 
559 2.851139 0 
560 2.833445 0 
561 2.816322 0 
563 2.801738 0 
564 2.800937 0 
566 2.817496 0 
567 2.801314 0 
568 2.789200 0 
569 2.773852 0 
570 2.762958 0 
571 2.744318 0 
572 2.733027 0 
574 2.699535 0 
575 2.692680 0 
576 2.775356 0 
577 2.758924 0 
579 2.725800 0 
580 2.709603 0 
581 2.693393 0 
582 2.677207 0 
584 2.644527 0 
585 2.627558 0 
586 2.611939 0 
587 2.589650 0 
588 2.604184 0 
589 2.588042 0 
591 2.555918 0 
592 2.539719 0 
593 2.623118 0 
594 2.606634 0 
595 2.590321 0 
596 2.573776 0 
597 2.557846 0 
598 2.554557 0 
599 2.544960 0 
601 2.512456 0 
602 2.555883 0 
603 2.535656 0 
604 2.519414 0 
605 2.533237 0 
606 2.513594 0 
607 2.497988 0 
608 2.507611 0 
609 2.519166 0 
610 2.508088 0 
611 2.527918 0 
612 2.512171 0 
613 2.494096 0 
614 2.477761 0 
615 2.461320 0 
616 2.445163 0 
617 2.429002 0 
618 2.421454 0 
619 2.405225 0 
620 2.388588 0 
621 2.376934 0 
622 2.360120 0 
623 2.367576 0 
624 2.351843 0 
625 2.359228 0 
626 2.347829 0 
628 2.313693 0 
629 2.297169 0 
630 2.288072 0 
631 2.271461 0 
632 2.255297 0 
633 2.238512 0 
634 2.222157 0 
635 2.235238 0 
637 2.220001 0 
638 2.203707 0 
639 2.187663 0 
640 2.171299 0 
642 2.138906 0 
644 2.131679 0 
645 2.183281 0 
646 2.162139 0 
647 2.151231 0 
650 2.102761 0 
651 2.156036 0 
652 2.139741 0 
653 2.123164 0 
654 2.163939 0 
655 2.147609 0 
656 2.131079 0 
657 2.130024 0 
658 2.113908 0 
659 2.097471 0 
660 2.144576 0 
661 2.128530 0 
663 2.230724 0 
665 2.519769 0 
667 2.558884 0 
668 2.595914 0 
669 2.606127 0 
670 2.588947 0 
671 2.572414 0 
673 2.559471 0 
674 2.544745 0 
675 2.632359 0 
676 2.615581 0 
677 2.599144 0 
678 2.652769 0 
679 2.635905 0 
680 2.722126 0 
681 2.734148 0 
682 2.760926 0 
683 2.744831 0 
684 2.832570 0 
685 2.816697 0 
686 2.800805 0 
687 2.805492 0 
689 2.946716 0 
690 2.930496 0 
692 2.898812 0 
693 3.095012 0 
694 3.075174 0 
695 3.056337 0 
696 3.040030 0 
697 3.023866 0 
698 3.007668 0 
700 3.194337 0 
702 3.161803 0 
703 3.145701 0 
704 3.128679 0 
705 3.103486 0 
706 3.098626 0 
707 3.209642 0 
708 3.246275 0 
710 3.213256 0 
711 3.197154 0 
712 3.181023 0 
715 3.195083 0 
717 3.172565 0 
718 3.160754 0 
719 3.158111 0 
721 3.156978 0 
722 3.323040 0 
723 3.306840 0 
725 3.274594 0 
726 3.258304 0 
727 3.274994 0 
728 3.258826 0 
729 3.243062 0 
730 3.297153 0 
734 3.301841 0 
735 3.283763 0 
740 3.442434 0 
741 3.426246 0 
742 3.410369 0 
745 3.597541 0 
746 3.579137 0 
747 3.562651 0 
748 3.544206 0 
749 3.636087 0 
750 3.619041 0 
752 3.586771 0 
753 3.785621 0 
755 3.752810 0 
756 3.736903 0 
757 3.720458 0 
758 3.704356 0 
759 3.739393 0 
760 3.722140 0 
761 3.706092 0 
762 3.689591 0 
763 3.681762 0 
765 3.740861 0 
766 3.791723 0 
767 3.775882 0 
768 4.078683 0 
769 4.062134 0 
770 4.047161 0 
771 4.031283 0 
773 4.078089 0 
774 4.061824 0 
776 4.117188 0 
778 4.084401 0 
779 4.068163 0 
780 4.052189 0 
781 4.039592 0 
783 4.130541 0 
784 4.114759 0 
785 4.098926 0 
786 4.082620 0 
787 4.065646 0 
788 4.049593 0 
790 4.016714 0 
791 4.298958 0 
792 4.282950 0 
793 4.265294 0 
794 4.248889 0 
795 4.233456 0 
796 4.343696 0 
797 4.327699 0 
798 4.311701 0 
800 4.286901 0 
803 4.460200 0 
804 4.445314 0 
805 4.449935 0 
806 4.433972 0 
807 4.417645 0 
808 4.691624 0 
809 4.675689 0 
810 4.692845 0 
811 4.675235 0 
812 4.858742 0 
813 4.837311 0 
814 4.816775 0 
815 4.799953 0 
816 4.966889 0 
817 4.950519 0 
818 4.933236 0 
819 4.917092 0 
820 4.896399 0 
821 4.880351 0 
822 5.034393 0 
823 5.017897 0 
824 5.006241 0 
825 4.990661 0 
827 4.958867 0 
828 5.025763 0 
829 5.011520 0 
830 4.995280 0 
833 5.183842 0 
834 5.167639 0 
836 5.212398 0 
837 5.196162 0 
838 5.179996 0 
839 5.163829 0 
841 5.130054 0 
844 5.259655 0 
846 5.446889 0 
849 5.651394 0 
850 5.679359 0 
851 5.663458 0 
852 5.648012 0 
853 5.692810 0 
854 5.676532 0 
855 5.660407 0 
858 5.739144 0 
859 5.758655 0 
860 5.742350 0 
864 5.937923 0 
865 5.921727 0 
866 5.905555 0 
868 5.883689 0 
869 5.861645 0 
870 5.845962 0 
873 5.885545 0 
874 5.903552 0 
875 5.887944 0 
877 5.879128 0 
881 5.930277 0 
882 5.913366 0 
883 5.897173 0 
884 6.081649 0 
885 6.063033 0 
886 6.084316 0 
888 6.207977 0 
889 6.368304 0 
890 6.352261 0 
891 6.387040 0 
892 6.378021 0 
893 6.356912 0 
894 6.340500 0 
895 6.353314 0 
896 6.337214 0 
897 6.320843 0 
899 6.535580 0 
901 6.503544 0 
902 6.487634 0 
903 6.470458 0 
904 6.454832 0 
906 6.466155 0 
907 6.454836 0 
909 6.602120 0 
910 6.585930 0 
911 6.569365 0 
912 6.725821 0 
914 6.720177 0 
916 6.704023 0 
917 6.796481 0 
918 6.861138 0 
920 6.828265 0 
925 7.037206 0 
926 7.021489 0 
927 7.136984 0 
928 7.119771 0 
929 7.125342 0 
930 7.185645 0 
931 7.265129 0 
932 7.248664 0 
933 7.232908 0 
935 7.451045 0 
936 7.434421 0 
937 7.417953 0 
940 7.846189 0 
941 7.830156 0 
943 7.795952 0 
944 7.779847 0 
945 7.763482 0 
946 7.747269 0 
947 7.731148 0 
948 7.714899 0 
949 7.698696 0 
951 7.672247 0 
952 7.656039 0 
953 7.776371 0 
954 7.760549 0 
955 7.744581 0 
956 7.728535 0 
957 7.713514 0 
958 7.691805 0 
960 8.016845 0 
961 8.001168 0 
962 7.984890 0 
964 7.949995 0 
965 7.934167 0 
968 8.035290 0 
969 8.160131 0 
970 8.143523 0 
972 8.111496 0 
973 8.155825 0 
974 8.139311 0 
975 8.312525 0 
977 8.275228 0 
979 8.436141 0 
980 8.419763 0 
982 8.387120 0 
984 8.396769 0 
985 8.470019 0 
986 8.452853 0 
990 8.469219 0 
991 8.587498 0 
993 8.673270 0 
994 8.657460 0 
995 8.641126 0 
996 8.858164 0 
997 8.841908 0 
999 8.912468 0 
1000 8.897156 0 
1001 8.982831 0 
1002 9.077394 0 
1003 9.061024 0 
1004 9.045183 0 
1005 9.028933 0 
1006 9.013572 0 
1007 9.043018 0 
1008 9.026940 0 
1009 9.137161 0 
1010 9.121235 0 
1011 9.105213 0 
1012 9.089265 0 
1013 9.073118 0 
1014 9.056607 0 
1015 9.039953 0 
1016 9.076937 0 
1017 9.249123 0 
1018 9.231188 0 
1019 9.214691 0 
1020 9.319248 0 
1021 9.303457 0 
1022 9.287120 0 
1023 9.271865 0 
1024 9.255252 0 
1027 9.700337 0 
1028 9.681160 0 
1029 9.664669 0 
1030 9.651116 0 
1031 9.634822 0 
1032 9.720830 0 
1033 9.703860 0 
1035 9.776467 0 
1036 9.871585 0 
1037 9.847987 0 
1038 9.831791 0 
1040 9.799365 0 
1042 9.764314 0 
1043 9.782541 0 
1044 9.834252 0 
1045 9.935054 0 
1048 9.883785 0 
1049 9.984501 0 
1050 9.968660 0 
1051 9.950509 0 
1052 9.987916 0 
1053 9.970395 0 
1054 9.991107 0 
1055 9.974721 0 
1056 10.078524 0 
1057 10.056205 0 
1058 10.039974 0 
1059 10.061816 0 
1061 10.029810 0 
1063 9.997904 0 
1064 9.981587 0 
1065 10.037712 0 
1066 10.021927 0 
1067 10.005360 0 
1068 9.987417 0 
1069 9.970583 0 
1071 9.938619 0 
1072 10.037169 0 
1073 10.020927 0 
1074 10.004633 0 
1075 9.988526 0 
1076 9.972241 0 
1077 9.955466 0 
1078 9.939351 0 
1079 9.923091 0 
1080 9.902721 0 
1081 9.886592 0 
1082 9.870856 0 
1083 9.854378 0 
1084 9.838022 0 
1085 9.907583 0 
1087 10.012296 0 
1088 10.105239 0 
1089 10.088687 0 
1090 10.072155 0 
1091 10.056038 0 
1092 10.039951 0 
1093 10.023814 0 
1094 10.022978 0 
1095 10.035342 0 
1096 10.016917 0 
1098 10.042662 0 
1100 10.010003 0 
1101 9.993787 0 
1102 10.252275 0 
1103 10.235848 0 
1104 10.219827 0 
1106 10.233980 0 
1108 10.201378 0 
1109 10.354045 0 
1110 10.336285 0 
1111 10.335104 0 
1115 10.384806 0 
1116 10.452332 0 
1117 10.432682 0 
1119 10.527308 0 
1120 10.617069 0 
1121 10.671741 0 
1125 10.712964 0 
1126 10.697082 0 
1133 10.881613 0 
1136 10.947735 0 
1137 10.931153 0 
1140 11.179646 0 
1142 11.147798 0 
1143 11.131579 0 
1144 11.114939 0 
1145 11.166217 0 
1146 11.238768 0 
1147 11.222454 0 
1148 11.203089 0 
1150 11.171315 0 
1151 11.155219 0 
1152 11.142577 0 
1153 11.126676 0 
1154 11.148765 0 
1157 11.545502 0 
1158 11.551765 0 
1159 11.535992 0 
1160 11.515875 0 
1161 11.500297 0 
1163 11.542764 0 
1164 11.536041 0 
1165 11.742734 0 
1166 11.727920 0 
1167 11.790416 0 
1168 11.774399 0 
1169 11.758129 0 
1171 11.725246 0 
1174 12.004734 0 
1176 12.134210 0 
1177 12.117563 0 
1178 12.174413 0 
1179 12.310874 0 
1181 12.277231 0 
1182 12.433512 0 
1183 12.417343 0 
1184 12.400991 0 
1185 12.490677 0 
1186 12.499170 0 
1188 12.466334 0 
1189 12.449616 0 
1190 12.615484 0 
1191 12.599891 0 
1192 12.581221 0 
1193 12.564753 0 
1194 12.548939 0 
1195 12.532789 0 
1196 12.513389 0 
1198 12.581440 0 
1199 12.565283 0 
1200 12.548969 0 
1201 12.532630 0 
1202 12.696979 0 
1203 12.681947 0 
1204 12.665840 0 
1205 12.645880 0 
1206 12.630119 0 
1207 12.614168 0 
1208 12.597831 0 
1209 12.589643 0 
1213 12.725994 0 
1214 12.703777 0 
1215 12.688054 0 
1216 12.671807 0 
1217 12.655758 0 
1218 12.678174 0 
1219 12.683901 0 
1220 12.664385 0 
1221 12.738949 0 
1222 12.792804 0 
1223 12.773986 0 
1225 12.755713 0 
1226 12.796512 0 
1227 12.865895 0 
1228 12.842404 0 
1229 12.825503 0 
1230 12.962669 0 
1231 12.940002 0 
1232 12.923201 0 
1234 12.887679 0 
1235 12.997450 0 
1237 13.005277 0 
1239 12.972416 0 
1241 12.937991 0 
1242 12.935507 0 
1243 13.109248 0 
1244 13.255608 0 
1247 13.207088 0 
1248 13.220287 0 
1249 13.204135 0 
1250 13.187985 0 
1251 13.279034 0 
1253 13.246567 0 
1254 13.230624 0 
1263 13.416399 0 
1264 13.505671 0 
1265 13.490048 0 
1266 13.474068 0 
1267 13.456417 0 
1268 13.462277 0 
1270 13.495641 0 
1271 13.479162 0 
1272 13.569084 0 
1273 13.553122 0 
1274 13.536936 0 
1275 13.682306 0 
1276 13.692430 0 
1277 13.676307 0 
1278 13.764010 0 
1279 13.746287 0 
1280 13.730077 0 
1281 13.713700 0 
1286 13.945601 0 
1287 13.985206 0 
1288 14.094743 0 
1289 14.408047 0 
1290 14.392163 0 
1293 14.404578 0 
1294 14.388476 0 
1295 14.491393 0 
1297 14.489798 0 
1299 14.458454 0 
1300 14.442329 0 
1301 14.504653 0 
1302 14.488865 0 
1303 14.467649 0 
1304 14.451806 0 
1305 14.589191 0 
1307 14.556762 0 
1308 14.540064 0 
1309 14.524574 0 
1310 14.508806 0 
1312 14.532879 0 
1314 14.572495 0 
1315 14.599615 0 
1316 14.583347 0 
1318 14.551184 0 
1319 14.535333 0 
1320 14.659563 0 
1322 14.625021 0 
1323 14.680121 0 
1324 14.664027 0 
1325 14.806226 0 
1326 14.780611 0 
1328 15.104310 0 
1329 15.089365 0 
1330 15.118101 0 
1332 15.096225 0 
1333 15.080069 0 
1336 15.226009 0 
1337 15.208225 0 
1338 15.188295 0 
1339 15.172110 0 
1341 15.139961 0 
1342 15.123680 0 
1343 15.107993 0 
1344 15.091135 0 
1345 15.075033 0 
1346 15.059124 0 
1347 15.064620 0 
1349 15.031707 0 
1350 15.041933 0 
1351 15.026905 0 
1352 15.010480 0 
1353 14.994638 0 
1354 15.133467 0 
1355 15.117862 0 
1356 15.101474 0 
1357 15.085672 0 
1358 15.063352 0 
1359 15.047267 0 
1360 15.032020 0 
1362 14.999053 0 
1363 15.127581 0 
1364 15.109088 0 
1365 15.092822 0 
1366 15.176768 0 
1367 15.159295 0 
1368 15.142802 0 
1370 15.110340 0 
1371 15.283666 0 
1372 15.267085 0 
1373 15.250012 0 
1375 15.216993 0 
1376 15.200979 0 
1377 15.184494 0 
1378 15.167781 0 
1380 15.132479 0 
1381 15.335456 0 
1382 15.329461 0 
1383 15.315114 0 
1384 15.490551 0 
1385 15.474428 0 
1387 15.525904 0 
1388 15.510017 0 
1389 15.546750 0 
1390 15.531070 0 
1391 15.574402 0 
1392 15.602536 0 
1393 15.718363 0 
1394 15.702330 0 
1395 15.686127 0 
1706 10.421771 0 
1707 10.405459 0 
1708 10.389116 0 
1710 10.530460 0 
1712 10.498187 0 
1713 10.487953 0 
1714 10.471915 0 
1716 10.533915 0 
1717 10.517632 0 
1718 10.501436 0 
1720 10.469362 0 
1721 10.486169 0 
1727 10.580142 0 
1728 10.731927 0 
1729 10.715535 0 
1730 10.718429 0 
1732 11.004497 0 
1733 10.988180 0 
1734 10.972388 0 
1735 11.172244 0 
1736 11.156024 0 
1737 11.338992 0 
1739 11.307014 0 
1740 11.398352 0 
1741 11.380941 0 
1742 11.364791 0 
1743 11.570908 0 
1744 11.554516 0 
1745 11.532876 0 
1747 11.500221 0 
1748 11.533157 0 
1749 11.517307 0 
1750 11.500896 0 
1751 11.484383 0 
1752 11.710808 0 
1753 11.694923 0 
1754 11.675486 0 
1755 11.853432 0 
1756 11.837136 0 
1757 11.820808 0 
1758 11.803641 0 
1760 11.800481 0 
1761 11.784375 0 
1762 11.895764 0 
1763 11.879896 0 
1764 11.861626 0 
1765 11.887871 0 
1766 11.871379 0 
1768 11.884081 0 
1769 12.035708 0 
1770 12.018540 0 
1771 12.095707 0 
1773 12.123477 0 
1774 12.107172 0 
1775 12.187730 0 
1776 12.171601 0 
1778 12.135071 0 
1779 12.220644 0 
1780 12.205074 0 
1781 12.237144 0 
1785 12.213399 0 
1786 12.197647 0 
1787 12.255761 0 
1788 12.239825 0 
1789 12.231897 0 
1790 12.215064 0 
1791 12.546843 0 
1792 12.530532 0 
1793 12.546100 0 
1795 12.598892 0 
1796 12.584460 0 
1797 12.587214 0 
1798 12.568208 0 
1799 12.552372 0 
1800 12.653006 0 
1801 12.636994 0 
1802 12.620393 0 
1803 12.901393 0 
1804 12.884899 0 
1805 12.937698 0 
1806 12.922929 0 
1807 13.115304 0 
1808 13.099744 0 
1809 13.206717 0 
1810 13.190836 0 
1811 13.174747 0 
1812 13.227147 0 
1813 13.210922 0 
1814 13.193954 0 
1815 13.177563 0 
1816 13.160921 0 
1817 13.144500 0 
1818 13.128172 0 
1819 13.112154 0 
1820 13.229078 0 
1822 13.196806 0 
1823 13.277677 0 
1824 13.261234 0 
1825 13.248772 0 
1827 13.307561 0 
1828 13.310721 0 
1829 13.311003 0 
1832 13.289546 0 
1833 13.273870 0 
1834 13.257610 0 
1836 13.265846 0 
1841 13.792038 0 
1844 13.776872 0 
1845 13.789081 0 
1846 13.772908 0 
1847 13.754087 0 
1848 13.737925 0 
1849 13.819126 0 
1850 13.803069 0 
1851 14.196587 0 
1852 14.320636 0 
1853 14.302087 0 
1854 14.286621 0 
1855 14.270382 0 
1857 14.267810 0 
1861 14.348237 0 
1862 14.332325 0 
1863 14.315209 0 
1864 14.356314 0 
1865 14.339271 0 
1869 14.347568 0 
1870 14.371773 0 
1871 14.355791 0 
1872 14.339100 0 
1873 14.321707 0 
1874 14.446397 0 
1875 14.429420 0 
1876 14.414087 0 
1877 14.416025 0 
1878 14.392402 0 
1879 14.376631 0 
1880 14.466083 0 
1881 14.449762 0 
1883 14.417482 0 
1884 14.441032 0 
1885 14.424736 0 
1886 14.408954 0 
1887 14.395521 0 
1888 14.422191 0 
1889 14.426917 0 
1890 14.410899 0 
1891 14.395009 0 
1892 14.378918 0 
1894 14.405346 0 
1896 14.370095 0 
1897 14.372567 0 
1898 14.353614 0 
1899 14.464584 0 
1900 14.448146 0 
1901 14.625068 0 
1902 14.608849 0 
1904 14.574034 0 
1906 14.776374 0 
1909 14.728122 0 
1913 14.809888 0 
1915 14.773830 0 
1916 14.820040 0 
1917 14.800413 0 
1919 14.806436 0 
1920 14.790000 0 
1921 14.773916 0 
1922 14.773785 0 
1923 14.756685 0 
1924 14.778607 0 
1925 14.891141 0 
1926 14.874948 0 
1927 14.858550 0 
1928 14.842158 0 
1929 14.825315 0 
1930 14.809007 0 
1931 14.967576 0 
1932 14.951514 0 
1933 14.935761 0 
1934 15.224624 0 
1935 15.244914 0 
1936 15.229357 0 
1938 15.202470 0 
1939 15.201002 0 
1940 15.182157 0 
1941 15.165256 0 
1942 15.252104 0 
1943 15.235900 0 
1944 15.219664 0 
1946 15.347747 0 
1947 15.332258 0 
1948 15.316970 0 
1949 15.300757 0 
1952 15.401978 0 
1954 15.681417 0 
1955 15.665140 0 
1956 15.649277 0 
1957 15.633156 0 
1959 15.601409 0 
1960 15.701229 0 
1961 15.731845 0 
1962 15.716143 0 
1963 15.699935 0 
1964 15.697710 0 
1965 15.679430 0 
1967 15.646543 0 
1968 15.805017 0 
1969 15.824449 0 
1972 15.777079 0 
1973 15.759971 0 
1974 15.759530 0 
1975 15.881541 0 
1977 15.849229 0 
1978 15.947232 0 
1979 15.931755 0 
1981 16.037807 0 
1982 16.022291 0 
1984 15.989655 0 
1985 15.973417 0 
1986 15.956798 0 
1987 15.948702 0 
1988 16.035694 0 
1989 16.019383 0 
1990 16.080509 0 
1991 16.176970 0 
1992 16.161428 0 
1994 16.343766 0 
2323 10.839798 0 
2324 10.878639 0 
2325 10.932487 0 
2326 10.910885 0 
2327 11.017916 0 
2328 10.998250 0 
2329 10.982050 0 
2330 10.965775 0 
2332 11.028036 0 
2333 11.094467 0 
2334 11.078593 0 
2336 11.106564 0 
2337 11.090581 0 
2338 11.074700 0 
2339 11.176129 0 
2340 11.158208 0 
2341 11.141002 0 
2342 11.269501 0 
2344 11.237060 0 
2345 11.220826 0 
2346 11.204690 0 
2347 11.188474 0 
2348 11.169119 0 
2349 11.248654 0 
2350 11.232272 0 
2351 11.216291 0 
2352 11.316338 0 
2353 11.300075 0 
2354 11.283841 0 
2355 11.267626 0 
2357 11.283887 0 
2358 11.267919 0 
2359 11.251503 0 
2360 11.329972 0 
2361 11.313729 0 
2362 11.297560 0 
2363 11.282000 0 
2365 11.249408 0 
2366 11.320975 0 
2367 11.304996 0 
2368 11.289125 0 
2370 11.289837 0 
2371 11.273660 0 
2372 11.418210 0 
2373 11.403039 0 
2375 11.425952 0 
2376 11.403293 0 
2377 11.554210 0 
2378 11.538103 0 
2379 11.518569 0 
2380 11.508982 0 
2382 11.476700 0 
2383 11.614663 0 
2384 11.599323 0 
2385 11.583068 0 
2386 11.566107 0 
2387 11.548685 0 
2388 11.556607 0 
2389 11.538905 0 
2392 11.772734 0 
2393 11.760819 0 
2398 12.168883 0 
2400 12.271524 0 
2401 12.289603 0 
2402 12.273203 0 
2403 12.282368 0 
2404 12.266507 0 
2405 12.250226 0 
2406 12.350917 0 
2407 12.334737 0 
2408 12.315387 0 
2409 12.299080 0 
2410 12.283170 0 
2411 12.512406 0 
2412 12.495869 0 
2413 12.479970 0 
2414 12.463731 0 
2415 12.457499 0 
2416 12.509927 0 
2417 12.493647 0 
2419 12.459957 0 
2420 12.466467 0 
2421 12.519467 0 
2422 12.503265 0 
2423 12.487284 0 
2424 12.580098 0 
2425 12.563857 0 
2426 12.546510 0 
2428 12.690771 0 
2429 12.741164 0 
2430 12.726165 0 
2431 12.708228 0 
2433 12.675619 0 
2435 12.805598 0 
2436 12.875548 0 
2446 13.618046 0 
2447 13.647937 0 
2449 13.708997 0 
2450 13.708391 0 
2451 13.692355 0 
2452 13.681212 0 
2454 13.672494 0 
2456 13.636358 0 
2457 13.620892 0 
2458 13.601078 0 
2459 13.671062 0 
2460 13.654589 0 
2461 13.638141 0 
2462 13.716545 0 
2464 13.761869 0 
2465 13.746517 0 
2466 13.725961 0 
2467 13.754189 0 
2468 13.737696 0 
2469 13.721591 0 
2470 13.705018 0 
2471 13.761947 0 
2472 13.746019 0 
2473 13.730192 0 
2474 13.725063 0 
2475 13.853024 0 
2476 13.836520 0 
2477 13.912481 0 
2478 13.927422 0 
2480 14.065922 0 
2481 14.169484 0 
2482 14.152886 0 
2483 14.165179 0 
2484 14.149088 0 
2485 14.133253 0 
2486 14.117370 0 
2487 14.098109 0 
2488 14.092944 0 
2489 14.076439 0 
2491 14.161492 0 
2493 14.128354 0 
2494 14.112965 0 
2495 14.095547 0 
2496 14.178637 0 
2497 14.163452 0 
2498 14.147406 0 
2499 14.131079 0 
2501 14.103312 0 
2502 14.086894 0 
2503 14.070816 0 
2504 14.059969 0 
2506 14.147130 0 
2508 14.152641 0 
2509 14.136100 0 
2510 14.120150 0 
2512 14.086004 0 
2513 14.105517 0 
2514 14.089646 0 
2516 14.228418 0 
2517 14.212417 0 
2518 14.351232 0 
2519 14.333779 0 
2520 14.317501 0 
2521 14.301246 0 
2522 14.323088 0 
2523 14.307253 0 
2524 14.320838 0 
2525 14.303321 0 
2526 14.286093 0 
2527 14.357573 0 
2528 14.341265 0 
2529 14.325126 0 
2530 14.306455 0 
2531 14.290506 0 
2532 14.274091 0 
2533 14.354345 0 
2535 14.380582 0 
2536 14.364427 0 
2537 14.347962 0 
2538 14.331602 0 
2539 14.314930 0 
2540 14.475224 0 
2541 14.459813 0 
2543 14.427834 0 
2544 14.411879 0 
2545 14.395772 0 
2546 14.391138 0 
2547 14.375113 0 
2548 14.369946 0 
2549 14.353276 0 
2550 14.334455 0 
2551 14.318345 0 
2552 14.342004 0 
2553 14.325869 0 
2554 14.309777 0 
2556 14.377043 0 
2557 14.510025 0 
2560 14.483449 0 
2561 14.465565 0 
2562 14.448752 0 
2564 14.655798 0 
2565 14.639489 0 
2566 14.698947 0 
2567 14.722384 0 
2569 14.685245 0 
2570 14.669150 0 
2571 14.651323 0 
2572 14.628203 0 
2574 14.595418 0 
2575 14.810096 0 
2576 14.794047 0 
2577 14.778399 0 
2578 14.762155 0 
2579 14.750935 0 
2581 14.717880 0 
2582 14.702314 0 
2583 14.821386 0 
2584 14.987273 0 
2585 15.088429 0 
2586 15.124282 0 
2587 15.109893 0 
2588 15.161637 0 
2589 15.146028 0 
2591 15.113120 0 
2592 15.097438 0 
2593 15.077988 0 
2594 15.061543 0 
2595 15.045844 0 
2596 15.072694 0 
2597 15.161499 0 
2598 15.145194 0 
2599 15.128818 0 
2600 15.301732 0 
2601 15.285321 0 
2607 15.362088 0 
2611 15.504104 0 
2612 15.488346 0 
2962 9.527915 0 
2965 9.502947 0 
2967 9.470627 0 
2968 9.500587 0 
2969 9.533655 0 
2970 9.538949 0 
2972 9.504249 0 
2973 9.604333 0 
2974 9.587948 0 
2975 9.571949 0 
2976 9.848203 0 
2977 9.923910 0 
2979 9.890682 0 
2980 9.872684 0 
2981 9.945889 0 
2984 10.113106 0 
2985 10.253622 0 
2986 10.233968 0 
2987 10.365059 0 
2989 10.332977 0 
2990 10.317989 0 
2991 10.330196 0 
2992 10.390881 0 
2993 10.374637 0 
2994 10.358533 0 
2995 10.342519 0 
2996 10.325014 0 
2997 10.308298 0 
2998 10.351120 0 
2999 10.334800 0 
3000 10.318253 0 
3001 10.419891 0 
3002 10.403595 0 
3003 10.387107 0 
3004 10.368016 0 
3005 10.351545 0 
3006 10.335685 0 
3007 10.319371 0 
3008 10.549811 0 
3009 10.547421 0 
3010 10.546376 0 
3011 10.530921 0 
3012 10.623623 0 
3013 10.607412 0 
3014 10.662332 0 
3016 10.630070 0 
3017 10.650361 0 
3018 10.728245 0 
3019 10.713842 0 
3020 10.939427 0 
3021 10.971327 0 
3022 10.954915 0 
3023 10.985380 0 
3025 10.949664 0 
3027 11.296412 0 
3028 11.277628 0 
3030 11.244538 0 
3032 11.245692 0 
3033 11.373805 0 
3034 11.376667 0 
3035 11.490227 0 
3038 11.606533 0 
3039 11.590778 0 
3040 11.573313 0 
3041 11.557091 0 
3042 11.540385 0 
3043 11.524187 0 
3044 11.499765 0 
3045 11.483171 0 
3046 11.466857 0 
3047 11.633476 0 
3048 11.617298 0 
3049 11.602749 0 
3051 11.566120 0 
3053 11.538996 0 
3054 11.523202 0 
3058 11.643192 0 
3059 11.641257 0 
3062 11.670640 0 
3064 12.044005 0 
3068 12.027845 0 
3069 12.026199 0 
3070 12.009820 0 
3071 12.035897 0 
3073 12.093528 0 
3074 12.117051 0 
3075 12.093397 0 
3081 12.293833 0 
3082 12.277609 0 
3083 12.261962 0 
3084 12.245559 0 
3085 12.229492 0 
3088 12.253499 0 
3090 12.220273 0 
3091 12.203454 0 
3092 12.315009 0 
3093 12.298610 0 
3094 12.282396 0 
3095 12.265253 0 
3096 12.248205 0 
3098 12.214737 0 
3099 12.197792 0 
3100 12.181030 0 
3101 12.164769 0 
3105 12.458048 0 
3106 12.450988 0 
3107 12.427840 0 
3109 12.485635 0 
3110 12.469989 0 
3111 12.623963 0 
3113 12.589641 0 
3114 12.569916 0 
3115 12.554204 0 
3116 12.577193 0 
3117 12.560609 0 
3118 12.615393 0 
3119 12.752145 0 
3120 12.735911 0 
3121 12.721848 0 
3122 12.705639 0 
3123 12.688833 0 
3124 12.672533 0 
3125 12.656755 0 
3126 12.840552 0 
3127 12.824155 0 
3128 12.808825 0 
3129 12.792383 0 
3130 12.776386 0 
3132 12.741663 0 
3133 12.725314 0 
3134 12.709088 0 
3135 12.692891 0 
3136 12.676055 0 
3137 12.692584 0 
3140 12.919384 0 
3141 12.903299 0 
3142 12.887526 0 
3143 12.870642 0 
3144 13.013335 0 
3145 12.997143 0 
3146 12.977161 0 
3147 12.960511 0 
3148 12.940224 0 
3149 12.971407 0 
3150 12.955280 0 
3151 12.939173 0 
3153 13.183661 0 
3154 13.167593 0 
3155 13.150754 0 
3156 13.134144 0 
3157 13.119860 0 
3158 13.103486 0 
3159 13.424472 0 
3161 13.392344 0 
3162 13.376168 0 
3163 13.361566 0 
3164 13.344810 0 
3167 13.497313 0 
3168 13.480951 0 
3169 13.462988 0 
3171 13.512787 0 
3172 13.496315 0 
3173 13.481578 0 
3174 13.619800 0 
3175 13.603776 0 
3176 13.693971 0 
3178 13.658045 0 
3179 13.722430 0 
3180 13.703181 0 
3181 13.691128 0 
3182 13.672178 0 
3183 13.647811 0 
3184 13.798139 0 
3185 13.782056 0 
3186 14.010622 0 
3188 14.078882 0 
3189 14.063191 0 
3190 14.120892 0 
3191 14.106725 0 
3192 14.090496 0 
3193 14.201883 0 
3194 14.185625 0 
3195 14.166374 0 
3199 14.300931 0 
3200 14.320075 0 
3201 14.303962 0 
3202 14.287400 0 
3203 14.270770 0 
3204 14.298319 0 
3206 14.275942 0 
3207 14.259718 0 
3208 14.285436 0 
3209 14.295727 0 
3210 14.279793 0 
3211 14.288819 0 
3212 14.271809 0 
3213 14.252137 0 
3215 14.390298 0 
3217 14.356663 0 
3218 14.340703 0 
3219 14.324148 0 
3220 14.308115 0 
3221 14.291959 0 
3222 14.272578 0 
3224 14.237293 0 
3225 14.220323 0 
3226 14.204799 0 
3227 14.189760 0 
3229 14.157460 0 
3231 14.141245 0 
3232 14.132578 0 
3233 14.181415 0 
3234 14.216647 0 
3237 14.188602 0 
3238 14.234911 0 
3239 14.218635 0 
3240 14.203959 0 
3241 14.187705 0 
3244 14.231946 0 
3245 14.282832 0 
3246 14.267554 0 
3247 14.249546 0 
3248 14.233271 0 
3513 9.719922 0 
3514 9.818659 0 
3515 9.803759 0 
3516 9.787874 0 
3517 9.772074 0 
3518 9.756048 0 
3519 9.739716 0 
3520 9.768914 0 
3521 9.753034 0 
3522 9.733862 0 
3523 9.717367 0 
3524 9.698754 0 
3525 9.781425 0 
3526 9.761219 0 
3527 9.745239 0 
3528 9.729182 0 
3530 9.696830 0 
3531 9.681180 0 
3532 9.713800 0 
3533 9.697710 0 
3534 9.681574 0 
3535 9.694293 0 
3536 9.677820 0 
3538 9.669538 0 
3539 9.652818 0 
3540 9.653380 0 
3541 9.637066 0 
3542 9.633691 0 
3543 9.617542 0 
3544 9.600495 0 
3545 9.589260 0 
3546 9.572778 0 
3547 9.556530 0 
3548 9.542870 0 
3549 9.545903 0 
3551 9.509676 0 
3552 9.500827 0 
3553 9.484287 0 
3554 9.489491 0 
3555 9.494335 0 
3556 9.490137 0 
3557 9.473609 0 
3559 9.441194 0 
3560 9.443934 0 
3561 9.480266 0 
3562 9.528650 0 
3564 9.497186 0 
3565 9.574160 0 
3566 9.554930 0 
3567 9.539046 0 
3569 9.506144 0 
3570 9.489943 0 
3571 9.473793 0 
3572 9.495386 0 
3573 9.565390 0 
3578 9.589563 0 
3579 9.644579 0 
3580 9.628424 0 
3581 9.612231 0 
3582 9.590569 0 
3583 9.586582 0 
3584 9.566980 0 
3586 9.555393 0 
3587 9.545681 0 
3588 9.529343 0 
3589 9.514403 0 
3590 9.600837 0 
3591 9.584204 0 
3592 9.566361 0 
3593 9.549992 0 
3594 9.606378 0 
3595 9.589971 0 
3596 9.575067 0 
3597 9.557315 0 
3598 9.575444 0 
3599 9.559044 0 
3600 9.629083 0 
3601 9.613072 0 
3602 9.628753 0 
3603 9.637839 0 
3604 9.624515 0 
3605 9.658622 0 
3606 9.642801 0 
3607 9.622567 0 
3608 9.606431 0 
3609 9.590330 0 
3610 9.575190 0 
3611 9.559223 0 
3613 9.519920 0 
3614 9.503387 0 
3615 9.486804 0 
3616 9.484119 0 
3617 9.468008 0 
3618 9.461537 0 
3619 9.445282 0 
3620 9.426075 0 
3622 9.458836 0 
3623 9.440409 0 
3624 9.424572 0 
3625 9.407942 0 
3627 9.368688 0 
3629 9.417616 0 
3630 9.416165 0 
3631 9.480434 0 
3632 9.521384 0 
3635 9.473119 0 
3636 9.456594 0 
3637 9.440450 0 
3638 9.424726 0 
3639 9.408472 0 
3640 9.392314 0 
3641 9.380517 0 
3642 9.400959 0 
3644 9.466732 0 
3645 9.444628 0 
3646 9.428451 0 
3648 9.388751 0 
3650 9.349411 0 
3651 9.332586 0 
3652 9.354999 0 
3653 9.338256 0 
3654 9.322024 0 
3655 9.306078 0 
3656 9.305157 0 
3658 9.272752 0 
3659 9.267963 0 
3660 9.257091 0 
3661 9.241329 0 
3662 9.223948 0 
3663 9.209766 0 
3664 9.275633 0 
3665 9.258953 0 
3666 9.243000 0 
3667 9.226491 0 
3668 9.210363 0 
3669 9.191794 0 
3670 9.175830 0 
3671 9.182947 0 
3672 9.166909 0 
3674 9.163071 0 
3675 9.146325 0 
3676 9.131081 0 
3677 9.120090 0 
3678 9.148398 0 
3679 9.132161 0 
3680 9.115518 0 
3681 9.149981 0 
3682 9.133693 0 
3683 9.186249 0 
3685 9.149901 0 
3687 9.175839 0 
3688 9.209472 0 
3689 9.210093 0 
3690 9.193626 0 
3691 9.177663 0 
3692 9.186130 0 
3693 9.169986 0 
3695 9.159979 0 
3696 9.146400 0 
3697 9.140890 0 
3698 9.123659 0 
3700 9.091729 0 
3702 9.071951 0 
3703 9.056124 0 
3704 9.045584 0 
3706 9.032798 0 
3707 9.016473 0 
3708 9.009428 0 
3710 9.003553 0 
3711 9.012644 0 
3712 8.996775 0 
3713 8.980430 0 
3714 8.964332 0 
3715 9.013205 0 
3716 8.996807 0 
3717 8.979988 0 
3718 9.004928 0 
3719 8.987893 0 
3720 8.987805 0 
3721 8.971652 0 
3722 8.970299 0 
3723 8.954019 0 
3724 8.942308 0 
3725 8.925959 0 
3726 8.930208 0 
3727 8.910903 0 
3729 8.920327 0 
3731 9.071308 0 
3732 9.049508 0 
3733 9.034264 0 
3734 9.018404 0 
3735 9.064220 0 
3737 9.064788 0 
3738 9.048736 0 
3739 9.032533 0 
3740 9.016376 0 
3741 8.999996 0 
3742 8.983894 0 
3743 8.967520 0 
3744 8.947969 0 
3745 8.931022 0 
3746 8.914834 0 
3747 8.903190 0 
3748 8.890969 0 
3750 8.869657 0 
3751 8.854285 0 
3752 8.913996 0 
3753 8.968247 0 
3754 8.952058 0 
3755 8.936924 0 
3756 8.952257 0 
3758 8.918735 0 
3759 8.902468 0 
3760 8.920515 0 
3761 8.904102 0 
3763 8.872091 0 
3764 8.943707 0 
3765 8.955605 0 
3766 8.939549 0 
3768 8.907475 0 
3769 8.891378 0 
3770 8.875000 0 
3771 8.880424 0 
3772 8.864300 0 
3773 8.844445 0 
3775 8.920939 0 
3778 8.925838 0 
3779 8.909600 0 
3780 8.926591 0 
3781 8.914665 0 
3782 8.898468 0 
3783 8.944401 0 
3785 8.911351 0 
3786 8.894782 0 
3787 8.950338 0 
3788 9.006747 0 
3789 8.990583 0 
3790 9.025275 0 
3791 9.009351 0 
3792 8.993736 0 
3793 8.977428 0 
3794 8.961035 0 
3795 8.944906 0 
3796 8.928821 0 
3797 8.912915 0 
3798 8.896564 0 
3799 8.891688 0 
3800 8.942882 0 
4086 4.085051 0 
4087 4.203348 0 
4088 4.187174 0 
4089 4.203964 0 
4090 4.230407 0 
4091 4.218332 0 
4093 4.248434 0 
4094 4.232475 0 
4095 4.221348 0 
4096 4.221776 0 
4098 4.213369 0 
4100 4.211532 0 
4101 4.195903 0 
4102 4.253193 0 
4104 4.221246 0 
4105 4.263891 0 
4106 4.248150 0 
4108 4.214300 0 
4114 4.424511 0 
4115 4.408356 0 
4116 4.392194 0 
4117 4.376517 0 
4118 4.360650 0 
4119 4.435016 0 
4120 4.477058 0 
4121 4.460953 0 
4122 4.445631 0 
4123 4.428439 0 
4124 4.414685 0 
4125 4.464483 0 
4127 4.429508 0 
4128 4.413402 0 
4129 4.397087 0 
4130 4.380492 0 
4131 4.372764 0 
4132 4.366323 0 
4133 4.347637 0 
4135 4.315409 0 
4136 4.316358 0 
4137 4.300060 0 
4138 4.283766 0 
4139 4.267553 0 
4140 4.268213 0 
4141 4.252196 0 
4142 4.231746 0 
4143 4.230116 0 
4144 4.246636 0 
4145 4.230650 0 
4146 4.214247 0 
4148 4.192628 0 
4149 4.176081 0 
4150 4.196986 0 
4151 4.275559 0 
4152 4.260016 0 
4153 4.248078 0 
4154 4.227676 0 
4156 4.194404 0 
4157 4.178596 0 
4158 4.166028 0 
4159 4.184020 0 
4161 4.149671 0 
4162 4.142447 0 
4163 4.126238 0 
4164 4.133143 0 
4166 4.149332 0 
4167 4.138533 0 
4168 4.120175 0 
4169 4.106837 0 
4170 4.092487 0 
4171 4.076351 0 
4173 4.114426 0 
4174 4.098282 0 
4175 4.135087 0 
4176 4.154481 0 
4177 4.170037 0 
4178 4.153678 0 
4179 4.137561 0 
4180 4.156847 0 
4181 4.139898 0 
4183 4.106694 0 
4184 4.234228 0 
4185 4.217973 0 
4186 4.201850 0 
4187 4.218769 0 
4188 4.202487 0 
4191 4.244415 0 
4192 4.228730 0 
4193 4.210240 0 
4194 4.194081 0 
4195 4.177873 0 
4196 4.161711 0 
4197 4.144885 0 
4198 4.126860 0 
4199 4.178982 0 
4200 4.163265 0 
4201 4.146970 0 
4202 4.131121 0 
4203 4.113111 0 
4204 4.092985 0 
4205 4.076623 0 
4206 4.062633 0 
4207 4.125033 0 
4208 4.142090 0 
4210 4.130943 0 
4211 4.114563 0 
4212 4.134440 0 
4213 4.119604 0 
4214 4.124637 0 
4215 4.104910 0 
4216 4.097178 0 
4217 4.080637 0 
4219 4.199174 0 
4220 4.182939 0 
4221 4.165585 0 
4222 4.152040 0 
4224 4.121302 0 
4226 4.135648 0 
4227 4.127278 0 
4228 4.183354 0 
4229 4.206806 0 
4232 4.158592 0 
4233 4.142820 0 
4234 4.193560 0 
4235 4.177190 0 
4236 4.153535 0 
4237 4.135280 0 
4238 4.116475 0 
4239 4.100189 0 
4240 4.212724 0 
4241 4.196608 0 
4242 4.180489 0 
4245 4.133195 0 
4247 4.126437 0 
4248 4.110458 0 
4493 0.011055 1 
4494 0.016786 1 
4250 4.135431 0 
4251 4.119222 0 
4252 4.103002 0 
4253 4.093991 0 
4255 4.059242 0 
4256 4.068451 0 
4257 4.069079 0 
4258 4.052811 0 
4259 4.049453 0 
4260 4.033587 0 
4261 4.017269 0 
4262 4.027792 0 
4498 0.127661 1 
4499 0.111348 1 
4500 0.095145 1 
4502 0.062108 1 
4503 0.046129 1 
4504 0.029737 1 
4506 0.006520 1 
4507 0.006446 1 
4263 4.109695 0 
4264 4.091293 0 
4265 4.075188 0 
4266 4.059451 0 
4267 4.043334 0 
4508 0.013354 1 
4509 0.010524 1 
4510 0.005648 1 
4511 0.005885 1 
4268 4.101453 0 
4512 0.006065 1 
4269 4.101071 0 
4513 0.006389 1 
4514 0.006112 1 
4515 0.006932 1 
4516 0.007117 1 
4517 0.005132 1 
4271 4.225269 0 
4273 4.205185 0 
4274 4.188846 0 
4275 4.173034 0 
4276 4.156721 0 
4518 0.133692 1 
4521 0.105832 1 
4522 0.089820 1 
4523 0.071239 1 
4525 0.038734 1 
4526 0.019245 1 
4527 0.010956 1 
4528 0.006198 1 
4529 0.006340 1 
4530 0.005702 1 
4277 4.267950 0 
4278 4.251554 0 
4531 0.012974 1 
4279 4.267257 0 
4280 4.251230 0 
4533 0.009834 1 
4534 0.009426 1 
4282 4.247983 0 
4535 0.005693 1 
4284 4.223810 0 
4285 4.207394 0 
4286 4.190841 0 
4287 4.174849 0 
4288 4.158804 0 
4289 4.158670 0 
4290 4.142514 0 
4536 0.016102 1 
4537 0.006328 1 
4538 0.006197 1 
4539 0.006897 1 
4292 4.153761 0 
4293 4.137568 0 
4294 4.121309 0 
4295 4.105131 0 
4540 0.004622 1 
4541 0.007239 1 
4542 0.006602 1 
4543 0.022081 1 
4544 0.005742 1 
4297 4.151413 0 
4299 4.119248 0 
4300 4.103041 0 
4301 4.083916 0 
4546 0.006468 1 
4303 4.084042 0 
4547 0.005420 1 
4548 0.008593 1 
4549 0.006407 1 
4550 0.006361 1 
4304 4.142910 0 
4305 4.126725 0 
4307 4.092338 0 
4308 4.073902 0 
4309 4.057082 0 
4310 4.041131 0 
4311 4.024999 0 
4551 0.022853 1 
4552 0.006712 1 
4554 0.005614 1 
4555 0.006763 1 
4556 0.006415 1 
4312 4.108570 0 
4313 4.092827 0 
4314 4.074570 0 
4315 4.058471 0 
4316 4.041624 0 
4317 4.026011 0 
4557 0.012237 1 
4318 4.034957 0 
4319 4.012340 0 
4320 3.996051 0 
4321 3.998880 0 
4322 3.982349 0 
4559 0.005863 1 
4560 0.006460 1 
4561 0.013447 1 
4562 0.015790 1 
4323 4.050713 0 
4324 4.036770 0 
4564 0.006487 1 
4565 0.016620 1 
4566 0.014009 1 
4326 4.056078 0 
4327 4.039693 0 
4328 4.023607 0 
4329 4.007359 0 
4567 0.006535 1 
4568 0.014785 1 
4569 0.005116 1 
4330 4.032917 0 
4331 4.016590 0 
4571 0.005572 1 
4332 4.033327 0 
4334 4.000733 0 
4572 0.007017 1 
4573 0.010636 1 
4574 0.007202 1 
4575 0.012274 1 
4576 0.008675 1 
4335 4.068979 0 
4336 4.052743 0 
4577 0.007111 1 
4578 0.007587 1 
4337 4.079847 0 
4338 4.063672 0 
4579 0.005909 1 
4581 0.010946 1 
4582 0.005749 1 
4339 4.104883 0 
4340 4.086887 0 
4583 0.007253 1 
4341 4.085418 0 
4584 0.006377 1 
4342 4.094305 0 
4343 4.077403 0 
4585 0.007786 1 
4586 0.007002 1 
4344 4.089410 0 
4345 4.073427 0 
4587 0.009610 1 
4347 4.056548 0 
4588 0.008647 1 
4348 4.076815 0 
4349 4.059633 0 
4350 4.075007 0 
4351 4.073218 0 
4352 4.056972 0 
4353 4.064927 0 
4355 4.031972 0 
4356 4.015317 0 
4357 3.999160 0 
4358 3.999469 0 
4360 3.966867 0 
4361 3.972380 0 
4362 3.956423 0 
4363 3.940140 0 
4365 3.907776 0 
4366 3.887616 0 
4367 3.871584 0 
4589 0.137275 1 
4368 3.894586 0 
4369 3.895248 0 
4370 3.878556 0 
4372 3.851087 0 
4373 3.879004 0 
4374 3.862933 0 
4375 3.846930 0 
4376 3.830943 0 
4591 0.216930 1 
4592 0.200995 1 
4593 0.184922 1 
4594 0.168594 1 
4595 0.151794 1 
4596 0.135865 1 
4597 0.119354 1 
4598 0.100801 1 
4599 0.084775 1 
4600 0.068152 1 
4601 0.068471 1 
4602 0.045976 1 
4377 3.841048 0 
4603 0.046254 1 
4604 0.028997 1 
4605 0.014084 1 
4606 0.008955 1 
4608 0.012187 1 
4378 3.896772 0 
4379 3.880596 0 
4380 3.864261 0 
4382 3.833577 0 
4383 3.817364 0 
4384 3.800878 0 
4385 3.784888 0 
4386 3.768554 0 
4609 0.016717 1 
4610 0.007300 1 
4611 0.017907 1 
4612 0.007140 1 
4387 3.820471 0 
4388 3.804798 0 
4389 3.788531 0 
4613 0.008151 1 
4614 0.006676 1 
4615 0.009765 1 
4390 3.811199 0 
4391 3.795058 0 
4392 3.778877 0 
4617 0.012694 1 
4618 0.009225 1 
4393 3.842525 0 
4394 3.826593 0 
4395 3.810408 0 
4396 3.794166 0 
4397 3.778261 0 
4398 3.759307 0 
4399 3.742890 0 
4400 3.726887 0 
4401 3.710734 0 
4402 3.694330 0 
4403 3.678143 0 
4404 3.662551 0 
4622 0.012223 1 
4405 3.702223 0 
4406 3.685689 0 
4407 3.669418 0 
4409 3.637214 0 
4410 3.621016 0 
4411 3.604922 0 
4624 0.008004 1 
4625 0.018093 1 
4626 0.014003 1 
4412 3.643194 0 
4413 3.626900 0 
4627 0.015997 1 
4414 3.635173 0 
4415 3.618707 0 
4416 3.602374 0 
4418 3.604350 0 
4419 3.588115 0 
4420 3.572025 0 
4421 3.555845 0 
4630 0.017627 1 
4631 0.010758 1 
4632 0.027049 1 
4633 0.027489 1 
4634 0.011225 1 
4635 0.023212 1 
4423 3.622942 0 
4636 0.015508 1 
4637 0.018062 1 
4638 0.013265 1 
4639 0.009092 1 
4640 0.008153 1 
4641 0.009959 1 
4426 3.681376 0 
4643 0.012371 1 
4427 3.686109 0 
4645 0.012942 1 
4428 3.700476 0 
4431 3.651224 0 
4432 3.635115 0 
4433 3.618942 0 
4646 0.014011 1 
4434 3.623961 0 
4435 3.604288 0 
4436 3.587212 0 
4437 3.587559 0 
4438 3.571180 0 
4439 3.554952 0 
4647 0.046930 1 
4648 0.030408 1 
4649 0.018297 1 
4440 3.553499 0 
4441 3.536806 0 
4442 3.520568 0 
4650 0.010350 1 
4444 3.525087 0 
4651 0.020259 1 
4653 0.009809 1 
4654 0.009800 1 
4446 3.535750 0 
4447 3.519454 0 
4448 3.517488 0 
4449 3.501276 0 
4450 3.485015 0 
4451 3.468863 0 
4452 3.452333 0 
4655 0.013735 1 
4454 3.447422 0 
4455 3.431304 0 
4656 0.024461 1 
4657 0.012963 1 
4456 3.429510 0 
4457 3.413514 0 
4458 3.397146 0 
4658 0.012720 1 
4459 3.404377 0 
4659 0.015036 1 
4660 0.013235 1 
4661 0.007268 1 
4460 3.436710 0 
4461 3.420660 0 
4462 3.408564 0 
4662 0.013673 1 
4663 0.007686 1 
4664 0.010964 1 
4665 0.006710 1 
4666 0.014342 1 
4463 3.470853 0 
4464 3.450211 0 
4465 3.434036 0 
4466 3.416354 0 
4467 3.400259 0 
4667 0.012523 1 
4468 3.391702 0 
4470 3.395593 0 
4471 3.377941 0 
4472 3.361444 0 
4669 0.026464 1 
4670 0.014111 1 
4473 3.400486 0 
4474 3.384618 0 
4475 3.368341 0 
4476 3.351664 0 
4477 3.369779 0 
4478 3.353755 0 
4479 3.337518 0 
4481 3.299245 0 
4483 3.288352 0 
4484 3.268105 0 
4485 3.251991 0 
4486 3.235876 0 
4487 3.219458 0 
4488 3.236606 0 
4489 3.290739 0 
4491 3.257651 0 
4492 3.245718 0 
4673 0.244941 1 
4674 0.230094 1 
4675 0.214000 1 
4676 0.197301 1 
4677 0.181329 1 
4678 0.165222 1 
4680 0.131876 1 
4682 0.099466 1 
4683 0.083630 1 
4684 0.067320 1 
4493 3.291757 0 
4494 3.275536 0 
4496 3.242654 0 
4687 0.021509 1 
4688 0.013289 1 
4498 3.240451 0 
4499 3.224095 0 
4500 3.208115 0 
4690 0.008415 1 
4691 0.010393 1 
4502 3.214216 0 
4503 3.198050 0 
4504 3.181905 0 
4692 0.016985 1 
4693 0.010758 1 
4506 3.174864 0 
4507 3.158500 0 
4508 3.138349 0 
4509 3.123959 0 
4510 3.107007 0 
4511 3.091180 0 
4695 0.011943 1 
4512 3.125746 0 
4513 3.109162 0 
4514 3.093333 0 
4515 3.077091 0 
4516 3.060616 0 
4697 0.015881 1 
4698 0.012755 1 
4517 3.073255 0 
4518 3.056927 0 
4519 3.040677 0 
4520 3.024281 0 
4699 0.018557 1 
4521 3.043691 0 
4522 3.027452 0 
4701 0.010797 1 
4702 0.008543 1 
4523 3.043156 0 
4525 3.010674 0 
4526 2.991012 0 
4527 2.974258 0 
4703 0.008252 1 
4528 2.983322 0 
4529 2.967145 0 
4530 2.945104 0 
4531 2.928306 0 
4533 2.896005 0 
4705 0.009206 1 
4534 2.893252 0 
4535 2.877319 0 
4706 0.008987 1 
4536 2.887807 0 
4537 2.871496 0 
4538 2.854925 0 
4707 0.011222 1 
4539 2.841704 0 
4708 0.009520 1 
4540 2.845814 0 
4541 2.829637 0 
4542 2.813499 0 
4709 0.013489 1 
4710 0.007290 1 
4543 2.837211 0 
4544 2.820797 0 
4546 2.787656 0 
4711 0.011043 1 
4712 0.008057 1 
4713 0.010691 1 
4547 2.819978 0 
4548 2.803600 0 
4714 0.012005 1 
4549 2.808541 0 
4550 2.793013 0 
4551 2.776582 0 
4715 0.016785 1 
4552 2.770869 0 
4554 2.732167 0 
4716 0.009473 1 
4555 2.733008 0 
4717 0.012018 1 
4718 0.009547 1 
4556 2.742060 0 
4557 2.721962 0 
4559 2.689678 0 
4560 2.673372 0 
4561 2.650616 0 
4562 2.634170 0 
4564 2.629581 0 
4565 2.648255 0 
4566 2.631986 0 
4567 2.626875 0 
4568 2.608072 0 
4569 2.592222 0 
4571 2.575111 0 
4572 2.558870 0 
4573 2.567859 0 
4721 0.156508 1 
4722 0.140135 1 
4724 0.106187 1 
4725 0.089866 1 
4726 0.073617 1 
4727 0.057407 1 
4728 0.041171 1 
4729 0.025040 1 
4574 2.632704 0 
4575 2.616664 0 
4576 2.601381 0 
4577 2.585164 0 
4578 2.568687 0 
4579 2.549228 0 
4581 2.516754 0 
4582 2.498195 0 
4583 2.481828 0 
4584 2.463023 0 
4585 2.446040 0 
4586 2.430079 0 
4587 2.414924 0 
4588 2.398598 0 
4589 2.382275 0 
4590 2.366145 0 
4730 0.051066 1 
4591 2.397753 0 
4592 2.381885 0 
4732 0.025469 1 
4733 0.013484 1 
4734 0.017575 1 
4593 2.405274 0 
4594 2.389185 0 
4595 2.372609 0 
4596 2.356672 0 
4735 0.012191 1 
4736 0.012616 1 
4597 2.369811 0 
4598 2.351319 0 
4599 2.335326 0 
4600 2.318759 0 
4601 2.311573 0 
4602 2.288994 0 
4737 0.024397 1 
4738 0.020449 1 
4739 0.016929 1 
4603 2.309030 0 
4604 2.291800 0 
4740 0.013604 1 
4605 2.294644 0 
4606 2.278465 0 
4608 2.246197 0 
4609 2.230084 0 
4610 2.217865 0 
4741 0.010122 1 
4611 2.221541 0 
4612 2.204914 0 
4613 2.188724 0 
4614 2.172269 0 
4742 0.010279 1 
4743 0.009443 1 
4615 2.186404 0 
4745 0.011055 1 
4617 2.177228 0 
4746 0.014714 1 
4618 2.183681 0 
4619 2.167449 0 
4620 2.151001 0 
4622 2.116190 0 
4747 0.013172 1 
4624 2.112078 0 
4625 2.102041 0 
4748 0.020433 1 
4749 0.010062 1 
4750 0.010783 1 
4626 2.121446 0 
4627 2.105264 0 
4630 2.055031 0 
4631 2.038401 0 
4632 2.022276 0 
4633 2.005779 0 
4634 1.989455 0 
4751 0.005461 1 
4635 2.015045 0 
4636 2.011500 0 
4637 1.994188 0 
4638 1.977648 0 
4639 1.961456 0 
4640 1.953212 0 
4641 1.937217 0 
4643 1.901399 0 
4645 1.890421 0 
4646 1.872857 0 
4647 1.857327 0 
4648 1.840769 0 
4649 1.850029 0 
4650 1.833887 0 
4651 1.812805 0 
4653 1.779430 0 
4654 1.794787 0 
4655 1.778785 0 
4656 1.762356 0 
4657 1.740573 0 
4658 1.724258 0 
4659 1.708021 0 
4660 1.691421 0 
4661 1.680406 0 
4662 1.677485 0 
4663 1.660872 0 
4664 1.645106 0 
4665 1.628763 0 
4666 1.611809 0 
4667 1.593955 0 
4753 0.185492 1 
4754 0.168413 1 
4669 1.645965 0 
4670 1.629854 0 
4755 0.174365 1 
4756 0.157928 1 
4758 0.125549 1 
4759 0.109255 1 
4760 0.092212 1 
4761 0.076002 1 
4763 0.039967 1 
4764 0.016556 1 
4671 1.621131 0 
4672 1.604986 0 
4673 1.588720 0 
4674 1.598579 0 
4675 1.582494 0 
4765 0.044887 1 
4676 1.587927 0 
4677 1.571971 0 
4678 1.556884 0 
4680 1.523791 0 
4767 0.024351 1 
4682 1.498317 0 
4683 1.482489 0 
4684 1.466178 0 
4685 1.469825 0 
4686 1.526774 0 
4687 1.510057 0 
4688 1.494390 0 
4690 1.462614 0 
4691 1.446289 0 
4692 1.429868 0 
4693 1.413778 0 
4695 1.407047 0 
4697 1.373176 0 
4768 0.137063 1 
4698 1.363997 0 
4699 1.346699 0 
4701 1.330444 0 
4702 1.314759 0 
4703 1.298813 0 
4705 1.266599 0 
4706 1.250755 0 
4707 1.265202 0 
4708 1.247519 0 
4709 1.230633 0 
4710 1.243063 0 
4711 1.227181 0 
4712 1.211049 0 
4713 1.194578 0 
4714 1.178644 0 
4715 1.160689 0 
4716 1.180334 0 
4717 1.187269 0 
4718 1.169146 0 
4719 1.154025 0 
4720 1.136466 0 
4721 1.120771 0 
4770 0.254344 1 
4771 0.237273 1 
4772 0.221097 1 
4773 0.204823 1 
4774 0.188706 1 
4775 0.172459 1 
4722 1.122335 0 
4724 1.088399 0 
4725 1.072233 0 
4726 1.055990 0 
4727 1.060715 0 
4728 1.045169 0 
4729 1.029418 0 
4730 1.013380 0 
4732 0.969992 0 
4733 0.954163 0 
4783 0.075683 1 
4784 0.053775 1 
4785 0.036317 1 
4734 0.958299 0 
4735 0.941172 0 
4736 0.924641 0 
4737 0.908886 0 
4738 0.892575 0 
4786 0.059611 1 
4739 0.906506 0 
4740 0.889932 0 
4741 0.864678 0 
4742 0.840286 0 
4743 0.824145 0 
4745 0.790925 0 
4746 0.774650 0 
4787 0.082076 1 
4788 0.065529 1 
4789 0.049324 1 
4790 0.033002 1 
4791 0.019807 1 
4792 0.020289 1 
4747 0.811385 0 
4748 0.794486 0 
4749 0.777032 0 
4750 0.759405 0 
4751 0.739595 0 
4753 0.703521 0 
4754 0.686636 0 
4755 0.670827 0 
4756 0.654462 0 
4793 0.020151 1 
4758 0.651960 0 
4759 0.635690 0 
4760 0.618775 0 
4761 0.602710 0 
4763 0.566783 0 
4764 0.543639 0 
4765 0.526588 0 
4766 0.507814 0 
4767 0.553114 0 
4768 0.536516 0 
4770 0.498167 0 
4771 0.481223 0 
4772 0.465247 0 
4773 0.449004 0 
4774 0.432919 0 
4775 0.416704 0 
4776 0.399695 0 
4777 0.383468 0 
4778 0.366578 0 
4780 0.333916 0 
4781 0.317080 0 
4782 0.300471 0 
4783 0.284689 0 
4784 0.262771 0 
4785 0.245289 0 
4786 0.229280 0 
4787 0.213025 0 
4788 0.196732 0 
4789 0.208966 0 
4790 0.192658 0 
4791 0.176573 0 
4794 0.146664 1 
4792 0.209646 0 
4793 0.191961 0 
4794 0.174852 0 
4795 0.158190 0 
4796 0.142399 0 
4797 0.126029 0 
4798 0.109825 0 
4799 0.094308 0 
4800 0.070695 0 
4801 0.054211 0 
4802 0.038274 0 
4803 0.022515 0 
4804 0.020619 0 
4805 0.022376 0 
4796 0.184329 1 
4797 0.168061 1 
4798 0.151755 1 
4799 0.163601 1 
4800 0.140060 1 
4801 0.148684 1 
4802 0.132387 1 
4803 0.116324 1 
4804 0.100100 1 
4805 0.102760 1 
4807 0.070205 1 
4808 0.053854 1 
4809 0.059174 1 
4810 0.043097 1 
4809 0.065361 0 
4810 0.049425 0 
4811 0.033705 0 
4812 0.022953 0 
4811 0.040402 1 
4812 0.024158 1 
4813 0.022138 0 
4813 0.031503 1 
4814 0.012935 1 
4814 0.040173 0 
4816 0.014938 0 
4816 0.021986 1 
4817 0.017012 1 
4818 0.011216 1 
4819 0.026450 0 
4821 0.022667 1 
4821 0.023850 0 
4823 0.018383 1 
4823 0.021270 0 
4824 0.040399 1 
4825 0.025033 1 
4824 0.048032 0 
4826 0.023499 1 
4825 0.063607 0 
4826 0.047185 0 
4829 0.005122 0 
4829 0.013442 1 
4830 0.018850 0 
4830 0.025051 1 
4831 0.055112 1 
4832 0.038759 1 
4833 0.021756 1 
4834 0.018294 1 
4834 0.018391 0 
4835 0.012040 1 
4836 0.012770 1 
4836 0.022859 0 
4837 0.012189 1 
4837 0.024929 0 
4838 0.014993 1 
4839 0.011694 1 
4840 0.018050 1 
4838 0.084515 0 
4839 0.063567 0 
4842 0.019845 1 
4842 0.036092 0 
4844 0.014381 1 
4845 0.012014 1 
4846 0.019824 1 
4844 0.059300 0 
4845 0.042827 0 
4847 0.014226 1 
4846 0.038760 0 
4847 0.022582 0 
4848 0.010540 1 
4849 0.011085 1 
4848 0.034194 0 
4849 0.017884 0 
4850 0.009331 1 
4852 0.015299 1 
4853 0.014123 1 
4850 0.064171 0 
4852 0.031258 0 
4853 0.040293 0 
4854 0.024606 0 
4855 0.008415 0 
4856 0.022587 0 
4857 0.044086 0 
4858 0.027918 0 
4859 0.011230 0 
4862 0.082968 0 
4863 0.066333 0 
4864 0.050175 0 
4865 0.033492 0 
4866 0.030351 0 
4868 0.023865 0 
4869 0.061149 0 
4870 0.045030 0 
4871 0.028758 0 
4872 0.030785 0 
4873 0.014177 0 
4874 0.038950 0 
4875 0.022813 0 
4855 0.376511 1 
4856 0.360106 1 
4857 0.343332 1 
4858 0.327076 1 
4876 0.029896 0 
4859 0.324616 1 
4860 0.308906 1 
4877 0.027773 0 
4861 0.308573 1 
4862 0.290567 1 
4863 0.294124 1 
4869 0.209831 1 
4870 0.193719 1 
4879 0.056204 0 
4881 0.032285 0 
4882 0.015685 0 
4871 0.213170 1 
4872 0.197343 1 
4873 0.180755 1 
4876 0.130656 1 
4877 0.114516 1 
4881 0.066062 1 
4882 0.049304 1 
4883 0.033151 1 
4884 0.028121 1 
4885 0.024937 1 
4883 0.063843 0 
4884 0.047857 0 
4885 0.031310 0 
4886 0.014952 0 
4886 0.016575 1 
4887 0.013314 1 
4889 0.025234 1 
4889 0.027740 0 
4890 0.017997 1 
4890 0.033386 0 
4891 0.017375 0 
4892 0.032017 0 
4894 0.031679 0 
4896 0.019942 0 
4897 0.028151 0 
4898 0.088427 0 
4900 0.055983 0 
4901 0.039694 0 
4902 0.023219 0 
4894 0.188479 1 
4896 0.156037 1 
4897 0.139921 1 
4898 0.122913 1 
4900 0.090412 1 
4901 0.074122 1 
4904 0.051916 0 
4905 0.035742 0 
4906 0.019395 0 
4902 0.087732 1 
4907 0.015038 0 
4905 0.060796 1 
4906 0.044573 1 
4907 0.028262 1 
4908 0.021478 0 
4908 0.021558 1 
4909 0.012348 1 
4910 0.015172 1 
4909 0.034638 0 
4910 0.015773 0 
4911 0.011122 0 
4912 0.032427 0 
4913 0.016179 0 
4914 0.025665 0 
4915 0.037143 0 
4911 0.154372 1 
4916 0.078316 0 
4917 0.054216 0 
4921 0.066536 0 
4923 0.034031 0 
4924 0.017556 0 
4925 0.029111 0 
4926 0.026785 0 
4927 0.021790 0 
4928 0.024255 0 
4914 0.300742 1 
4915 0.283139 1 
4916 0.267084 1 
4917 0.242980 1 
4929 0.035859 0 
4918 0.232029 1 
4931 0.034163 0 
4932 0.009024 0 
4933 0.015373 0 
4934 0.022574 0 
4924 0.241458 1 
4925 0.225310 1 
4926 0.207411 1 
4935 0.052186 0 
4936 0.035324 0 
4937 0.018691 0 
4927 0.213379 1 
4928 0.196564 1 
4938 0.024287 0 
4939 0.022011 0 
4929 0.194621 1 
4931 0.162492 1 
4932 0.137357 1 
4933 0.121366 1 
4934 0.105196 1 
4935 0.089226 1 
4937 0.055982 1 
4938 0.039383 1 
4939 0.024279 1 
4940 0.025573 1 
4941 0.009833 1 
4940 0.037186 0 
4941 0.021577 0 
4942 0.012096 1 
4942 0.019237 0 
4944 0.008029 1 
4946 0.084139 0 
4947 0.086461 0 
4948 0.070504 0 
4949 0.052099 0 
4950 0.032166 0 
4952 0.008450 0 
4953 0.016163 0 
4947 0.173075 1 
4948 0.157125 1 
4949 0.138593 1 
4950 0.118497 1 
4952 0.085888 1 
4953 0.069795 1 
4954 0.052731 1 
4954 0.052753 0 
4955 0.036670 0 
4955 0.056800 1 
4957 0.027844 1 
4958 0.022409 1 
4959 0.016226 1 
4959 0.032183 0 
4960 0.015688 0 
4960 0.015855 1 
4962 0.033589 0 
4963 0.017380 0 
4964 0.027746 0 
4965 0.011791 0 
4966 0.058838 0 
4967 0.043014 0 
4969 0.053122 0 
4970 0.036933 0 
4971 0.084493 0 
4972 0.068018 0 
4973 0.052141 0 
4974 0.035592 0 
4975 0.019235 0 
4976 0.063467 0 
4977 0.050195 0 
4979 0.017967 0 
4980 0.069555 0 
4981 0.053428 0 
4982 0.037421 0 
4964 0.345373 1 
4965 0.329230 1 
4966 0.313045 1 
4967 0.296854 1 
4969 0.264222 1 
4970 0.247811 1 
4983 0.051434 0 
4984 0.035653 0 
4985 0.037889 0 
4986 0.022262 0 
4987 0.011993 0 
4975 0.246151 1 
4988 0.047970 0 
4989 0.031481 0 
4990 0.015450 0 
4976 0.248640 1 
4977 0.232495 1 
4979 0.200388 1 
4980 0.183102 1 
4981 0.166961 1 
4982 0.150994 1 
4983 0.134731 1 
4984 0.118797 1 
4989 0.036422 1 
4991 0.054611 0 
4992 0.040171 0 
4993 0.029585 0 
4994 0.036065 0 
4995 0.019766 0 
4990 0.151965 1 
4996 0.047729 0 
4997 0.028237 0 
4998 0.139192 0 
4999 0.123210 0 
5000 0.107387 0 
5001 0.091718 0 
5002 0.074412 0 
4991 0.393924 1 
4992 0.393956 1 
4993 0.392308 1 
4994 0.375989 1 
4995 0.359452 1 
4996 0.336620 1 
5003 0.232780 0 
5004 0.216804 0 
5006 0.183022 0 
5009 0.127573 0 
5010 0.111155 0 
5011 0.094903 0 
5012 0.078657 0 
5013 0.060982 0 
5015 0.021604 0 
4997 0.335208 1 
4998 0.319952 1 
4999 0.303674 1 
5004 0.254571 1 
5006 0.220825 1 
5007 0.198004 1 
5008 0.181546 1 
5009 0.170637 1 
5010 0.154657 1 
5011 0.138434 1 
5012 0.122209 1 
5013 0.104507 1 
5015 0.076160 1 
5016 0.059779 1 
5017 0.043635 1 
5016 0.075860 0 
5017 0.059678 0 
5018 0.043492 0 
5020 0.013344 1 
5022 0.013588 1 
5023 0.019698 1 
5024 0.015502 1 
5022 0.076604 0 
5025 0.028974 1 
5023 0.069479 0 
5028 0.146794 1 
5025 0.285250 0 
5028 0.236567 0 
5029 0.220993 0 
5031 0.220432 1 
5032 0.204371 1 
5033 0.188073 1 
5034 0.171833 1 
5035 0.155794 1 
5036 0.139075 1 
5037 0.122225 1 
5038 0.105777 1 
5043 0.026369 1 
5044 0.018080 1 
5045 0.010208 1 
5046 0.005355 1 
5047 0.006702 1 
5048 0.005705 1 
5030 0.309056 0 
5031 0.290953 0 
5032 0.274863 0 
5033 0.258763 0 
5049 0.007138 1 
5034 0.261916 0 
5035 0.245817 0 
5051 0.006065 1 
5052 0.009389 1 
5053 0.007557 1 
5054 0.006491 1 
5055 0.006799 1 
5056 0.009914 1 
5036 0.394061 0 
5037 0.377396 0 
5038 0.360801 0 
5039 0.345084 0 
5041 0.330091 0 
5043 0.297434 0 
5057 0.133508 1 
5060 0.113706 1 
5061 0.096909 1 
5062 0.095823 1 
5063 0.079740 1 
5064 0.063320 1 
5065 0.047359 1 
5067 0.013029 1 
5068 0.015345 1 
5069 0.011275 1 
5045 0.447571 0 
5046 0.431433 0 
5070 0.024686 1 
5071 0.021751 1 
5072 0.012301 1 
5073 0.010418 1 
5074 0.006079 1 
5075 0.006606 1 
5076 0.020965 1 
5047 0.534085 0 
5048 0.518191 0 
5049 0.502116 0 
5051 0.469363 0 
5078 0.012630 1 
5080 0.007601 1 
5081 0.007513 1 
5082 0.018421 1 
5052 0.535911 0 
5053 0.519921 0 
5083 0.016184 1 
5084 0.008831 1 
5085 0.009369 1 
5086 0.007388 1 
5054 0.567703 0 
5055 0.552506 0 
5056 0.535638 0 
5057 0.519578 0 
5058 0.503754 0 
5059 0.487560 0 
5088 0.008395 1 
5089 0.010486 1 
5090 0.007072 1 
5091 0.006799 1 
5060 0.569335 0 
5093 0.011338 1 
5095 0.011439 1 
5096 0.007690 1 
5097 0.009423 1 
5099 0.007938 1 
5061 0.662739 0 
5062 0.646945 0 
5063 0.630846 0 
5064 0.614422 0 
5100 0.008351 1 
5101 0.009210 1 
5103 0.005639 1 
5104 0.008243 1 
5105 0.007471 1 
5106 0.020993 1 
5107 0.010134 1 
5108 0.008744 1 
5109 0.010143 1 
5110 0.010272 1 
5111 0.014726 1 
5112 0.007964 1 
5065 0.812787 0 
5113 0.014692 1 
5067 0.794518 0 
5068 0.772077 0 
5114 0.012312 1 
5115 0.013088 1 
5116 0.011530 1 
5117 0.005221 1 
5118 0.009813 1 
5119 0.009595 1 
5120 0.012539 1 
5069 0.890421 0 
5070 0.873862 0 
5071 0.857668 0 
5072 0.841203 0 
5122 0.008426 1 
5123 0.011364 1 
5124 0.006254 1 
5125 0.009858 1 
5126 0.010483 1 
5073 0.913653 0 
5074 0.897615 0 
5075 0.880247 0 
5076 0.864446 0 
5127 0.012329 1 
5080 0.814949 0 
5128 0.017323 1 
5130 0.006986 1 
5131 0.015134 1 
5132 0.007985 1 
5133 0.008998 1 
5082 0.891396 0 
5083 0.875478 0 
5084 0.855862 0 
5085 0.839549 0 
5086 0.823125 0 
5088 0.790872 0 
5089 0.774064 0 
5090 0.752760 0 
5134 0.032148 1 
5135 0.016035 1 
5136 0.007354 1 
5091 0.888845 0 
5093 0.856781 0 
5095 0.824554 0 
5096 0.809235 0 
5097 0.792704 0 
5099 0.760514 0 
5100 0.781181 0 
5101 0.759731 0 
5103 0.727282 0 
5139 0.131062 1 
5104 0.718913 0 
5105 0.702999 0 
5106 0.686371 0 
5140 0.121254 1 
5141 0.105281 1 
5143 0.073048 1 
5144 0.056931 1 
5145 0.039850 1 
5146 0.028075 1 
5147 0.011602 1 
5148 0.006171 1 
5151 0.012451 1 
5152 0.010971 1 
5153 0.007025 1 
5154 0.010096 1 
5107 0.801026 0 
5108 0.784864 0 
5109 0.768530 0 
5113 0.703813 0 
5114 0.684941 0 
5115 0.668791 0 
5116 0.652570 0 
5117 0.632158 0 
5118 0.616339 0 
5119 0.600021 0 
5156 0.006141 1 
5157 0.008035 1 
5158 0.009520 1 
5159 0.006066 1 
5161 0.009227 1 
5162 0.011434 1 
5163 0.013335 1 
5164 0.013808 1 
5165 0.006043 1 
5120 0.759524 0 
5122 0.725941 0 
5123 0.709760 0 
5124 0.689677 0 
5125 0.669922 0 
5126 0.653730 0 
5166 0.005804 1 
5168 0.015109 1 
5169 0.010736 1 
5170 0.013480 1 
5127 0.912635 0 
5171 0.256526 1 
5172 0.238205 1 
5173 0.222537 1 
5174 0.206506 1 
5175 0.190459 1 
5176 0.174088 1 
5178 0.141597 1 
5179 0.123105 1 
5180 0.116460 1 
5181 0.096727 1 
5182 0.093646 1 
5185 0.044775 1 
5186 0.031153 1 
5187 0.022910 1 
5188 0.012324 1 
5128 1.015220 0 
5130 0.982292 0 
5131 0.966415 0 
5132 0.950221 0 
5133 0.934023 0 
5134 0.917878 0 
5189 0.011558 1 
5190 0.010786 1 
5191 0.008923 1 
5192 0.009638 1 
5193 0.017358 1 
5194 0.010464 1 
5135 1.003087 0 
5136 0.987287 0 
5195 0.010746 1 
5196 0.007760 1 
5197 0.010327 1 
5137 1.018562 0 
5138 1.002368 0 
5139 0.985973 0 
5140 0.969714 0 
5198 0.018863 1 
5199 0.008472 1 
5200 0.025301 1 
5201 0.010262 1 
5202 0.008235 1 
5203 0.011280 1 
5205 0.011455 1 
5206 0.008255 1 
5207 0.012913 1 
5208 0.016533 1 
5209 0.015933 1 
5210 0.025119 1 
5141 1.179096 0 
5143 1.146776 0 
5144 1.130652 0 
5211 0.016747 1 
5212 0.016515 1 
5214 0.024775 1 
5215 0.009016 1 
5216 0.005519 1 
5219 0.005822 1 
5145 1.249380 0 
5146 1.233255 0 
5147 1.216740 0 
5148 1.200022 0 
5149 1.183872 0 
5151 1.149123 0 
5221 0.011439 1 
5152 1.172154 0 
5153 1.155789 0 
5222 0.022871 1 
5223 0.022714 1 
5224 0.023794 1 
5227 0.012222 1 
5154 1.236448 0 
5156 1.204562 0 
5157 1.187520 0 
5158 1.171154 0 
5159 1.154577 0 
5161 1.120027 0 
5162 1.103648 0 
5163 1.088264 0 
5164 1.071388 0 
5228 0.009256 1 
5229 0.013133 1 
5230 0.037813 1 
5231 0.021543 1 
5232 0.011997 1 
5165 1.134258 0 
5166 1.117710 0 
5168 1.086000 0 
5169 1.072314 0 
5233 0.010289 1 
5234 0.015679 1 
5235 0.015536 1 
5236 0.012402 1 
5237 0.012779 1 
5238 0.014566 1 
5170 1.166346 0 
5171 1.150083 0 
5172 1.131739 0 
5173 1.115992 0 
5174 1.099946 0 
5175 1.083671 0 
5240 0.015694 1 
5242 0.013042 1 
5243 0.016700 1 
5244 0.014165 1 
5245 0.020931 1 
5246 0.013987 1 
5176 1.199242 0 
5178 1.167154 0 
5247 0.020325 1 
5248 0.007764 1 
5179 1.205559 0 
5180 1.189240 0 
5181 1.169360 0 
5182 1.153001 0 
5183 1.137056 0 
5184 1.120266 0 
5185 1.104518 0 
5250 0.013364 1 
5251 0.016989 1 
5252 0.013901 1 
5253 0.015792 1 
5254 0.019655 1 
5255 0.021938 1 
5256 0.007916 1 
5186 1.191479 0 
5187 1.174794 0 
5188 1.158091 0 
5189 1.141962 0 
5257 0.010381 1 
5258 0.017046 1 
5190 1.172803 0 
5191 1.155964 0 
5192 1.139268 0 
5193 1.118034 0 
5259 0.029427 1 
5260 0.010479 1 
5261 0.028382 1 
5262 0.015258 1 
5194 1.170574 0 
5195 1.154306 0 
5196 1.137884 0 
5197 1.120954 0 
5198 1.104707 0 
5203 1.031189 0 
5205 0.998486 0 
5263 0.031047 1 
5264 0.014782 1 
5266 0.018199 1 
5267 0.021293 1 
5206 1.052773 0 
5207 1.036525 0 
5208 1.020736 0 
5209 1.004606 0 
5210 0.988352 0 
5211 0.971938 0 
5268 0.016095 1 
5269 0.017091 1 
5270 0.008726 1 
5271 0.012724 1 
5272 0.009414 1 
5273 0.013604 1 
5274 0.012056 1 
5275 0.008847 1 
5277 0.016522 1 
5279 0.011508 1 
5280 0.010903 1 
5281 0.010356 1 
5282 0.012668 1 
5283 0.008133 1 
5284 0.016446 1 
5285 0.019277 1 
5287 0.016603 1 
5288 0.009870 1 
5212 1.319238 0 
5289 0.012193 1 
5290 0.009456 1 
5292 0.017925 1 
5214 1.364302 0 
5215 1.346759 0 
5216 1.330464 0 
5217 1.314255 0 
5219 1.281687 0 
5221 1.249233 0 
5222 1.232837 0 
5294 0.011946 1 
5223 1.230162 0 
5224 1.213866 0 
5227 1.159594 0 
5228 1.141226 0 
5295 0.016563 1 
5296 0.015369 1 
5298 0.033750 1 
5299 0.023351 1 
5300 0.032050 1 
5229 1.252609 0 
5230 1.236724 0 
5231 1.220395 0 
5232 1.204283 0 
5233 1.182434 0 
5234 1.166311 0 
5235 1.149932 0 
5236 1.132659 0 
5302 0.023206 1 
5303 0.010901 1 
5237 1.141834 0 
5304 0.018899 1 
5238 1.138255 0 
5240 1.105490 0 
5242 1.072678 0 
5243 1.056437 0 
5244 1.040402 0 
5245 1.022864 0 
5246 1.006707 0 
5247 0.990119 0 
5305 0.017354 1 
5306 0.022263 1 
5248 1.010602 0 
5250 0.977307 0 
5251 0.960267 0 
5252 0.944571 0 
5253 0.928049 0 
5254 0.907468 0 
5255 0.891136 0 
5256 0.874826 0 
5257 0.858897 0 
5258 0.842941 0 
5259 0.826231 0 
5260 0.807192 0 
5261 0.789976 0 
5262 0.773606 0 
5263 0.775796 0 
5307 0.031119 1 
5308 0.024596 1 
5309 0.013679 1 
5264 0.786335 0 
5266 0.750175 0 
5267 0.734063 0 
5268 0.715005 0 
5269 0.698560 0 
5270 0.682497 0 
5271 0.666112 0 
5272 0.650363 0 
5273 0.634219 0 
5274 0.617417 0 
5275 0.601294 0 
5277 0.568652 0 
5279 0.536361 0 
5280 0.519856 0 
5281 0.503379 0 
5282 0.480095 0 
5283 0.464073 0 
5284 0.447970 0 
5285 0.426188 0 
5287 0.391237 0 
5288 0.375665 0 
5310 0.019196 1 
5311 0.010485 1 
5312 0.014226 1 
5313 0.014722 1 
5314 0.022479 1 
5315 0.014629 1 
5316 0.031157 1 
5317 0.027696 1 
5318 0.027707 1 
5319 0.025289 1 
5321 0.017350 1 
5290 0.547226 0 
5292 0.514652 0 
5294 0.481444 0 
5295 0.465094 0 
5296 0.448610 0 
5298 0.415302 0 
5299 0.399117 0 
5300 0.382968 0 
5302 0.350517 0 
5303 0.334603 0 
5304 0.318104 0 
5305 0.301152 0 
5306 0.284327 0 
5307 0.267352 0 
5308 0.251651 0 
5309 0.234832 0 
5310 0.217794 0 
5311 0.201578 0 
5312 0.185476 0 
5313 0.169432 0 
5314 0.153231 0 
5315 0.136954 0 
5316 0.117928 0 
5317 0.101823 0 
5318 0.085548 0 
5319 0.069204 0 
5321 0.029287 0 
5322 0.021034 1 
5323 0.015872 1 
5324 0.008905 1 
5322 0.080537 0 
5325 0.025513 1 
5326 0.036396 1 
5327 0.020150 1 
5329 0.019679 1 
5330 0.007539 1 
5331 0.011739 1 
5332 0.008678 1 
5333 0.013921 1 
5334 0.016895 1 
5335 0.013809 1 
5336 0.015150 1 
5324 0.223647 0 
5325 0.207015 0 
5326 0.191103 0 
5327 0.176126 0 
5329 0.142868 0 
5330 0.126260 0 
5331 0.110370 0 
5332 0.094149 0 
5333 0.077903 0 
5334 0.061567 0 
5335 0.045068 0 
5336 0.028235 0 
5337 0.022498 1 
5338 0.010519 1 
5339 0.017941 1 
5340 0.010730 1 
5337 0.110270 0 
5342 0.011184 1 
5339 0.067112 0 
5340 0.043772 0 
5343 0.020744 1 
5344 0.014390 1 
5342 0.048250 0 
5343 0.031115 0 
5344 0.024999 0 
5345 0.018125 1 
5346 0.008555 1 
5347 0.016231 1 
5348 0.008870 1 
5350 0.015579 1 
5345 0.182711 0 
5346 0.166595 0 
5347 0.149448 0 
5348 0.132985 0 
5350 0.099610 0 
5351 0.082841 0 
5352 0.066795 0 
5353 0.050581 0 
5355 0.054563 0 
5356 0.038401 0 
5357 0.019382 0 
5358 0.102848 0 
5360 0.067337 0 
5361 0.051113 0 
5362 0.032388 0 
5363 0.015943 0 
5352 0.211374 1 
5353 0.195236 1 
5355 0.162322 1 
5356 0.146125 1 
5357 0.127107 1 
5358 0.109912 1 
5360 0.108137 1 
5361 0.091851 1 
5362 0.073084 1 
5363 0.092553 1 
5364 0.076527 1 
5365 0.056797 1 
5367 0.069989 1 
5368 0.070113 1 
5369 0.056504 1 
5370 0.040579 1 
5364 0.155276 0 
5365 0.135481 0 
5367 0.102055 0 
5368 0.085169 0 
5371 0.031861 0 
5371 0.046498 1 
5372 0.030066 1 
5373 0.030526 1 
5374 0.024107 1 
5375 0.014247 1 
5378 0.010655 1 
5372 0.110634 0 
5373 0.094707 0 
5374 0.078771 0 
5375 0.062365 0 
5379 0.033814 1 
5380 0.031808 1 
5381 0.021276 1 
5382 0.012199 1 
5383 0.012064 1 
5384 0.012681 1 
5385 0.025021 1 
5386 0.021253 1 
5387 0.022246 1 
5388 0.031781 1 
5389 0.035267 1 
5390 0.029025 1 
5391 0.026824 1 
5392 0.021009 1 
5393 0.020432 1 
5394 0.018961 1 
5395 0.012929 1 
5396 0.014099 1 
5397 0.015605 1 
5398 0.017857 1 
5399 0.030544 1 
5400 0.026330 1 
5401 0.016419 1 
5402 0.008533 1 
5404 0.028560 1 
5405 0.043099 1 
5406 0.054618 1 
5407 0.045729 1 
5408 0.048330 1 
5409 0.032127 1 
5410 0.025286 1 
5411 0.031868 1 
5413 0.028323 1 
5414 0.026074 1 
5415 0.009956 1 
5416 0.016546 1 
5418 0.009137 1 
5431 0.288640 1 
5432 0.307830 1 
5433 0.352437 1 
5434 0.336499 1 
5439 0.273439 1 
5447 0.140213 1 
5451 0.115047 1 
5452 0.097769 1 
5453 0.081643 1 
5454 0.065654 1 
5455 0.103206 1 
5456 0.087306 1 
5457 0.071110 1 
5458 0.054610 1 
5459 0.038143 1 
5460 0.043447 1 
5461 0.034925 1 
5462 0.018800 1 
5463 0.009495 1 
5465 0.063652 1 
5468 0.032003 1 
5469 0.015598 1 
5470 0.036529 1 
5471 0.019815 1 
5472 0.020895 1 
5473 0.020710 1 
5474 0.025043 1 
5476 0.018405 1 
5478 0.041191 1 
5479 0.025371 1 
5480 0.030154 1 
5481 0.032493 1 
5482 0.032696 1 
5483 0.028139 1 
5484 0.021871 1 
5486 0.033529 1 
5487 0.025644 1 
5488 0.029526 1 
5489 0.013435 1 
5491 0.353434 1 
5493 0.357626 1 
5494 0.341463 1 
5497 0.291599 1 
5508 0.196468 1 
5509 0.180557 1 
5510 0.212598 1 
5511 0.196176 1 
5512 0.180048 1 
5513 0.170093 1 
5514 0.153166 1 
5517 0.138413 1 
5518 0.120388 1 
5520 0.101017 1 
5521 0.084710 1 
5522 0.091399 1 
5523 0.101163 1 
5524 0.112314 1 
5525 0.140541 1 
5526 0.124697 1 
5528 0.092251 1 
5529 0.111918 1 
5530 0.095468 1 
5531 0.086019 1 
5532 0.069674 1 
5533 0.073730 1 
5534 0.057420 1 
5535 0.046862 1 
5536 0.049964 1 
5537 0.033890 1 
5538 0.056231 1 
5539 0.040160 1 
5541 0.074416 1 
5542 0.063610 1 
5543 0.047648 1 
5544 0.049961 1 
5545 0.043975 1 
5546 0.036794 1 
5547 0.027755 1 
5549 0.015974 1 
5551 0.519524 1 
5563 0.487987 1 
5584 0.642525 1 
5595 0.453333 1 
5596 0.437422 1 
5619 0.097709 1 
5622 0.102453 1 
5625 0.053866 1 
5626 0.038140 1 
5627 0.052857 1 
5628 0.058937 1 
5629 0.042323 1 
5630 0.044535 1 
5631 0.044395 1 
5632 0.028078 1 
5633 0.024036 1 
5634 0.027201 1 
5635 0.039631 1 
5636 0.027272 1 
5638 0.019652 1 
5640 0.032531 1 
5641 0.027886 1 
5642 0.047403 1 
5643 0.031235 1 
5644 0.028323 1 
5645 0.057401 1 
5646 0.040672 1 
5648 0.024182 1 
5649 0.016710 1 
5650 0.032111 1 
5651 0.015930 1 
5652 0.013388 1 
5653 0.166676 1 
5654 0.179041 1 
5655 0.219983 1 
5656 0.246703 1 
5657 0.240580 1 
5658 0.292224 1 
5659 0.276513 1 
5660 0.259592 1 
5661 0.243382 1 
5662 0.226295 1 
5664 0.229396 1 
5672 0.096331 1 
5673 0.077911 1 
5675 0.062133 1 
5677 0.038575 1 
5678 0.022271 1 
5682 0.181886 1 
5683 0.166195 1 
5685 0.185035 1 
5686 0.176513 1 
5687 0.160560 1 
5688 0.155647 1 
5690 0.139314 1 
5693 0.128347 1 
5696 0.078905 1 
5697 0.062862 1 
5698 0.063306 1 
5700 0.065445 1 
5701 0.049370 1 
5702 0.033081 1 
5703 0.028728 1 
5704 0.038311 1 
5705 0.022435 1 
5706 0.047434 1 
5707 0.041607 1 
5708 0.033836 1 
5709 0.031267 1 
5710 0.017054 1 
5711 0.013663 1 
5712 0.014974 1 
5713 0.011831 1 
5714 0.016682 1 
5715 0.024532 1 
5716 0.017566 1 
5717 0.009713 1 
5719 0.024235 1 
5720 0.029477 1 
5721 0.018359 1 
5722 0.018662 1 
5723 0.019033 1 
5724 0.012666 1 
5725 0.014886 1 
5727 0.009450 1 
5728 0.011302 1 
5729 0.013462 1 
5730 0.033616 1 
5731 0.040710 1 
5732 0.024412 1 
5733 0.016336 1 
5734 0.018777 1 
5735 0.008914 1 
5736 0.016685 1 
5737 0.012371 1 
5738 0.024675 1 
5740 0.015362 1 
5741 0.023993 1 
5742 0.019568 1 
5743 0.024895 1 
5744 0.019899 1 
5745 0.009592 1 
5746 0.016669 1 
5748 0.010271 1 
5749 0.014762 1 
5750 0.019596 1 
5751 0.037510 1 
5753 0.015609 1 
5754 0.012322 1 
5755 0.014705 1 
5756 0.012798 1 
5758 0.038970 1 
5759 0.040533 1 
5760 0.058805 1 
5761 0.042657 1 
5762 0.026025 1 
5763 0.033288 1 
5765 0.029397 1 
5766 0.027836 1 
5767 0.025223 1 
5768 0.022719 1 
5769 0.015094 1 
5770 0.014418 1 
5771 0.019649 1 
5772 0.023644 1 
5773 0.017728 1 
5775 0.018553 1 
5776 0.011599 1 
5777 0.019127 1 
5778 0.025511 1 
5779 0.016245 1 
5780 0.024006 1 
5781 0.016109 1 
5782 0.019990 1 
5783 0.021656 1 
5784 0.023944 1 
5785 0.014352 1 
5786 0.009858 1 
5787 0.012757 1 
5788 0.025225 1 
5789 0.016958 1 
5790 0.014343 1 
5791 0.021528 1 
5792 0.013438 1 
5793 0.013886 1 
5794 0.017078 1 
5795 0.014978 1 
5796 0.014924 1 
5797 0.025506 1 
5798 0.009590 1 
5799 0.014309 1 
5800 0.021060 1 
5802 0.011222 1 
5803 0.042929 1 
5804 0.047189 1 
5805 0.045407 1 
5806 0.028872 1 
5807 0.019713 1 
5808 0.013159 1 
5809 0.011300 1 
5811 0.033686 1 
5812 0.027142 1 
5813 0.024555 1 
5814 0.013377 1 
5816 0.010482 1 
5818 0.032118 1 
5819 0.062913 1 
5820 0.071363 1 
5821 0.061855 1 
5824 0.030166 1 
5825 0.016293 1 
5826 0.047238 1 
5827 0.031029 1 
5828 0.019024 1 
5829 0.017111 1 
5830 0.033685 1 
5831 0.024862 1 
5832 0.022169 1 
5833 0.008218 1 
5834 0.031694 1 
5835 0.015546 1 
5837 0.015284 1 
5839 0.028435 1 
5840 0.021307 1 
5841 0.015152 1 
5842 0.011878 1 
5843 0.023016 1 
5844 0.025327 1 
5845 0.015566 1 
5847 0.011978 1 
5848 0.028836 1 
5849 0.017531 1 
5850 0.015818 1 
5851 0.018509 1 
5852 0.026706 1 
5853 0.025902 1 
5854 0.028173 1 
5855 0.033811 1 
5856 0.023010 1 
5857 0.030802 1 
5858 0.029578 1 
5859 0.014048 1 
5860 0.015992 1 
5861 0.033229 1 
5863 0.035180 1 
5864 0.033018 1 
5865 0.077313 1 
5866 0.061198 1 
5867 0.045380 1 
5868 0.063930 1 
5869 0.047725 1 
5870 0.031618 1 
5871 0.027817 1 
5872 0.019819 1 
5874 0.020899 1 
5876 0.011177 1 
5877 0.026224 1 
5878 0.012885 1 
5879 0.027222 1 
5880 0.015460 1 
5881 0.023483 1 
5882 0.013483 1 
5884 0.018216 1 
5885 0.017823 1 
5886 0.009138 1 
5887 0.015334 1 
5889 0.026114 1 
5891 0.032030 1 
5892 0.016242 1 
5893 0.026956 1 
5895 0.024823 1 
5896 0.031245 1 
5897 0.026263 1 
5899 0.016412 1 
5900 0.016328 1 
5901 0.019662 1 
5902 0.013421 1 
5903 0.030808 1 
5904 0.031064 1 
5905 0.039249 1 
5906 0.026015 1 
5907 0.035429 1 
5908 0.018690 1 
5909 0.035374 1 
5910 0.019588 1 
5911 0.018529 1 
5912 0.016196 1 
5913 0.027780 1 
5914 0.043112 1 
5915 0.036052 1 
5916 0.028491 1 
5918 0.019524 1 
5919 0.024642 1 
5920 0.027938 1 
5921 0.040527 1 
5922 0.062883 1 
5923 0.050637 1 
5924 0.068963 1 
5926 0.036489 1 
5927 0.026581 1 
5928 0.017315 1 
5929 0.052680 1 
5930 0.036638 1 
5931 0.030941 1 
5932 0.026906 1 
5933 0.027879 1 
5934 0.022123 1 
5935 0.016435 1 
5936 0.018614 1 
5937 0.011682 1 
5939 0.252408 1 
5940 0.235244 1 
5941 0.218209 1 
5949 0.100465 1 
5950 0.098413 1 
5952 0.078399 1 
5953 0.062562 1 
5954 0.046007 1 
5955 0.040367 1 
5957 0.066180 1 
5958 0.068587 1 
5959 0.094140 1 
5960 0.078593 1 
5961 0.104668 1 
5962 0.087796 1 
5964 0.054773 1 
5965 0.097004 1 
5966 0.104952 1 
5967 0.122263 1 
5968 0.105890 1 
5969 0.088220 1 
5970 0.074808 1 
5971 0.096283 1 
5972 0.079983 1 
5974 0.058481 1 
5975 0.047221 1 
5976 0.044603 1 
5977 0.029119 1 
5978 0.062769 1 
5979 0.046255 1 
5980 0.032141 1 
5981 0.019296 1 
5982 0.019481 1 
5983 0.048311 1 
5984 0.032147 1 
5985 0.026802 1 
5986 0.010207 1 
5987 0.032390 1 
5988 0.027994 1 
5989 0.023994 1 
5990 0.036650 1 
5991 0.020500 1 
5992 0.034465 1 
5993 0.017817 1 
5994 0.020993 1 
5995 0.037647 1 
5996 0.056407 1 
5997 0.039951 1 
5998 0.023485 1 
5999 0.024921 1 
6001 0.016703 1 
6002 0.030328 1 
6003 0.069070 1 
6004 0.052785 1 
6005 0.041167 1 
6006 0.048451 1 
6007 0.040230 1 
6008 0.032993 1 
6010 0.040525 1 
6011 0.037599 1 
6012 0.022165 1 
6013 0.005467 1 
6015 0.009763 1 
6017 0.032760 1 
6018 0.051500 1 
6019 0.051576 1 
6020 0.048984 1 
6023 0.032078 1 
6024 0.027425 1 
6025 0.053016 1 
6026 0.036780 1 
6027 0.029314 1 
6028 0.019991 1 
6029 0.026157 1 
6030 0.025416 1 
6031 0.046232 1 
6032 0.030469 1 
6033 0.019731 1 
6034 0.024440 1 
6036 0.029383 1 
6038 0.026402 1 
6039 0.022799 1 
6040 0.018149 1 
6041 0.020111 1 
6042 0.016770 1 
6043 0.017581 1 
6044 0.033772 1 
6046 0.018721 1 
6047 0.029076 1 
6048 0.016556 1 
6049 0.031528 1 
6050 0.036502 1 
6051 0.027135 1 
6052 0.010204 1 
6053 0.039050 1 
6054 0.024705 1 
6055 0.028382 1 
6056 0.012605 1 
6057 0.014872 1 
6058 0.032194 1 
6059 0.015970 1 
6060 0.024536 1 
6062 0.062056 1 
6063 0.108425 1 
6064 0.092536 1 
6065 0.076097 1 
6066 0.082245 1 
6067 0.066097 1 
6068 0.059458 1 
6069 0.043003 1 
6070 0.059343 1 
6071 0.056310 1 
6073 0.046192 1 
6075 0.013928 1 
6076 0.013811 1 
6077 0.011313 1 
6078 0.030418 1 
6079 0.014366 1 
6080 0.023619 1 
6081 0.034646 1 
6083 0.029174 1 
6084 0.021680 1 
6085 0.014467 1 
6086 0.015035 1 
6088 0.024676 1 
6090 0.021851 1 
6091 0.015510 1 
6092 0.021114 1 
6094 0.023555 1 
6095 0.018473 1 
6096 0.035528 1 
6098 0.029897 1 
6099 0.014450 1 
6100 0.011122 1 
6101 0.015230 1 
6102 0.008646 1 
6103 0.029080 1 
6104 0.038491 1 
6105 0.029169 1 
6106 0.027657 1 
6107 0.014598 1 
6108 0.008667 1 
6109 0.025931 1 
6110 0.015317 1 
6111 0.012830 1 
6112 0.010581 1 
6113 0.052562 1 
6114 0.036493 1 
6115 0.037850 1 
6117 0.022830 1 
6118 0.021889 1 
6119 0.028170 1 
6120 0.011704 1 
6121 0.022394 1 
6122 0.033091 1 
6123 0.024951 1 
6125 0.021502 1 
6126 0.022585 1 
6127 0.027297 1 
6128 0.020730 1 
6129 0.018818 1 
6130 0.018471 1 
6131 0.026855 1 
6132 0.017382 1 
6133 0.038550 1 
6134 0.022513 1 
6135 0.037276 1 
6136 0.021335 1 
6138 0.015774 1 
6139 0.021971 1 
6140 0.046948 1 
6141 0.030316 1 
6142 0.034514 1 
6143 0.033260 1 
6144 0.040843 1 
6146 0.036910 1 
6147 0.017071 1 
6151 0.144618 1 
6152 0.128851 1 
6153 0.112748 1 
6154 0.095930 1 
6156 0.102801 1 
6159 0.204291 1 
6160 0.186867 1 
6161 0.170964 1 
6163 0.138182 1 
6164 0.138847 1 
6165 0.175020 1 
6169 0.109509 1 
6170 0.093255 1 
6171 0.074359 1 
6173 0.046638 1 
6174 0.059680 1 
6175 0.066162 1 
6176 0.050576 1 
6177 0.034484 1 
6178 0.039722 1 
6179 0.021301 1 
6180 0.025314 1 
6181 0.032136 1 
6182 0.030729 1 
6183 0.014790 1 
6184 0.009200 1 
6185 0.031782 1 
6186 0.017982 1 
6187 0.045591 1 
6188 0.029268 1 
6189 0.030861 1 
6190 0.028244 1 
6191 0.022156 1 
6192 0.012992 1 
6193 0.014091 1 
6194 0.016736 1 
6195 0.025141 1 
6196 0.021045 1 
6197 0.033340 1 
6198 0.029164 1 
6200 0.025269 1 
6201 0.021348 1 
6204 0.157521 1 
6205 0.141031 1 
6206 0.138499 1 
6207 0.124548 1 
6209 0.155234 1 
6210 0.139067 1 
6211 0.122946 1 
6212 0.106640 1 
6214 0.066809 1 
6216 0.110092 1 
6217 0.092577 1 
6218 0.158876 1 
6219 0.151136 1 
6222 0.109432 1 
6223 0.093494 1 
6224 0.077229 1 
6225 0.099643 1 
6226 0.075635 1 
6227 0.072804 1 
6228 0.055815 1 
6229 0.050250 1 
6230 0.033763 1 
6231 0.030277 1 
6232 0.021431 1 
6233 0.028104 1 
6251 0.184064 1 
6252 0.168029 1 
6253 0.295405 1 
6254 0.321730 1 
6255 0.305540 1 
6256 0.289379 1 
6257 0.281423 1 
6261 0.248938 1 
6263 0.376948 1 
6264 0.386003 1 
6265 0.379269 1 
6266 0.363426 1 
6267 0.371587 1 
6268 0.395055 1 
6269 0.379975 1 
6270 0.363727 1 
6287 0.142458 1 
6289 0.122831 1 
6290 0.150430 1 
6291 0.134116 1 
6293 0.097511 1 
6295 0.063791 1 
6297 0.064147 1 
6298 0.048254 1 
6299 0.032059 1 
6300 0.025119 1 
6301 0.017848 1 
6302 0.023835 1 
6303 0.026329 1 
6304 0.055065 1 
6305 0.038458 1 
6306 0.042989 1 
6307 0.026024 1 
6308 0.041081 1 
6309 0.025096 1 
6310 0.018175 1 
6311 0.013701 1 
6312 0.016060 1 
6313 0.014150 1 
6314 0.027934 1 
6316 0.022092 1 
6317 0.017046 1 
6318 0.027884 1 
6319 0.021672 1 
6320 0.021035 1 
6321 0.016763 1 
6322 0.035813 1 
6324 0.016196 1 
6325 0.016373 1 
6326 0.011851 1 
6327 0.015266 1 
6328 0.026505 1 
6329 0.026792 1 
6330 0.020023 1 
6331 0.019750 1 
6332 0.030153 1 
6333 0.021180 1 
6334 0.016519 1 
6335 0.017414 1 
6337 0.047734 1 
6338 0.037020 1 
6339 0.061119 1 
6340 0.044853 1 
6341 0.045316 1 
6342 0.038687 1 
6343 0.022681 1 
6345 0.025485 1 
6346 0.020213 1 
6347 0.031962 1 
6348 0.035350 1 
6351 0.179137 1 
6352 0.162701 1 
6353 0.146739 1 
6355 0.128922 1 
6356 0.173237 1 
6357 0.156545 1 
6358 0.218792 1 
6359 0.202366 1 
6360 0.185402 1 
6363 0.142177 1 
6364 0.125996 1 
6365 0.143116 1 
6366 0.127041 1 
6367 0.110688 1 
6368 0.090950 1 
6369 0.097339 1 
6370 0.081353 1 
6372 0.071420 1 
6373 0.055452 1 
6374 0.074580 1 
6375 0.058003 1 
6376 0.041962 1 
6377 0.025407 1 
6378 0.036895 1 
6379 0.033038 1 
6380 0.029967 1 
6381 0.041762 1 
6382 0.035419 1 
6383 0.032740 1 
6384 0.025154 1 
6385 0.024772 1 
6386 0.211698 1 
6387 0.194268 1 
6388 0.212461 1 
6389 0.196386 1 
6390 0.228296 1 
6391 0.212118 1 
6392 0.192284 1 
6393 0.176922 1 
6394 0.152944 1 
6395 0.136389 1 
6396 0.140445 1 
6397 0.123582 1 
6399 0.090949 1 
6400 0.147055 1 
6401 0.130948 1 
6402 0.114198 1 
6403 0.137086 1 
6404 0.121036 1 
6405 0.139216 1 
6406 0.162746 1 
6408 0.181316 1 
6409 0.164370 1 
6410 0.147100 1 
6411 0.130935 1 
6413 0.100777 1 
6415 0.067620 1 
6416 0.221749 1 
6417 0.205428 1 
6418 0.189452 1 
6426 0.058416 1 
6427 0.227893 1 
6428 0.235992 1 
6429 0.219559 1 
6432 0.201752 1 
6434 0.200885 1 
6436 0.223835 1 
6437 0.208541 1 
6438 0.192481 1 
6439 0.176094 1 
6440 0.196187 1 
6441 0.180129 1 
6442 0.164093 1 
6444 0.125581 1 
6445 0.135724 1 
6446 0.119380 1 
6447 0.143370 1 
6448 0.138236 1 
6449 0.172659 1 
6450 0.155980 1 
6451 0.142585 1 
6453 0.110451 1 
6454 0.102385 1 
6455 0.085720 1 
6456 0.092743 1 
6457 0.113446 1 
6458 0.097034 1 
6460 0.115516 1 
6461 0.129252 1 
6462 0.127295 1 
6463 0.110755 1 
6464 0.094410 1 
6465 0.085927 1 
6466 0.085140 1 
6467 0.243900 1 
6468 0.227826 1 
6469 0.211900 1 
6471 0.211761 1 
6473 0.192481 1 
6474 0.194669 1 
6475 0.178473 1 
6476 0.160902 1 
6477 0.144558 1 
6478 0.132660 1 
6484 0.041821 1 
6486 0.042297 1 
6488 0.073727 1 
6489 0.091880 1 
6490 0.136432 1 
6492 0.104939 1 
6493 0.088042 1 
6494 0.077121 1 
6496 0.116720 1 
6497 0.100533 1 
6498 0.095962 1 
6499 0.084780 1 
6500 0.068414 1 
6501 0.078424 1 
6502 0.112332 1 
6503 0.142065 1 
6504 0.125997 1 
6505 0.109784 1 
6506 0.103794 1 
6507 0.098439 1 
6508 0.115927 1 
6509 0.096603 1 
6510 0.080663 1 
6511 0.085630 1 
6512 0.069501 1 
6517 0.394829 1 
6518 0.378357 1 
6520 0.396029 1 
6521 0.380129 1 
6533 0.268291 1 
6534 0.244798 1 
6536 0.213820 1 
6544 0.080903 1 
6545 0.062717 1 
6546 0.102896 1 
6547 0.083625 1 
6549 0.050963 1 
6550 0.076459 1 
6551 0.087704 1 
6552 0.071605 1 
6554 0.196989 1 
6555 0.214147 1 
6556 0.197393 1 
6557 0.264505 1 
6558 0.247389 1 
6564 0.149831 1 
6566 0.143967 1 
6567 0.188349 1 
6568 0.172282 1 
6569 0.201961 1 
6577 0.105979 1 
6578 0.089798 1 
6579 0.073237 1 
6580 0.057120 1 
6581 0.041296 1 
6582 0.049433 1 
6583 0.031704 1 
6584 0.018447 1 
6585 0.058581 1 
6586 0.034906 1 
6587 0.258602 1 
6589 0.226251 1 
6590 0.206323 1 
6591 0.189821 1 
6592 0.173773 1 
6593 0.157854 1 
6594 0.141633 1 
6595 0.118909 1 
6596 0.102707 1 
6598 0.096067 1 
6599 0.563125 1 
6600 1.002600 1 
6601 1.030508 1 
6602 1.014390 1 
6603 1.002028 1 
6604 0.991475 1 
6623 1.013365 1 
6624 0.997308 1 
6625 0.980971 1 
6626 0.960141 1 
6663 0.976511 1 
6664 0.958049 1 
6665 0.942000 1 
6666 0.925824 1 
6674 0.961662 1 
6675 0.945553 1 
6678 1.085771 1 
6688 2.231251 1 
6689 2.250060 1 
6691 2.591332 1 
6692 2.646388 1 
6693 2.653853 1 
6695 2.696774 1 
6696 2.722886 1 
6697 2.746338 1 
6698 2.798590 1 
6699 2.782706 1 
6700 2.819533 1 
6701 2.905980 1 
6702 2.889787 1 
6703 2.873188 1 
6704 2.856845 1 
6705 2.908173 1 
6706 2.884220 1 
6707 2.911125 1 
6708 2.895322 1 
6709 2.874308 1 
6710 2.893912 1 
6711 2.877868 1 
6712 2.861731 1 
6716 3.188016 1 
6717 3.172147 1 
6723 4.643087 1 
6729 7.970832 1 
6730 7.989619 1 
6731 8.058669 1 
6732 8.042521 1 
6733 8.185852 1 
6736 8.361312 1 
6737 8.397980 1 
6738 8.425805 1 
6739 8.425672 1 
6740 8.446558 1 
6741 8.430454 1 
6743 8.413043 1 
6744 8.500761 1 
6745 8.507611 1 
6746 8.576017 1 
6748 8.542565 1 
6749 8.606625 1 
6750 8.590494 1 
6751 8.573497 1 
6753 8.565660 1 
6754 8.581058 1 
6755 8.591963 1 
6756 8.724073 1 
6757 8.707636 1 
6758 8.883272 1 
6760 9.137109 1 
6762 9.155375 1 
6763 9.167151 1 
6764 9.151168 1 
6765 9.134765 1 
6766 9.151105 1 
6767 9.140494 1 
6768 9.130028 1 
6770 9.097218 1 
6771 9.098838 1 
6772 9.090742 1 
6773 9.117250 1 
6774 9.137025 1 
6775 9.160228 1 
6776 9.137091 1 
6777 9.156117 1 
6778 9.139685 1 
6779 9.150576 1 
6780 9.134902 1 
6781 9.122446 1 
6782 9.158347 1 
6783 9.177755 1 
6784 9.161622 1 
6785 9.142962 1 
6786 9.126822 1 
6787 9.108447 1 
6788 9.092053 1 
6789 9.128966 1 
6790 9.140820 1 
6791 9.124322 1 
6792 9.402221 1 
6794 10.155617 1 
6795 10.139189 1 
6797 10.296693 1 
6802 10.969629 1 
6803 10.949516 1 
6807 10.869554 1 
6808 10.853369 1 
6809 10.832225 1 
6811 10.797553 1 
6822 10.951599 1 
6823 10.935329 1 
6827 11.581255 1 
6830 11.554223 1 
6834 11.539589 1 
6835 11.523888 1 
6836 11.543348 1 
6837 11.522850 1 
6838 11.506824 1 
6839 11.490215 1 
6840 11.474102 1 
6842 11.491359 1 
6843 11.514712 1 
6844 11.540302 1 
6845 11.523332 1 
6846 11.513788 1 
6848 11.527290 1 
6851 11.475466 1 
6852 11.477249 1 
6853 11.486380 1 
6854 11.470286 1 
6855 11.589113 1 
6856 11.573047 1 
6860 11.589309 1 
6861 11.573193 1 
6862 11.557182 1 
6863 11.537022 1 
6865 11.504355 1 
6866 11.488343 1 
6867 11.472237 1 
6869 11.468245 1 
6871 11.435827 1 
6872 11.436259 1 
6873 11.420506 1 
6874 11.500104 1 
6875 11.483628 1 
6876 11.467699 1 
6877 11.445576 1 
6880 11.723201 1 
6881 11.706807 1 
6882 11.685063 1 
6886 11.796609 1 
6896 12.371898 1 
6897 12.355897 1 
6898 12.356477 1 
6903 12.815341 1 
6904 12.799403 1 
6905 12.783534 1 
6906 12.901084 1 
6907 12.884635 1 
