2024-09-03 16:26:18
../stream-replay/logs/rtt-6206@128.txt
1 0.156949 0 
2 0.163545 0 
4 0.130341 0 
5 0.113965 0 
6 0.092746 0 
7 0.091393 0 
8 0.075249 0 
9 0.068829 0 
10 0.053296 0 
11 0.040934 0 
12 0.043292 0 
13 0.099004 0 
14 0.083125 0 
15 0.103360 0 
16 0.087982 0 
17 0.071436 0 
18 0.055378 0 
19 0.038755 0 
20 0.027083 0 
21 0.045404 0 
22 0.029381 0 
23 0.013069 0 
24 0.010242 0 
25 0.051663 0 
26 0.309669 0 
27 0.293518 0 
28 0.303783 0 
29 0.282315 0 
31 0.249226 0 
32 0.397683 0 
33 0.381414 0 
34 0.381300 0 
35 0.365269 0 
36 0.345609 0 
37 0.418587 0 
38 0.402136 0 
40 0.418102 0 
41 0.401368 0 
42 0.379808 0 
43 0.363361 0 
45 0.331179 0 
47 0.380985 0 
48 0.364311 0 
49 0.375576 0 
50 0.355989 0 
53 0.303422 0 
54 0.343586 0 
55 0.327402 0 
56 0.310817 0 
57 0.292559 0 
58 0.314761 0 
59 0.298250 0 
60 0.364533 0 
61 0.420424 0 
62 0.404332 0 
63 0.388023 0 
64 0.371821 0 
66 0.336574 0 
68 0.305791 0 
69 0.396428 0 
70 0.377316 0 
71 0.360964 0 
72 0.344843 0 
73 0.328843 0 
74 0.313014 0 
76 0.338587 0 
77 0.322310 0 
78 0.345562 0 
79 0.324304 0 
80 0.308162 0 
81 0.296199 0 
82 0.305024 0 
83 0.288912 0 
84 0.272209 0 
85 0.255897 0 
86 0.311901 0 
87 0.295696 0 
88 0.279254 0 
89 0.260475 0 
90 0.244087 0 
92 0.256262 0 
93 0.236428 0 
94 0.248885 0 
95 0.232619 0 
96 0.216453 0 
97 0.247477 0 
98 0.231202 0 
99 0.214554 0 
100 0.199099 0 
101 0.182942 0 
103 0.150337 0 
105 0.125412 0 
106 0.101945 0 
107 0.085634 0 
108 0.075050 0 
109 0.055399 0 
110 0.096354 0 
111 0.080191 0 
113 0.059702 0 
114 0.161013 0 
115 0.143501 0 
116 0.188215 0 
118 0.355035 0 
120 0.322131 0 
121 0.305956 0 
122 0.289755 0 
124 0.256886 0 
125 0.239561 0 
126 0.215947 0 
128 0.179665 0 
129 0.162977 0 
130 0.146570 0 
131 0.123522 0 
132 0.292558 0 
133 0.276105 0 
134 0.258800 0 
135 0.242737 0 
136 0.226033 0 
137 0.209854 0 
138 0.193614 0 
139 0.176170 0 
140 0.159760 0 
141 0.143624 0 
142 0.122907 0 
143 0.106301 0 
144 0.087176 0 
145 0.080264 0 
147 0.173513 0 
148 0.211085 0 
150 0.223475 0 
151 0.207850 0 
152 0.191616 0 
153 0.175371 0 
155 0.229897 0 
156 0.213384 0 
157 0.239528 0 
158 0.223615 0 
159 0.234839 0 
160 0.218675 0 
161 0.259343 0 
162 0.317604 0 
163 0.296677 0 
164 0.279707 0 
165 0.255581 0 
166 0.290008 0 
168 0.269468 0 
169 0.253377 0 
170 0.354379 0 
171 0.336783 0 
172 0.320662 0 
173 0.304043 0 
174 0.287845 0 
176 0.252953 0 
177 0.236817 0 
178 0.277225 0 
179 0.270706 0 
181 0.238241 0 
182 0.222174 0 
183 0.221214 0 
184 0.205142 0 
186 0.171084 0 
187 0.165423 0 
188 0.145778 0 
189 0.164561 0 
190 0.147867 0 
191 0.131561 0 
193 0.097998 0 
194 0.077112 0 
195 0.144620 0 
196 0.128913 0 
197 0.112935 0 
198 0.096863 0 
199 0.127090 0 
200 0.110823 0 
201 0.174609 0 
203 0.141680 0 
204 0.164813 0 
205 0.142124 0 
206 0.238662 0 
207 0.222250 0 
208 0.230073 0 
209 0.214007 0 
210 0.257149 0 
211 0.240783 0 
212 0.297220 0 
213 0.277454 0 
214 0.261282 0 
215 0.241395 0 
216 0.225164 0 
217 0.208395 0 
218 0.189170 0 
219 0.199536 0 
220 0.207559 0 
221 0.191599 0 
222 0.174958 0 
223 0.161795 0 
224 0.169665 0 
225 0.214000 0 
226 0.197982 0 
227 0.181520 0 
228 0.162801 0 
230 0.126303 0 
231 0.130604 0 
232 0.114343 0 
233 0.148148 0 
234 0.132523 0 
235 0.184193 0 
236 0.168027 0 
237 0.151893 0 
239 0.347101 0 
240 0.330784 0 
241 0.314687 0 
242 0.297908 0 
244 0.258809 0 
246 0.378966 0 
247 0.363261 0 
248 0.345662 0 
249 0.323262 0 
252 0.318525 0 
253 0.302218 0 
254 0.282778 0 
255 0.273387 0 
256 0.288418 0 
257 0.273289 0 
258 0.257579 0 
259 0.241952 0 
260 0.238882 0 
261 0.222607 0 
262 0.261757 0 
263 0.245823 0 
265 0.213677 0 
267 0.182133 0 
268 0.165540 0 
269 0.149526 0 
270 0.322157 0 
271 0.303469 0 
272 0.296428 0 
273 0.298370 0 
275 0.264611 0 
276 0.245010 0 
277 0.228740 0 
278 0.211984 0 
279 0.195426 0 
280 0.179183 0 
281 0.157705 0 
282 0.230494 0 
283 0.220565 0 
284 0.203676 0 
285 0.226009 0 
286 0.209739 0 
287 0.247289 0 
288 0.231103 0 
289 0.208313 0 
291 0.224553 0 
292 0.279752 0 
293 0.311972 0 
294 0.328738 0 
295 0.306908 0 
296 0.289923 0 
297 0.337823 0 
298 0.338947 0 
299 0.320071 0 
300 0.303956 0 
302 0.321420 0 
304 0.284337 0 
305 0.267872 0 
306 0.258891 0 
307 0.252909 0 
308 0.233737 0 
309 0.217495 0 
310 0.364476 0 
312 0.332004 0 
313 0.315687 0 
314 0.299671 0 
315 0.283457 0 
317 0.298931 0 
319 0.265415 0 
320 0.241658 0 
321 0.321170 0 
323 0.288757 0 
324 0.305691 0 
325 0.289512 0 
327 0.257145 0 
328 0.266994 0 
329 0.259917 0 
330 0.239930 0 
331 0.223887 0 
332 0.295279 0 
333 0.279397 0 
334 0.257016 0 
335 0.240790 0 
336 0.224508 0 
337 0.410133 0 
338 0.393742 0 
339 0.377215 0 
340 0.359523 0 
341 0.339847 0 
342 0.323485 0 
343 0.307076 0 
344 0.290891 0 
346 0.335304 0 
347 0.318994 0 
348 0.347527 0 
349 0.348015 0 
350 0.331793 0 
351 0.356657 0 
352 0.396560 0 
354 0.360961 0 
355 0.343904 0 
356 0.327572 0 
357 0.311448 0 
358 0.294805 0 
359 0.395355 0 
360 0.378930 0 
361 0.362543 0 
362 0.382718 0 
363 0.362893 0 
364 0.346565 0 
365 0.478270 0 
367 0.445646 0 
368 0.424825 0 
369 0.408866 0 
370 0.392746 0 
371 0.377231 0 
372 0.361090 0 
373 0.340289 0 
375 0.304103 0 
376 0.317075 0 
377 0.300535 0 
378 0.367229 0 
380 0.333668 0 
381 0.309194 0 
382 0.289232 0 
383 0.384183 0 
385 0.410558 0 
386 0.396728 0 
387 0.449453 0 
388 0.548119 0 
389 0.531108 0 
390 0.516176 0 
392 0.599598 0 
393 0.583014 0 
394 0.567382 0 
395 0.551078 0 
396 0.537632 0 
397 0.520858 0 
398 0.505949 0 
399 0.493414 0 
400 0.533440 0 
402 0.491830 0 
403 0.476124 0 
404 0.459789 0 
405 0.443627 0 
406 0.468050 0 
407 0.452141 0 
408 0.435734 0 
409 0.518568 0 
410 0.502335 0 
411 0.506569 0 
412 0.568108 0 
413 0.549628 0 
414 0.533194 0 
415 0.532327 0 
416 0.519931 0 
417 0.525548 0 
418 0.508467 0 
419 0.492187 0 
420 0.524212 0 
421 0.506671 0 
422 0.490364 0 
423 0.540442 0 
424 0.524156 0 
425 0.500996 0 
426 0.484926 0 
427 0.468595 0 
429 0.446593 0 
430 0.430299 0 
431 0.540916 0 
432 0.524671 0 
433 0.560121 0 
434 0.566208 0 
435 0.549760 0 
436 0.533352 0 
438 0.585803 0 
439 0.568522 0 
440 0.552384 0 
441 0.532279 0 
443 0.487598 0 
445 0.452152 0 
446 0.470131 0 
447 0.586152 0 
448 0.570325 0 
451 0.550710 0 
452 0.553526 0 
453 0.537358 0 
454 0.602944 0 
455 0.584867 0 
456 0.698934 0 
457 0.683263 0 
458 0.667463 0 
459 0.651541 0 
460 0.635546 0 
461 0.619349 0 
462 0.669967 0 
464 0.635027 0 
466 0.642797 0 
467 0.640205 0 
468 0.623618 0 
469 0.703640 0 
470 0.687635 0 
471 0.671118 0 
472 0.652900 0 
474 0.726182 0 
475 0.801722 0 
476 0.785394 0 
477 0.800616 0 
478 0.782708 0 
479 0.766644 0 
480 0.749657 0 
481 0.730788 0 
482 0.713575 0 
483 0.697062 0 
484 0.721727 0 
485 0.705447 0 
486 0.689292 0 
487 0.673081 0 
488 0.656462 0 
490 0.754402 0 
491 0.805609 0 
492 0.790061 0 
493 0.774167 0 
494 0.779409 0 
495 0.763317 0 
496 0.745018 0 
497 0.826510 0 
498 0.810279 0 
499 0.827787 0 
501 0.811471 0 
503 0.846897 0 
504 0.825842 0 
505 0.847699 0 
506 0.831444 0 
507 0.948193 0 
508 0.931981 0 
509 0.915715 0 
511 0.911321 0 
512 0.895745 0 
513 0.902059 0 
514 0.884694 0 
516 0.893932 0 
518 0.944730 0 
519 0.928419 0 
520 0.934175 0 
522 0.901080 0 
523 0.880978 0 
524 0.864672 0 
526 0.852838 0 
528 0.923143 0 
529 0.906624 0 
530 0.891235 0 
531 0.874559 0 
532 0.953451 0 
533 0.941792 0 
534 0.929700 0 
535 0.913697 0 
536 0.987981 0 
537 0.969366 0 
538 1.001765 0 
539 0.985502 0 
540 1.002772 0 
541 0.986530 0 
542 0.971834 0 
543 0.950854 0 
545 0.934391 0 
546 0.916821 0 
547 0.952137 0 
548 0.934910 0 
549 1.014019 0 
550 1.062917 0 
551 1.045281 0 
553 1.012720 0 
554 1.035032 0 
555 1.017828 0 
556 1.000677 0 
557 0.984773 0 
558 0.963796 0 
559 0.947639 0 
560 0.947555 0 
561 0.931332 0 
562 0.911800 0 
563 0.930754 0 
564 0.932464 0 
566 0.923871 0 
567 0.908083 0 
568 0.909326 0 
569 0.899309 0 
570 0.885309 0 
571 0.868834 0 
572 0.854031 0 
574 0.820973 0 
575 0.806940 0 
576 0.795144 0 
577 0.801522 0 
579 0.764628 0 
580 0.748057 0 
581 0.732320 0 
582 0.716024 0 
584 0.689978 0 
585 0.672966 0 
586 0.657772 0 
587 0.653156 0 
588 0.636706 0 
589 0.620524 0 
591 0.582205 0 
592 0.576517 0 
593 0.567946 0 
594 0.551784 0 
595 0.544222 0 
596 0.528085 0 
597 0.526253 0 
598 0.504629 0 
599 0.488398 0 
601 0.454937 0 
602 0.438763 0 
603 0.426582 0 
604 0.410337 0 
605 0.397512 0 
606 0.396344 0 
607 0.375835 0 
608 0.359572 0 
609 0.343326 0 
610 0.324075 0 
611 0.307621 0 
612 0.351123 0 
613 0.331977 0 
614 0.314477 0 
615 0.298414 0 
616 0.279566 0 
617 0.262513 0 
618 0.246471 0 
619 0.230092 0 
620 0.211992 0 
621 0.195369 0 
622 0.178868 0 
623 0.183579 0 
624 0.167009 0 
625 0.150636 0 
626 0.133783 0 
628 0.104969 0 
629 0.084848 0 
630 0.071929 0 
631 0.055101 0 
632 0.041356 0 
633 0.031719 0 
634 0.015840 0 
635 0.007530 0 
637 0.023494 0 
638 0.030604 0 
639 0.014297 0 
640 0.009651 0 
642 0.108315 0 
644 0.075750 0 
645 0.060424 0 
646 0.054147 0 
645 0.075789 1 
647 0.043071 1 
647 0.080770 0 
650 0.031180 0 
651 0.044995 0 
652 0.033234 0 
650 0.077619 1 
653 0.031017 0 
654 0.012651 0 
653 0.072805 1 
654 0.054488 1 
655 0.038076 1 
656 0.022151 1 
655 0.060752 0 
656 0.045007 0 
657 0.028763 0 
658 0.021381 0 
659 0.023288 0 
660 0.016482 0 
661 0.012194 0 
663 0.013028 0 
658 0.121160 1 
659 0.104819 1 
660 0.088560 1 
661 0.070655 1 
665 0.018090 0 
666 0.011196 0 
667 0.019449 0 
663 0.089553 1 
665 0.056625 1 
668 0.010926 0 
669 0.020488 0 
670 0.009688 0 
666 0.082144 1 
667 0.065786 1 
668 0.049688 1 
669 0.054080 1 
670 0.037639 1 
671 0.022588 0 
671 0.038910 1 
673 0.006030 0 
674 0.025792 0 
675 0.010679 0 
673 0.054957 1 
676 0.016796 0 
677 0.009894 0 
675 0.046131 1 
676 0.032132 1 
678 0.023398 0 
679 0.007464 0 
677 0.067541 1 
678 0.051116 1 
679 0.037457 1 
680 0.046876 1 
681 0.030788 1 
680 0.074082 0 
681 0.057945 0 
682 0.041298 0 
683 0.023655 0 
684 0.020246 0 
685 0.036986 0 
686 0.020856 0 
682 0.094993 1 
687 0.020010 0 
689 0.053224 0 
689 0.063203 1 
690 0.045763 1 
691 0.029395 1 
690 0.058511 0 
691 0.042162 0 
692 0.022140 0 
693 0.019519 0 
694 0.006915 0 
695 0.007760 0 
692 0.064681 1 
693 0.048516 1 
696 0.010527 0 
697 0.016028 0 
698 0.005966 0 
695 0.065773 1 
700 0.005297 0 
696 0.104271 1 
697 0.087548 1 
702 0.016326 0 
703 0.013870 0 
698 0.110854 1 
700 0.076553 1 
702 0.044165 1 
703 0.026769 1 
704 0.012757 0 
705 0.007869 0 
704 0.039623 1 
706 0.013310 0 
707 0.009404 0 
705 0.042186 1 
708 0.008826 0 
706 0.080194 1 
707 0.063815 1 
708 0.047489 1 
710 0.017335 0 
711 0.028091 0 
712 0.009997 0 
710 0.056832 1 
713 0.011097 0 
711 0.076049 1 
712 0.057860 1 
713 0.041221 1 
715 0.062499 0 
717 0.026023 0 
718 0.009918 0 
715 0.092491 1 
719 0.059060 0 
721 0.026795 0 
722 0.017004 0 
723 0.015463 0 
725 0.022101 0 
726 0.015162 0 
727 0.012169 0 
728 0.007131 0 
729 0.014379 0 
730 0.014403 0 
731 0.017154 0 
732 0.014835 0 
733 0.015666 0 
734 0.014138 0 
735 0.022537 0 
736 0.016524 0 
737 0.010453 0 
738 0.006901 0 
739 0.011417 0 
740 0.061028 0 
741 0.045168 0 
742 0.029140 0 
744 0.062230 0 
745 0.046347 0 
746 0.030221 0 
747 0.053158 0 
748 0.124648 0 
749 0.126370 0 
750 0.110641 0 
752 0.072651 0 
753 0.185179 0 
754 0.168487 0 
755 0.152191 0 
756 0.136019 0 
757 0.196876 0 
758 0.177156 0 
759 0.161080 0 
760 0.198333 0 
761 0.179863 0 
762 0.163863 0 
763 0.147242 0 
765 0.110906 0 
766 0.134466 0 
767 0.118147 0 
768 0.221464 0 
769 0.255851 0 
770 0.239340 0 
771 0.223144 0 
773 0.238169 0 
774 0.256759 0 
775 0.240520 0 
776 0.251454 0 
778 0.218905 0 
779 0.248868 0 
780 0.231712 0 
781 0.215524 0 
783 0.223072 0 
784 0.206923 0 
785 0.222402 0 
786 0.245100 0 
787 0.228821 0 
788 0.212717 0 
790 0.228774 0 
791 0.300488 0 
792 0.296929 0 
793 0.280739 0 
794 0.264624 0 
795 0.245104 0 
796 0.327870 0 
797 0.311918 0 
798 0.295712 0 
800 0.372935 0 
801 0.353183 0 
802 0.336974 0 
803 0.320139 0 
804 0.303634 0 
805 0.287334 0 
806 0.291258 0 
807 0.275015 0 
808 0.271391 0 
809 0.254839 0 
810 0.293545 0 
811 0.277492 0 
812 0.261182 0 
813 0.256541 0 
814 0.268559 0 
815 0.252497 0 
816 0.236098 0 
817 0.220146 0 
818 0.200282 0 
819 0.184039 0 
820 0.167895 0 
821 0.277672 0 
822 0.257858 0 
823 0.394626 0 
824 0.384982 0 
825 0.368776 0 
827 0.337427 0 
828 0.321468 0 
829 0.305089 0 
830 0.289000 0 
831 0.272860 0 
832 0.256597 0 
833 0.240201 0 
834 0.223673 0 
836 0.190843 0 
837 0.264072 0 
838 0.241972 0 
839 0.225819 0 
841 0.193386 0 
843 0.214367 0 
844 0.295442 0 
845 0.306363 0 
846 0.294438 0 
849 0.279160 0 
850 0.259675 0 
851 0.300763 0 
852 0.378041 0 
853 0.361888 0 
854 0.458917 0 
855 0.441731 0 
856 0.425571 0 
857 0.429619 0 
858 0.413087 0 
859 0.396518 0 
860 0.376298 0 
862 0.344169 0 
864 0.351234 0 
865 0.329242 0 
866 0.346287 0 
867 0.437461 0 
872 0.419218 0 
873 0.402922 0 
874 0.386571 0 
875 0.399188 0 
876 0.382669 0 
877 0.412351 0 
878 0.396624 0 
879 0.393496 0 
880 0.372323 0 
881 0.429846 0 
882 0.412648 0 
883 0.395841 0 
884 0.379887 0 
885 0.362947 0 
886 0.376824 0 
888 0.345105 0 
889 0.406033 0 
890 0.389778 0 
891 0.422598 0 
892 0.406476 0 
893 0.390238 0 
894 0.424263 0 
895 0.407310 0 
896 0.391711 0 
897 0.375831 0 
899 0.342088 0 
901 0.309749 0 
902 0.293611 0 
903 0.327302 0 
904 0.305924 0 
905 0.328218 0 
906 0.312080 0 
907 0.306909 0 
909 0.358612 0 
910 0.342623 0 
911 0.324302 0 
912 0.308208 0 
914 0.275657 0 
916 0.333813 0 
917 0.317811 0 
918 0.301255 0 
920 0.389241 0 
921 0.373206 0 
924 0.324705 0 
925 0.308522 0 
926 0.292210 0 
927 0.274735 0 
928 0.257225 0 
929 0.232883 0 
930 0.241800 0 
931 0.285759 0 
932 0.261432 0 
933 0.245423 0 
934 0.229380 0 
935 0.212517 0 
936 0.196313 0 
937 0.179308 0 
938 0.369278 0 
939 0.353839 0 
940 0.330898 0 
941 0.314985 0 
943 0.281531 0 
944 0.264725 0 
945 0.248635 0 
946 0.235513 0 
947 0.247101 0 
948 0.255599 0 
949 0.239289 0 
951 0.275096 0 
952 0.259140 0 
953 0.292683 0 
954 0.276569 0 
955 0.313918 0 
956 0.296259 0 
957 0.279082 0 
958 0.262952 0 
959 0.243207 0 
960 0.227163 0 
961 0.242538 0 
962 0.226335 0 
964 0.194121 0 
965 0.238661 0 
966 0.222841 0 
967 0.372122 0 
968 0.356555 0 
969 0.340219 0 
970 0.324295 0 
972 0.290894 0 
973 0.292953 0 
974 0.276788 0 
975 0.269034 0 
977 0.234222 0 
978 0.228675 0 
979 0.255280 0 
980 0.239228 0 
982 0.205021 0 
983 0.224766 0 
984 0.208343 0 
985 0.191922 0 
986 0.198753 0 
987 0.180686 0 
989 0.139983 0 
990 0.166833 0 
991 0.150574 0 
992 0.134096 0 
993 0.118080 0 
994 0.100933 0 
995 0.091316 0 
996 0.110451 0 
997 0.094178 0 
999 0.061218 0 
1000 0.043778 0 
1001 0.027808 0 
1002 0.044336 0 
1003 0.152180 0 
1004 0.141686 0 
1005 0.234198 0 
1006 0.265442 0 
1007 0.249621 0 
1008 0.233695 0 
1009 0.218018 0 
1010 0.201804 0 
1011 0.184503 0 
1012 0.168507 0 
1013 0.189924 0 
1014 0.173343 0 
1015 0.157212 0 
1016 0.146765 0 
1017 0.205567 0 
1018 0.189272 0 
1019 0.200233 0 
1020 0.183900 0 
1021 0.167142 0 
1022 0.150958 0 
1023 0.209650 0 
1024 0.284632 0 
1026 0.290925 0 
1027 0.291419 0 
1028 0.267445 0 
1029 0.251169 0 
1030 0.263699 0 
1031 0.247342 0 
1032 0.230955 0 
1033 0.214599 0 
1035 0.197891 0 
1036 0.181257 0 
1037 0.165464 0 
1038 0.149186 0 
1040 0.116426 0 
1042 0.112205 0 
1043 0.113057 0 
1044 0.179372 0 
1045 0.162523 0 
1048 0.111040 0 
1049 0.094149 0 
1050 0.076852 0 
1051 0.096215 0 
1052 0.079613 0 
1053 0.074208 0 
1054 0.057898 0 
1055 0.169248 0 
1056 0.152963 0 
1057 0.136971 0 
1058 0.259670 0 
1059 0.243482 0 
1061 0.393404 0 
1063 0.360923 0 
1064 0.410694 0 
1065 0.394606 0 
1066 0.383398 0 
1067 0.379832 0 
1068 0.363472 0 
1069 0.347194 0 
1071 0.322938 0 
1072 0.324652 0 
1073 0.308559 0 
1074 0.292433 0 
1075 0.290641 0 
1076 0.269640 0 
1077 0.280536 0 
1078 0.264031 0 
1079 0.246772 0 
1080 0.258269 0 
1081 0.239776 0 
1082 0.244681 0 
1083 0.224133 0 
1084 0.287104 0 
1085 0.270665 0 
1087 0.339169 0 
1088 0.342531 0 
1089 0.327652 0 
1090 0.345634 0 
1091 0.328598 0 
1092 0.312194 0 
1093 0.312497 0 
1094 0.296488 0 
1095 0.293576 0 
1096 0.274607 0 
1098 0.269734 0 
1100 0.237516 0 
1101 0.221215 0 
1102 0.204360 0 
1103 0.298612 0 
1104 0.282191 0 
1105 0.266122 0 
1106 0.244771 0 
1108 0.211905 0 
1109 0.195424 0 
1110 0.179283 0 
1111 0.161988 0 
1113 0.409074 0 
1115 0.420388 0 
1116 0.405493 0 
1117 0.389196 0 
1119 0.511709 0 
1120 0.489745 0 
1121 0.473867 0 
1123 0.434514 0 
1124 0.417895 0 
1125 0.414287 0 
1126 0.397743 0 
1127 0.384251 0 
1128 0.487980 0 
1129 0.470465 0 
1130 0.471652 0 
1131 0.461591 0 
1132 0.445161 0 
1133 0.428505 0 
1135 0.458375 0 
1136 0.442397 0 
1137 0.426342 0 
1138 0.460699 0 
1139 0.444339 0 
1140 0.428044 0 
1142 0.437519 0 
1143 0.421041 0 
1144 0.404840 0 
1145 0.403477 0 
1146 0.386378 0 
1147 0.364402 0 
1148 0.384999 0 
1150 0.349150 0 
1151 0.381012 0 
1152 0.485555 0 
1153 0.468986 0 
1154 0.452883 0 
1155 0.482523 0 
1156 0.466473 0 
1157 0.449818 0 
1158 0.431455 0 
1159 0.455982 0 
1160 0.543862 0 
1161 0.523830 0 
1163 0.491574 0 
1164 0.475157 0 
1165 0.473049 0 
1166 0.474577 0 
1167 0.458157 0 
1168 0.440118 0 
1169 0.424845 0 
1171 0.392072 0 
1172 0.448006 0 
1173 0.432443 0 
1174 0.410208 0 
1176 0.373472 0 
1177 0.428175 0 
1178 0.425565 0 
1179 0.409513 0 
1181 0.377657 0 
1182 0.368526 0 
1183 0.370190 0 
1184 0.353885 0 
1185 0.335866 0 
1186 0.319598 0 
1188 0.318094 0 
1189 0.345133 0 
1190 0.386555 0 
1191 0.381970 0 
1192 0.363890 0 
1193 0.346788 0 
1194 0.370707 0 
1195 0.354541 0 
1200 0.533295 0 
1201 0.514120 0 
1202 0.497637 0 
1203 0.481874 0 
1204 0.465498 0 
1205 0.578387 0 
1206 0.562089 0 
1207 0.545806 0 
1208 0.530060 0 
1209 0.513947 0 
1210 0.497725 0 
1211 0.482152 0 
1212 0.589831 0 
1213 0.573642 0 
1214 0.557145 0 
1215 0.541486 0 
1216 0.544551 0 
1217 0.595563 0 
1218 0.579138 0 
1219 0.562376 0 
1220 0.546032 0 
1221 0.529796 0 
1222 0.531757 0 
1223 0.512654 0 
1225 0.527586 0 
1226 0.511645 0 
1227 0.491498 0 
1228 0.476435 0 
1229 0.456879 0 
1230 0.492498 0 
1231 0.471920 0 
1232 0.617298 0 
1234 0.662212 0 
1235 0.682255 0 
1236 0.666511 0 
1237 0.650389 0 
1239 0.618012 0 
1241 0.678876 0 
1242 0.728559 0 
1243 0.743900 0 
1244 0.726829 0 
1247 0.671243 0 
1248 0.649420 0 
1249 0.633327 0 
1250 0.617108 0 
1251 0.632390 0 
1252 0.616605 0 
1253 0.600177 0 
1254 0.664057 0 
1255 0.648090 0 
1256 0.631510 0 
1257 0.697982 0 
1258 0.681265 0 
1260 0.818107 0 
1262 0.812402 0 
1263 0.796794 0 
1264 0.780064 0 
1265 0.833770 0 
1266 0.856880 0 
1267 0.840781 0 
1268 0.824472 0 
1270 0.797845 0 
1271 0.849802 0 
1272 0.833829 0 
1273 0.817742 0 
1274 0.838621 0 
1275 0.821616 0 
1276 0.805450 0 
1277 0.789452 0 
1278 0.773461 0 
1279 0.861519 0 
1280 0.875612 0 
1281 0.860074 0 
1282 0.842005 0 
1283 0.844032 0 
1284 0.827654 0 
1286 0.866819 0 
1287 0.848404 0 
1288 0.916737 0 
1289 0.900708 0 
1290 0.884811 0 
1291 0.867940 0 
1292 0.851746 0 
1293 0.862544 0 
1294 0.845824 0 
1295 0.905585 0 
1297 0.921436 0 
1299 0.969434 0 
1300 0.953036 0 
1301 0.937269 0 
1302 0.920274 0 
1303 0.973797 0 
1304 0.957341 0 
1305 0.941980 0 
1307 1.012798 0 
1308 0.996761 0 
1309 0.980819 0 
1310 0.964611 0 
1312 0.924591 0 
1314 0.889679 0 
1315 0.950099 0 
1316 0.934476 0 
1318 0.906201 0 
1319 0.890220 0 
1320 0.886931 0 
1322 0.943345 0 
1323 0.927161 0 
1324 0.910154 0 
1325 0.893523 0 
1326 0.933460 0 
1327 0.916489 0 
1328 1.009355 0 
1329 0.992696 0 
1330 0.976387 0 
1331 1.008153 0 
1332 0.991660 0 
1333 0.974846 0 
1334 0.958729 0 
1335 0.942449 0 
1336 0.926426 0 
1337 1.047764 0 
1338 1.054521 0 
1339 1.035981 0 
1341 1.003170 0 
1342 1.141686 0 
1343 1.125678 0 
1344 1.109374 0 
1345 1.092766 0 
1346 1.076807 0 
1347 1.112929 0 
1349 1.080046 0 
1350 1.063498 0 
1351 1.046501 0 
1352 1.030280 0 
1353 1.091394 0 
1354 1.137983 0 
1355 1.121821 0 
1356 1.105364 0 
1359 1.210299 0 
1360 1.193978 0 
1362 1.189562 0 
1363 1.182402 0 
1364 1.226038 0 
1365 1.245642 0 
1366 1.226745 0 
1367 1.210626 0 
1368 1.229644 0 
1370 1.217401 0 
1371 1.201313 0 
1372 1.215761 0 
1373 1.417895 0 
1375 1.445641 0 
1376 1.429691 0 
1377 1.413863 0 
1378 1.395037 0 
1380 1.362522 0 
1381 1.379169 0 
1382 1.362950 0 
1383 1.344455 0 
1384 1.328182 0 
1385 1.463896 0 
1387 1.431346 0 
1388 1.420903 0 
1389 1.416994 0 
1390 1.406985 0 
1391 1.404412 0 
1392 1.388303 0 
1393 1.532666 0 
1394 1.516618 0 
1395 1.500463 0 
1397 1.549480 0 
1398 1.533211 0 
1399 1.510108 0 
1400 1.492987 0 
1401 1.526015 0 
1402 1.509912 0 
1403 1.494141 0 
1404 1.477894 0 
1405 1.461601 0 
1406 1.463001 0 
1407 1.446800 0 
1408 1.440472 0 
1409 1.419169 0 
1410 1.455404 0 
1411 1.466641 0 
1412 1.450529 0 
1413 1.630451 0 
1414 1.614240 0 
1415 1.598145 0 
1416 1.582056 0 
1417 1.566011 0 
1418 1.549755 0 
1419 1.533566 0 
1420 1.517533 0 
1421 1.501624 0 
1422 1.490701 0 
1424 1.457741 0 
1425 1.441636 0 
1426 1.527573 0 
1427 1.511380 0 
1428 1.495446 0 
1429 1.478907 0 
1430 1.463050 0 
1431 1.446822 0 
1434 1.507531 0 
1435 1.491494 0 
1436 1.474646 0 
1438 1.441866 0 
1440 1.409594 0 
1441 1.700865 0 
1442 1.773564 0 
1450 1.932008 0 
1451 1.915814 0 
1452 1.898842 0 
1453 1.883589 0 
1454 1.953837 0 
1455 1.937619 0 
1456 1.921584 0 
1457 1.960434 0 
1459 1.938285 0 
1461 1.921963 0 
1462 1.906078 0 
1463 1.889562 0 
1464 1.868936 0 
1465 1.857649 0 
1466 1.841126 0 
1467 1.818512 0 
1469 1.817411 0 
1470 1.800951 0 
1471 1.784991 0 
1472 1.768474 0 
1473 1.749882 0 
1474 1.750907 0 
1475 1.816917 0 
1476 1.806684 0 
1477 1.817007 0 
1478 1.907636 0 
1479 1.942501 0 
1480 1.957820 0 
1481 1.941845 0 
1482 1.925771 0 
1483 1.931605 0 
1485 1.898719 0 
1486 2.003239 0 
1487 2.013983 0 
1488 1.998091 0 
1489 1.981939 0 
1490 1.966125 0 
1491 1.962358 0 
1492 1.946059 0 
1493 1.926666 0 
1494 1.910553 0 
1496 1.970181 0 
1498 2.010589 0 
1500 2.018355 0 
1501 2.002696 0 
1502 1.986750 0 
1504 2.195625 0 
1506 2.171168 0 
1507 2.229556 0 
1508 2.210299 0 
1509 2.297493 0 
1511 2.279717 0 
1513 2.246974 0 
1514 2.233499 0 
1515 2.323212 0 
1517 2.288648 0 
1518 2.442286 0 
1519 2.424926 0 
1521 2.392209 0 
1522 2.373631 0 
1523 2.356820 0 
1524 2.340837 0 
1526 2.559041 0 
1527 2.574017 0 
1528 2.557752 0 
1529 2.541477 0 
1530 2.650072 0 
1531 2.634057 0 
1532 2.617965 0 
1533 2.601604 0 
1534 2.583152 0 
1535 2.566275 0 
1536 2.549462 0 
1537 2.533609 0 
1538 2.517001 0 
1540 2.513872 0 
1541 2.498163 0 
1542 2.481886 0 
1543 2.465586 0 
1544 2.602834 0 
1545 2.604844 0 
1546 2.588993 0 
1548 2.561740 0 
1549 2.545742 0 
1550 2.599183 0 
1551 2.659235 0 
1552 2.638673 0 
1553 2.622391 0 
1554 2.605948 0 
1555 2.587735 0 
1556 2.571121 0 
1557 2.554486 0 
1558 2.537419 0 
1559 2.521213 0 
1561 2.498849 0 
1562 2.500485 0 
1563 2.484762 0 
1564 2.468783 0 
1565 2.476904 0 
1566 2.460494 0 
1567 2.440332 0 
1569 2.400457 0 
1570 2.384287 0 
1571 2.368102 0 
1572 2.357428 0 
1574 2.380367 0 
1575 2.364523 0 
1576 2.345594 0 
1577 2.329390 0 
1579 2.296751 0 
1580 2.424329 0 
1581 2.408037 0 
1582 2.392176 0 
1583 2.381907 0 
1584 2.364926 0 
1586 2.332295 0 
1587 2.413606 0 
1588 2.397412 0 
1589 2.395290 0 
1590 2.418766 0 
1591 2.400685 0 
1592 2.414789 0 
1593 2.398799 0 
1594 2.382136 0 
1596 2.349737 0 
1597 2.333714 0 
1598 2.346120 0 
1599 2.329407 0 
1600 2.312860 0 
1601 2.296843 0 
1602 2.440480 0 
1603 2.424227 0 
1604 2.407839 0 
1605 2.410623 0 
1606 2.431026 0 
1607 2.442222 0 
1608 2.423201 0 
1609 2.407389 0 
1610 2.391006 0 
1611 2.374455 0 
1612 2.358298 0 
1613 2.342150 0 
1614 2.340899 0 
1615 2.328478 0 
1616 2.311979 0 
1617 2.370683 0 
1618 2.603252 0 
1619 2.586990 0 
1620 2.566201 0 
1621 2.550549 0 
1623 2.518186 0 
1624 2.501891 0 
1625 2.486215 0 
1626 2.470253 0 
1627 2.487538 0 
1628 2.471378 0 
1629 2.492680 0 
1630 2.703829 0 
1632 2.668008 0 
1633 2.651449 0 
1634 2.634217 0 
1635 2.617893 0 
1637 2.584635 0 
1639 2.552068 0 
1640 2.535889 0 
1641 2.519481 0 
1642 2.514061 0 
1645 2.498729 0 
1646 2.482793 0 
1647 2.466829 0 
1648 2.450714 0 
1649 2.461780 0 
1650 2.468679 0 
1651 2.452657 0 
1652 2.535428 0 
1653 2.605262 0 
1654 2.609358 0 
1655 2.593244 0 
1656 2.577139 0 
1658 2.545257 0 
1660 2.645462 0 
1661 2.629725 0 
1662 2.613578 0 
1663 2.597822 0 
1664 2.581680 0 
1665 2.564648 0 
1666 2.548550 0 
1668 2.504391 0 
1669 2.485415 0 
1670 2.469215 0 
1671 2.452657 0 
1672 2.438121 0 
1673 2.421599 0 
1674 2.405505 0 
1675 2.413419 0 
1676 2.389211 0 
1677 2.372807 0 
1678 2.395318 0 
1679 2.379197 0 
1680 2.363140 0 
1681 2.345471 0 
1682 2.448734 0 
1684 2.780451 0 
1685 2.762423 0 
1686 2.746257 0 
1687 2.729598 0 
1688 2.713142 0 
1689 2.897254 0 
1690 2.913322 0 
1691 2.897244 0 
1692 2.881400 0 
1693 3.019908 0 
1695 3.073525 0 
1697 3.040427 0 
1698 3.022448 0 
1699 3.291437 0 
1700 3.278954 0 
1701 3.263884 0 
1702 3.294354 0 
1703 3.278079 0 
1705 3.244349 0 
1706 3.227981 0 
1707 3.210948 0 
1708 3.194289 0 
1710 3.157315 0 
1712 3.125398 0 
1713 3.109713 0 
1714 3.093518 0 
1716 3.061055 0 
1717 3.040623 0 
1718 3.024249 0 
1720 3.087584 0 
1721 3.071016 0 
1722 3.048233 0 
1723 3.095555 0 
1724 3.079587 0 
1725 3.063112 0 
1726 3.047608 0 
1727 3.061438 0 
1730 3.164160 0 
1731 3.147890 0 
1732 3.131716 0 
1733 3.116093 0 
1734 3.100986 0 
1735 3.084757 0 
1736 3.065495 0 
1737 3.041674 0 
1739 3.020200 0 
1740 3.004113 0 
1741 3.042687 0 
1742 3.077872 0 
1743 3.055206 0 
1744 3.038517 0 
1745 3.022956 0 
1747 2.987876 0 
1748 2.972143 0 
1750 3.081540 0 
1751 3.065438 0 
1752 3.142623 0 
1753 3.126675 0 
1756 3.093829 0 
1757 3.076514 0 
1758 3.060799 0 
1760 3.036470 0 
1761 3.056166 0 
1762 3.039542 0 
1763 3.023392 0 
1764 3.066118 0 
1765 3.049760 0 
1766 3.033338 0 
1768 3.001461 0 
1769 3.022939 0 
1770 3.006759 0 
1771 3.063555 0 
1773 3.028506 0 
1774 3.009316 0 
1775 3.043373 0 
1776 3.023552 0 
1778 2.993495 0 
1782 3.100188 0 
1783 3.084249 0 
1785 3.090011 0 
1786 3.139647 0 
1787 3.186939 0 
1788 3.170095 0 
1789 3.154433 0 
1790 3.143288 0 
1791 3.126478 0 
1792 3.158548 0 
1793 3.142368 0 
1795 3.142900 0 
1796 3.126858 0 
1797 3.149986 0 
1798 3.134480 0 
1799 3.127551 0 
1800 3.111367 0 
1801 3.159256 0 
1802 3.142616 0 
1803 3.120073 0 
1804 3.129906 0 
1805 3.114055 0 
1806 3.160108 0 
1807 3.144049 0 
1808 3.127811 0 
1809 3.107529 0 
1810 3.092518 0 
1811 3.076241 0 
1812 3.106428 0 
1813 3.090226 0 
1814 3.074072 0 
1815 3.050895 0 
1816 3.037059 0 
1817 3.017223 0 
1818 3.024410 0 
1819 3.007856 0 
1820 3.008034 0 
1822 3.017270 0 
1823 3.038435 0 
1824 3.022179 0 
1825 3.075391 0 
1826 3.119509 0 
1827 3.102767 0 
1828 3.088670 0 
1829 3.072577 0 
1831 3.198308 0 
1832 3.181856 0 
1833 3.165671 0 
1834 3.149442 0 
1836 3.114926 0 
1838 3.082188 0 
1839 3.065741 0 
1840 3.127004 0 
1841 3.105236 0 
1844 3.108661 0 
1845 3.086863 0 
1846 3.067481 0 
1847 3.056345 0 
1848 3.046263 0 
1849 3.041007 0 
1850 3.035371 0 
1851 3.019489 0 
1852 3.140507 0 
1859 3.092734 0 
1860 3.106924 0 
1861 3.090262 0 
1862 3.065424 0 
1863 3.076290 0 
1864 3.059875 0 
1865 3.055557 0 
1867 3.040730 0 
1868 3.024365 0 
1869 3.008987 0 
1870 3.040866 0 
1871 3.019558 0 
1872 3.003485 0 
1873 3.037865 0 
1874 3.021765 0 
1875 3.026208 0 
1876 3.010049 0 
1877 2.993426 0 
1878 3.013854 0 
1879 2.999524 0 
1880 2.983445 0 
1881 2.966872 0 
1883 2.933632 0 
1884 2.946985 0 
1885 2.938694 0 
1886 2.919462 0 
1887 2.903527 0 
1888 2.987267 0 
1889 2.971315 0 
1890 2.954751 0 
1891 2.938822 0 
1892 2.922959 0 
1894 2.956469 0 
1896 2.923791 0 
1897 2.905142 0 
1898 2.987520 0 
1899 2.972003 0 
1900 2.955543 0 
1901 2.932583 0 
1902 2.924754 0 
1904 2.931060 0 
1905 2.914946 0 
1906 2.898436 0 
1907 2.882371 0 
1909 2.918942 0 
1911 2.884215 0 
1912 2.868701 0 
1913 2.845040 0 
1915 2.907511 0 
1916 2.890370 0 
1917 2.909582 0 
1919 2.919058 0 
1920 2.902713 0 
1921 2.886495 0 
1922 2.869949 0 
1923 2.851388 0 
1924 2.885322 0 
1925 2.869220 0 
1926 2.851618 0 
1927 2.829522 0 
1928 2.813391 0 
1929 2.795697 0 
1932 2.780999 0 
1933 2.821109 0 
1935 2.921425 0 
1936 2.933674 0 
1938 2.897910 0 
1939 2.881530 0 
1940 2.865253 0 
1941 2.866567 0 
1942 2.877786 0 
1943 2.861869 0 
1944 2.845784 0 
1946 2.813491 0 
1947 2.866161 0 
1948 2.849574 0 
1949 2.833380 0 
1950 2.817412 0 
1951 2.801057 0 
1952 2.784414 0 
1953 2.768297 0 
1954 2.751851 0 
1955 2.735630 0 
1956 2.718871 0 
1957 2.701474 0 
1959 2.678422 0 
1960 2.662285 0 
1961 2.838006 0 
1962 2.815002 0 
1963 2.809048 0 
1964 2.801642 0 
1965 2.786149 0 
1967 2.753350 0 
1968 2.775128 0 
1969 2.758052 0 
1970 2.811540 0 
1972 2.778463 0 
1973 2.806007 0 
1974 2.789821 0 
1975 2.773779 0 
1977 2.740955 0 
1978 2.724598 0 
1979 2.768538 0 
1980 2.752390 0 
1981 2.736154 0 
1982 2.722999 0 
1984 2.736928 0 
1985 2.719626 0 
1986 2.750986 0 
1987 2.733161 0 
1988 2.744939 0 
1989 2.727110 0 
1990 2.711570 0 
1991 2.700498 0 
1992 2.703068 0 
1994 2.669344 0 
1995 2.717839 0 
1996 2.694122 0 
1997 2.676571 0 
1998 2.660419 0 
1999 2.709251 0 
2000 2.693035 0 
2001 2.738564 0 
2002 2.722856 0 
2003 2.711993 0 
2004 2.703525 0 
2005 2.679380 0 
2006 2.663132 0 
2009 2.734504 0 
2010 2.718310 0 
2011 2.701348 0 
2012 2.690180 0 
2013 2.668934 0 
2014 2.652448 0 
2015 2.678750 0 
2016 2.662289 0 
2017 2.657709 0 
2018 2.641617 0 
2019 2.625541 0 
2021 2.591285 0 
2022 2.707103 0 
2023 2.712615 0 
2024 2.696048 0 
2025 2.676297 0 
2026 2.659785 0 
2027 2.685292 0 
2028 2.668833 0 
2031 2.757340 0 
2032 2.741271 0 
2033 2.725170 0 
2035 2.692508 0 
2037 2.755408 0 
2038 2.838423 0 
2039 2.915161 0 
2044 3.036569 0 
2045 3.020392 0 
2046 3.005008 0 
2047 2.986862 0 
2048 2.969885 0 
2049 2.977069 0 
2050 2.960299 0 
2051 3.038075 0 
2052 3.030735 0 
2053 3.061431 0 
2056 3.087935 0 
2058 3.071424 0 
2059 3.055168 0 
2060 3.101209 0 
2061 3.084925 0 
2062 3.068505 0 
2063 3.110088 0 
2066 3.072118 0 
2067 3.070511 0 
2070 3.121386 0 
2071 3.199022 0 
2072 3.182930 0 
2073 3.163427 0 
2074 3.245291 0 
2075 3.229325 0 
2076 3.261545 0 
2077 3.245950 0 
2078 3.229689 0 
2079 3.214231 0 
2080 3.197796 0 
2082 3.273214 0 
2083 3.257257 0 
2085 3.325283 0 
2087 3.342640 0 
2088 3.326663 0 
2089 3.310541 0 
2090 3.294393 0 
2091 3.281267 0 
2093 3.276086 0 
2095 3.243991 0 
2096 3.227609 0 
2097 3.222126 0 
2098 3.206114 0 
2099 3.224026 0 
2100 3.204304 0 
2101 3.188189 0 
2103 3.234523 0 
2104 3.218019 0 
2105 3.201781 0 
2106 3.185742 0 
2108 3.153489 0 
2110 3.132820 0 
2111 3.148542 0 
2112 3.132646 0 
2114 3.100168 0 
2115 3.095733 0 
2119 3.097544 0 
2120 3.080013 0 
2121 3.154332 0 
2122 3.145684 0 
2123 3.129721 0 
2124 3.108097 0 
2125 3.091487 0 
2126 3.241738 0 
2127 3.225692 0 
2128 3.207388 0 
2129 3.328871 0 
2130 3.312500 0 
2131 3.296245 0 
2132 3.300498 0 
2133 3.292634 0 
2134 3.292742 0 
2135 3.306880 0 
2137 3.273159 0 
2138 3.343539 0 
2139 3.385155 0 
2140 3.369205 0 
2141 3.353111 0 
2142 3.420993 0 
2143 3.404955 0 
2145 3.371126 0 
2146 3.354887 0 
2147 3.335029 0 
2148 3.319142 0 
2149 3.368046 0 
2151 3.362360 0 
2152 3.346414 0 
2153 3.330148 0 
2154 3.592677 0 
2155 3.577430 0 
2156 3.561316 0 
2158 3.665163 0 
2159 3.664136 0 
2161 3.708447 0 
2162 3.692401 0 
2163 3.719117 0 
2164 3.703155 0 
2166 3.671014 0 
2167 3.688612 0 
2168 3.672333 0 
2169 3.656208 0 
2171 3.621966 0 
2172 3.610537 0 
2173 3.594631 0 
2181 3.831033 0 
2183 3.798172 0 
2186 4.134952 0 
2187 4.197347 0 
2188 4.181386 0 
2189 4.165232 0 
2190 4.230277 0 
2191 4.214114 0 
2193 4.227410 0 
2194 4.211504 0 
2195 4.194824 0 
2196 4.178734 0 
2197 4.162522 0 
2198 4.250771 0 
2199 4.232412 0 
2200 4.216464 0 
2201 4.200679 0 
2202 4.184564 0 
2203 4.221427 0 
2204 4.204959 0 
2205 4.224504 0 
2206 4.209631 0 
2207 4.192941 0 
2208 4.181726 0 
2209 4.166983 0 
2210 4.177339 0 
2211 4.182516 0 
2212 4.163653 0 
2213 4.147959 0 
2214 4.131543 0 
2215 4.115334 0 
2216 4.182893 0 
2217 4.166742 0 
2218 4.150569 0 
2220 4.117468 0 
2221 4.147570 0 
2222 4.131361 0 
2223 4.115278 0 
2224 4.108862 0 
2225 4.092525 0 
2226 4.196423 0 
2227 4.184586 0 
2229 4.211916 0 
2230 4.193888 0 
2231 4.178016 0 
2232 4.162172 0 
2234 4.128064 0 
2236 4.092360 0 
2237 4.103108 0 
2238 4.168105 0 
2239 4.151416 0 
2242 4.100287 0 
2243 4.083890 0 
2244 4.094646 0 
2245 4.076582 0 
2246 4.062906 0 
2247 4.189641 0 
2248 4.173148 0 
2249 4.153320 0 
2250 4.129362 0 
2251 4.112214 0 
2252 4.093264 0 
2253 4.077341 0 
2255 4.075744 0 
2257 4.054766 0 
2258 4.038338 0 
2259 4.022371 0 
2260 4.051307 0 
2261 4.035078 0 
2262 4.053258 0 
2263 4.039360 0 
2265 4.082781 0 
2266 4.066901 0 
2267 4.050669 0 
2268 4.124580 0 
2269 4.108377 0 
2270 4.113383 0 
2271 4.196649 0 
2272 4.180744 0 
2273 4.178217 0 
2274 4.159181 0 
2275 4.161528 0 
2276 4.145330 0 
2277 4.199403 0 
2278 4.182700 0 
2279 4.166418 0 
2281 4.156268 0 
2282 4.196844 0 
2283 4.223776 0 
2284 4.208063 0 
2285 4.216893 0 
2286 4.201744 0 
2287 4.205843 0 
2288 4.190000 0 
2289 4.217927 0 
2290 4.202201 0 
2292 4.336871 0 
2294 4.304363 0 
2295 4.298131 0 
2296 4.277094 0 
2297 4.260983 0 
2298 4.351198 0 
2299 4.348035 0 
2300 4.332458 0 
2302 4.339338 0 
2303 4.323012 0 
2304 4.306418 0 
2305 4.439667 0 
2307 4.406783 0 
2309 4.374176 0 
2310 4.397847 0 
2311 4.380767 0 
2313 4.838436 0 
2315 4.803154 0 
2317 4.770310 0 
2318 4.754049 0 
2319 4.737310 0 
2320 4.720417 0 
2321 4.723299 0 
2323 4.813718 0 
2324 4.797615 0 
2325 4.778429 0 
2326 4.800025 0 
2327 4.784187 0 
2328 4.768056 0 
2329 4.750557 0 
2330 4.734563 0 
2331 4.718441 0 
2332 4.702391 0 
2333 4.932408 0 
2334 4.915495 0 
2336 4.983874 0 
2337 4.968140 0 
2338 5.043390 0 
2340 5.077554 0 
2341 5.061511 0 
2342 5.087009 0 
2344 5.043054 0 
2345 5.035197 0 
2346 5.043322 0 
2347 5.027711 0 
2348 5.056203 0 
2349 5.039798 0 
2350 5.023554 0 
2351 5.007327 0 
2352 5.017493 0 
2353 4.993690 0 
2354 4.980698 0 
2355 4.964672 0 
2357 5.000575 0 
2358 4.984448 0 
2359 5.033941 0 
2360 5.034281 0 
2361 5.017936 0 
2362 5.128996 0 
2363 5.112884 0 
2365 5.080626 0 
2366 5.064212 0 
2367 5.107472 0 
2368 5.121764 0 
2370 5.086196 0 
2371 5.070214 0 
2372 5.053650 0 
2373 5.076701 0 
2376 5.128846 0 
2377 5.112427 0 
2378 5.096195 0 
2379 5.080142 0 
2382 5.140841 0 
2383 5.124925 0 
2384 5.191518 0 
2385 5.173905 0 
2386 5.157669 0 
2387 5.141454 0 
2388 5.125539 0 
2389 5.109434 0 
2390 5.092625 0 
2392 5.094420 0 
2393 5.078370 0 
2394 5.081495 0 
2395 5.065562 0 
2396 5.048146 0 
2397 5.069304 0 
2398 5.052488 0 
2399 5.036546 0 
2400 5.017944 0 
2401 5.002095 0 
2402 4.985807 0 
2403 5.128308 0 
2404 5.111784 0 
2405 5.095850 0 
2406 5.223760 0 
2407 5.208235 0 
2408 5.375432 0 
2409 5.491710 0 
2410 5.475846 0 
2411 5.459625 0 
2412 5.449454 0 
2413 5.432928 0 
2414 5.417023 0 
2415 5.474446 0 
2416 5.511533 0 
2417 5.495215 0 
2419 5.462437 0 
2420 5.446230 0 
2424 5.529902 0 
2429 5.626352 0 
2430 5.610113 0 
2431 5.593800 0 
2433 5.708216 0 
2435 5.675565 0 
2436 5.690788 0 
2437 5.851636 0 
2438 5.924383 0 
2441 5.861627 0 
2442 5.845398 0 
2443 5.825224 0 
2444 5.883559 0 
2445 5.867458 0 
2446 5.890337 0 
2447 5.874132 0 
2448 5.857181 0 
2449 5.838869 0 
2450 5.973931 0 
2451 5.957819 0 
2452 5.941453 0 
2454 5.908719 0 
2456 5.906920 0 
2457 5.943524 0 
2458 5.926898 0 
2459 6.016669 0 
2460 6.000651 0 
2461 5.984295 0 
2462 6.001436 0 
2464 6.048181 0 
2465 6.026158 0 
2466 6.009420 0 
2467 5.992975 0 
2468 5.977077 0 
2469 5.960670 0 
2470 6.003548 0 
2471 6.038146 0 
2472 6.022085 0 
2473 6.005873 0 
2474 5.989094 0 
2475 5.972779 0 
2476 5.956266 0 
2477 5.939428 0 
2478 5.923379 0 
2480 5.903272 0 
2482 6.093338 0 
2483 6.077205 0 
2484 6.057409 0 
2485 6.089430 0 
2486 6.073354 0 
2487 6.056950 0 
2488 6.131877 0 
2489 6.115852 0 
2491 6.082292 0 
2493 6.049901 0 
2494 6.033759 0 
2495 6.017484 0 
2496 5.999902 0 
2497 5.983538 0 
2498 6.060271 0 
2499 6.042854 0 
2501 6.005785 0 
2502 5.989525 0 
2503 5.973031 0 
2504 5.977479 0 
2506 5.945123 0 
2508 6.015714 0 
2509 6.000063 0 
2510 6.008227 0 
2512 5.975840 0 
2513 6.074110 0 
2514 6.067972 0 
2516 6.034296 0 
2517 6.050086 0 
2518 6.033790 0 
2519 6.022829 0 
2520 6.027264 0 
2521 6.010639 0 
2522 5.993873 0 
2523 6.011052 0 
2524 5.994767 0 
2525 5.978195 0 
2526 5.954543 0 
2527 5.949306 0 
2528 5.933149 0 
2529 5.916620 0 
2530 5.914100 0 
2531 5.892283 0 
2532 5.921196 0 
2533 5.904847 0 
2535 5.869969 0 
2536 5.853898 0 
2537 5.837680 0 
2538 5.834504 0 
2539 5.865474 0 
2540 5.846040 0 
2541 5.824884 0 
2545 5.869702 0 
2546 5.851845 0 
2547 5.835669 0 
2548 5.819317 0 
2549 5.803120 0 
2550 5.890526 0 
2551 5.874119 0 
2552 5.857891 0 
2553 5.841753 0 
2554 5.825423 0 
2556 5.790469 0 
2557 5.871560 0 
2558 5.855416 0 
2559 5.838576 0 
2560 5.822778 0 
2561 5.806645 0 
2562 5.790296 0 
2564 5.751842 0 
2565 5.735918 0 
2566 5.731422 0 
2567 5.715911 0 
2569 5.686549 0 
2570 5.669962 0 
2571 5.710997 0 
2572 5.694369 0 
2574 5.660465 0 
2575 5.745384 0 
2576 5.728995 0 
2577 5.713190 0 
2578 5.713514 0 
2579 5.697527 0 
2581 5.664781 0 
2582 5.648744 0 
2583 5.677163 0 
2584 5.661467 0 
2585 5.637521 0 
2586 5.621420 0 
2587 5.786851 0 
2588 5.770638 0 
2589 5.754212 0 
2591 5.721505 0 
2592 5.705246 0 
2593 5.685435 0 
2594 5.669281 0 
2595 5.653085 0 
2596 5.689288 0 
2597 5.672470 0 
2598 5.655909 0 
2599 5.639580 0 
2600 5.622802 0 
2601 5.606664 0 
2602 5.789271 0 
2603 5.770233 0 
2604 5.845446 0 
2605 5.821689 0 
2606 5.805491 0 
2607 5.789336 0 
2610 5.739447 0 
2611 5.723283 0 
2612 5.707513 0 
2613 5.691075 0 
2614 5.675256 0 
2615 5.658015 0 
2616 5.641525 0 
2618 5.608788 0 
2619 5.592791 0 
2620 5.640496 0 
2621 5.622727 0 
2622 5.605506 0 
2623 5.590070 0 
2624 5.573849 0 
2625 5.732729 0 
2627 5.841831 0 
2628 5.826685 0 
2629 5.810533 0 
2630 5.794315 0 
2632 5.755936 0 
2634 5.760379 0 
2635 5.791750 0 
2982 0.023666 1 
2983 0.066175 1 
2984 0.049822 1 
2985 0.061772 1 
2986 0.044494 1 
2987 0.057874 1 
2989 0.024720 1 
2990 0.070519 1 
2991 0.054343 1 
2992 0.077817 1 
2993 0.062139 1 
2994 0.080787 1 
2995 0.064541 1 
2996 0.048486 1 
2997 0.032506 1 
2998 0.016279 1 
2640 6.103137 0 
2641 6.132863 0 
2642 6.116738 0 
2999 0.137922 1 
3000 0.121949 1 
3001 0.105201 1 
3002 0.089147 1 
3003 0.072761 1 
3004 0.056320 1 
3005 0.039843 1 
3006 0.026370 1 
3007 0.043151 1 
3008 0.026981 1 
3009 0.016374 1 
3010 0.020812 1 
3011 0.016072 1 
2644 6.263444 0 
2645 6.247285 0 
3012 0.085718 1 
3013 0.069916 1 
3014 0.053903 1 
2646 6.258279 0 
2647 6.242212 0 
3016 0.047142 1 
3017 0.030553 1 
3018 0.036331 1 
3019 0.019992 1 
2648 6.285909 0 
2649 6.269767 0 
2650 6.253595 0 
2651 6.236999 0 
3020 0.043286 1 
3021 0.035691 1 
3022 0.019614 1 
2653 6.270809 0 
3023 0.103773 1 
3025 0.070770 1 
3026 0.054435 1 
2655 6.291788 0 
2656 6.273398 0 
2657 6.257947 0 
2658 6.241888 0 
2659 6.225807 0 
3032 0.037868 1 
3033 0.021919 1 
3034 0.041348 1 
3035 0.025306 1 
2660 6.343291 0 
2661 6.326798 0 
2663 6.348305 0 
2664 6.332170 0 
2665 6.315874 0 
3038 0.100552 1 
3039 0.084614 1 
2666 6.347851 0 
2667 6.333222 0 
3040 0.084709 1 
3041 0.068546 1 
3042 0.050689 1 
3043 0.034029 1 
3044 0.018098 1 
2668 6.353774 0 
2669 6.337487 0 
2670 6.360249 0 
2671 6.344341 0 
2672 6.343227 0 
3045 0.094818 1 
3046 0.079542 1 
3047 0.063427 1 
3048 0.046887 1 
3049 0.028719 1 
2683 6.207290 0 
2684 6.191907 0 
2685 6.176293 0 
2686 6.160238 0 
2687 6.144124 0 
2688 6.144643 0 
3051 0.086631 1 
3053 0.053514 1 
3054 0.037238 1 
3055 0.036471 1 
3056 0.038954 1 
3057 0.022653 1 
3058 0.059093 1 
3059 0.042323 1 
2690 6.226811 0 
2692 6.190475 0 
3061 0.066787 1 
3062 0.049883 1 
2694 6.228075 0 
2695 6.210868 0 
2696 6.194656 0 
2697 6.175159 0 
2698 6.158312 0 
2700 6.124327 0 
2701 6.107776 0 
3063 0.061815 1 
3064 0.045746 1 
3065 0.024046 1 
3066 0.018092 1 
2702 6.121869 0 
2703 6.105815 0 
2705 6.074245 0 
3067 0.052222 1 
3068 0.035799 1 
3069 0.073523 1 
3070 0.057459 1 
3071 0.041235 1 
3072 0.024790 1 
2707 6.136142 0 
2708 6.119908 0 
3073 0.081184 1 
3074 0.064939 1 
3075 0.054073 1 
2709 6.161459 0 
2711 6.129278 0 
3077 0.062657 1 
3078 0.044949 1 
2712 6.165076 0 
2713 6.148175 0 
3079 0.061589 1 
3080 0.045495 1 
3081 0.028870 1 
3082 0.060239 1 
2715 6.218468 0 
2716 6.204268 0 
2717 6.187293 0 
2718 6.167721 0 
2719 6.151135 0 
3083 0.085248 1 
3084 0.069232 1 
3085 0.052595 1 
3086 0.036910 1 
2720 6.156451 0 
2721 6.139623 0 
2722 6.123475 0 
3088 0.036544 1 
3090 0.047063 1 
3091 0.087422 1 
3092 0.071114 1 
2723 6.231273 0 
2724 6.214846 0 
3093 0.107264 1 
3094 0.091152 1 
3095 0.074784 1 
3096 0.058079 1 
3098 0.052758 1 
3099 0.036274 1 
3100 0.026815 1 
2725 6.285002 0 
2726 6.268215 0 
3101 0.048302 1 
3103 0.039188 1 
2727 6.319416 0 
2728 6.303573 0 
2729 6.288274 0 
3105 0.150331 1 
3106 0.134556 1 
3107 0.142548 1 
3109 0.109776 1 
3110 0.094143 1 
3111 0.109979 1 
3113 0.076369 1 
3114 0.060214 1 
3115 0.043780 1 
2732 6.432698 0 
2734 6.399125 0 
2735 6.382961 0 
2736 6.366703 0 
2737 6.347294 0 
3116 0.079886 1 
3117 0.063364 1 
3118 0.045738 1 
3119 0.046896 1 
3120 0.030469 1 
2738 6.458243 0 
3121 0.089214 1 
3122 0.072768 1 
3123 0.056809 1 
3124 0.041502 1 
2739 6.470412 0 
2740 6.457375 0 
2742 6.426577 0 
2743 6.410631 0 
2744 6.418863 0 
2745 6.404003 0 
2746 6.408484 0 
2747 6.392754 0 
2748 6.376624 0 
2749 6.358334 0 
2750 6.342231 0 
3125 0.098041 1 
3126 0.082131 1 
2751 6.333024 0 
2752 6.309602 0 
3127 0.090608 1 
3128 0.074634 1 
3129 0.058531 1 
3130 0.042252 1 
2753 6.327893 0 
3132 0.065797 1 
3133 0.051018 1 
2755 6.379860 0 
2756 6.363967 0 
2757 6.347679 0 
2758 6.325336 0 
2759 6.308175 0 
2760 6.292227 0 
3134 0.127519 1 
3135 0.111316 1 
3136 0.125411 1 
3137 0.108880 1 
3138 0.092826 1 
3140 0.060511 1 
3141 0.053381 1 
3142 0.037629 1 
2763 6.329705 0 
2764 6.326358 0 
3143 0.096920 1 
3144 0.080424 1 
3145 0.064177 1 
3146 0.046845 1 
2765 6.388572 0 
2766 6.373139 0 
2768 6.340744 0 
2769 6.321790 0 
2770 6.305412 0 
2771 6.289165 0 
2773 6.312764 0 
2774 6.296237 0 
2775 6.280609 0 
3147 0.149976 1 
3148 0.133973 1 
3149 0.117686 1 
3150 0.101429 1 
3151 0.085303 1 
3153 0.053093 1 
3154 0.039887 1 
3155 0.022660 1 
2776 6.323420 0 
2777 6.317949 0 
2778 6.300001 0 
2780 6.263928 0 
2781 6.260566 0 
3156 0.069741 1 
2782 6.346823 0 
2783 6.331546 0 
2784 6.315769 0 
2785 6.299719 0 
2786 6.281586 0 
3157 0.127213 1 
3158 0.110888 1 
3159 0.094769 1 
3161 0.061855 1 
3162 0.045415 1 
3163 0.047920 1 
3164 0.051351 1 
2787 6.336548 0 
2788 6.320657 0 
2790 6.285113 0 
2791 6.269320 0 
2792 6.264873 0 
2793 6.249116 0 
2794 6.233055 0 
2795 6.216842 0 
2796 6.200922 0 
3166 0.067975 1 
3167 0.052157 1 
2797 6.207500 0 
3168 0.086887 1 
2798 6.261918 0 
2799 6.246301 0 
2800 6.230126 0 
2801 6.211189 0 
2802 6.194627 0 
2803 6.178663 0 
3169 0.156569 1 
3171 0.123880 1 
3172 0.107677 1 
3173 0.106379 1 
3174 0.090707 1 
3175 0.074890 1 
3176 0.058761 1 
3178 0.025890 1 
2804 6.226963 0 
3179 0.044448 1 
3180 0.028827 1 
3181 0.052334 1 
3182 0.035481 1 
2805 6.299403 0 
2806 6.283236 0 
2807 6.266756 0 
2808 6.250816 0 
2809 6.234465 0 
2810 6.217875 0 
2811 6.201528 0 
2812 6.185175 0 
2813 6.169135 0 
3183 0.056825 1 
3184 0.112557 1 
3185 0.095918 1 
3186 0.079379 1 
3188 0.046700 1 
3189 0.039001 1 
2817 6.223171 0 
2818 6.229952 0 
3190 0.071781 1 
3191 0.055318 1 
2819 6.227401 0 
2820 6.210678 0 
2821 6.202468 0 
2822 6.196625 0 
2823 6.180508 0 
2824 6.164384 0 
2826 6.139241 0 
2827 6.123369 0 
2828 6.103558 0 
2829 6.087435 0 
2831 6.054732 0 
2833 6.054209 0 
2834 6.037916 0 
3192 0.114707 1 
3193 0.098552 1 
3194 0.082495 1 
3195 0.065972 1 
2835 6.052986 0 
3196 0.107015 1 
3197 0.091092 1 
2836 6.064313 0 
2839 6.011719 0 
2840 5.993614 0 
2841 5.977445 0 
2842 5.955079 0 
2843 5.937168 0 
2844 5.920753 0 
3198 0.108144 1 
3199 0.091798 1 
3200 0.075620 1 
3201 0.051828 1 
3202 0.035633 1 
2845 5.963939 0 
2846 5.947793 0 
3203 0.054061 1 
3204 0.037950 1 
2852 5.892882 0 
2855 5.941765 0 
2856 5.925602 0 
2857 5.909179 0 
2858 5.893405 0 
3205 0.164104 1 
3206 0.148130 1 
3207 0.131962 1 
3208 0.115824 1 
3209 0.099743 1 
3210 0.083670 1 
3211 0.091151 1 
3212 0.086425 1 
2859 5.932590 0 
2860 5.916397 0 
2862 5.882828 0 
2863 5.867584 0 
3213 0.095053 1 
3215 0.062406 1 
3216 0.046567 1 
2864 5.875666 0 
2865 5.859420 0 
2866 5.857311 0 
2867 5.839800 0 
2868 5.823238 0 
2869 5.807101 0 
2870 5.820277 0 
2871 5.812417 0 
2872 5.796032 0 
3217 0.121285 1 
3218 0.105224 1 
3219 0.089159 1 
3220 0.071974 1 
3221 0.055787 1 
2873 5.799363 0 
2874 5.783185 0 
2875 5.792565 0 
2876 5.776414 0 
2878 5.756580 0 
3222 0.093802 1 
3224 0.061161 1 
3225 0.044875 1 
2879 5.762748 0 
2880 5.746161 0 
2881 5.729691 0 
2882 5.739230 0 
2883 5.728608 0 
3226 0.086557 1 
3229 0.038097 1 
2884 5.749608 0 
2885 5.735468 0 
2886 5.719120 0 
2887 5.702752 0 
2889 5.669106 0 
3231 0.071568 1 
2891 5.682147 0 
2892 5.666409 0 
2893 5.650253 0 
3232 0.120864 1 
3233 0.102722 1 
3234 0.087456 1 
2894 5.717702 0 
2895 5.701801 0 
2896 5.685579 0 
2897 5.669769 0 
2901 5.637642 0 
2902 5.620779 0 
2904 5.584005 0 
3237 0.101649 1 
3238 0.084372 1 
3239 0.068165 1 
3240 0.051939 1 
3241 0.035343 1 
3242 0.045846 1 
2906 5.587257 0 
2907 5.571987 0 
2908 5.555836 0 
2910 5.523112 0 
2911 5.515440 0 
2912 5.499177 0 
2914 5.466782 0 
2915 5.450883 0 
3243 0.052237 1 
3244 0.035862 1 
3245 0.066893 1 
3246 0.051126 1 
3247 0.035012 1 
3248 0.018605 1 
2916 5.497378 0 
2917 5.480149 0 
2918 5.463984 0 
2919 5.459443 0 
2920 5.443368 0 
2921 5.427427 0 
2924 5.378195 0 
2925 5.361998 0 
2926 5.365532 0 
2927 5.349258 0 
2928 5.332086 0 
3250 0.063958 1 
2929 5.373391 0 
3252 0.056012 1 
2930 5.370034 0 
2931 5.353775 0 
2933 5.336276 0 
2934 5.318786 0 
3253 0.073246 1 
3254 0.057797 1 
3255 0.041102 1 
2935 5.321368 0 
2936 5.305017 0 
2937 5.324767 0 
2938 5.308090 0 
2939 5.295462 0 
2941 5.261100 0 
2942 5.252092 0 
3256 0.096220 1 
3257 0.079906 1 
3258 0.063524 1 
2943 5.300651 0 
2944 5.283550 0 
2945 5.266651 0 
2946 5.250465 0 
3260 0.120280 1 
3261 0.103317 1 
3262 0.124403 1 
2947 5.322206 0 
2948 5.309893 0 
2949 5.293477 0 
2950 5.277392 0 
2951 5.264322 0 
2952 5.248151 0 
3263 0.161743 1 
2954 5.257970 0 
2955 5.242229 0 
2956 5.225796 0 
3264 0.174289 1 
3265 0.157615 1 
3266 0.141686 1 
3267 0.125238 1 
3268 0.107748 1 
3269 0.090576 1 
3270 0.075399 1 
3271 0.059026 1 
3272 0.062796 1 
3273 0.046856 1 
3274 0.030762 1 
2957 5.345444 0 
2958 5.328948 0 
3276 0.121686 1 
2959 5.350119 0 
2960 5.334047 0 
2962 5.301365 0 
2963 5.285497 0 
3277 0.152086 1 
3278 0.135913 1 
3279 0.119297 1 
3280 0.122922 1 
3281 0.106806 1 
2964 5.336349 0 
2965 5.320792 0 
2967 5.288194 0 
2968 5.280197 0 
2969 5.264271 0 
3282 0.142566 1 
3283 0.126618 1 
3284 0.110786 1 
3285 0.094642 1 
2970 5.324601 0 
2972 5.292375 0 
2973 5.276301 0 
3051 3.996873 0 
3053 3.984724 0 
3054 3.968440 0 
3289 0.158431 1 
3290 0.142436 1 
3291 0.126262 1 
3055 4.016458 0 
3056 4.000346 0 
3057 3.983872 0 
3058 3.967513 0 
3059 3.951066 0 
3061 3.918406 0 
3062 3.901505 0 
3063 3.885224 0 
3064 3.869128 0 
3065 3.847400 0 
3066 3.833507 0 
3067 3.817357 0 
3068 3.800998 0 
3069 3.784808 0 
3070 3.768964 0 
3071 3.752419 0 
3072 3.776511 0 
3073 3.760204 0 
3074 3.743844 0 
3075 3.727804 0 
3294 0.139836 1 
3295 0.124526 1 
3077 3.720648 0 
3078 3.711421 0 
3079 3.695754 0 
3080 3.679647 0 
3081 3.663019 0 
3297 0.136639 1 
3298 0.120038 1 
3299 0.103961 1 
3300 0.087108 1 
3082 3.676537 0 
3083 3.678296 0 
3084 3.662420 0 
3085 3.645835 0 
3086 3.630434 0 
3088 3.632216 0 
3090 3.599762 0 
3091 3.583471 0 
3092 3.567470 0 
3093 3.551259 0 
3094 3.535137 0 
3095 3.519400 0 
3096 3.508940 0 
3098 3.476138 0 
3099 3.459688 0 
3100 3.487449 0 
3101 3.471338 0 
3103 3.438911 0 
3105 3.405870 0 
3106 3.389421 0 
3107 3.373331 0 
3109 3.340815 0 
3110 3.324560 0 
3302 0.191306 1 
3304 0.159122 1 
3305 0.143133 1 
3306 0.126413 1 
3111 3.339052 0 
3113 3.305434 0 
3114 3.289300 0 
3115 3.272871 0 
3116 3.256617 0 
3117 3.240031 0 
3118 3.222307 0 
3119 3.206397 0 
3120 3.200417 0 
3121 3.184320 0 
3122 3.182851 0 
3123 3.207495 0 
3124 3.191404 0 
3125 3.175241 0 
3126 3.168003 0 
3127 3.151709 0 
3128 3.141550 0 
3129 3.125881 0 
3308 0.195442 1 
3309 0.179308 1 
3310 0.162868 1 
3130 3.118881 0 
3132 3.083837 0 
3133 3.084662 0 
3134 3.081246 0 
3135 3.065402 0 
3136 3.049650 0 
3137 3.033104 0 
3138 3.062472 0 
3140 3.030173 0 
3141 3.013691 0 
3142 2.997984 0 
3143 2.982090 0 
3144 2.970673 0 
3312 0.236531 1 
3313 0.220425 1 
3314 0.203656 1 
3315 0.187554 1 
3316 0.170890 1 
3317 0.154548 1 
3318 0.138100 1 
3319 0.121986 1 
3320 0.100855 1 
3321 0.084823 1 
3322 0.068045 1 
3145 3.008454 0 
3146 2.991094 0 
3147 2.997458 0 
3148 2.981363 0 
3149 2.965074 0 
3150 2.948818 0 
3151 2.932693 0 
3153 2.900485 0 
3154 2.884145 0 
3155 2.866838 0 
3156 2.850551 0 
3157 2.833817 0 
3158 2.817379 0 
3159 2.801270 0 
3161 2.768369 0 
3162 2.751796 0 
3163 2.736011 0 
3164 2.736369 0 
3166 2.703406 0 
3167 2.687488 0 
3168 2.700685 0 
3169 2.684624 0 
3171 2.652005 0 
3172 2.635846 0 
3173 2.636861 0 
3174 2.620840 0 
3175 2.604820 0 
3176 2.588651 0 
3178 2.555648 0 
3179 2.539262 0 
3323 0.180146 1 
3180 2.549426 0 
3181 2.533093 0 
3182 2.516208 0 
3183 2.502058 0 
3184 2.485883 0 
3185 2.495097 0 
3186 2.478645 0 
3324 0.218113 1 
3325 0.202044 1 
3188 2.502122 0 
3189 2.486173 0 
3190 2.469954 0 
3191 2.453846 0 
3192 2.437504 0 
3193 2.421279 0 
3194 2.405211 0 
3195 2.388590 0 
3196 2.372835 0 
3197 2.356814 0 
3198 2.340562 0 
3199 2.324328 0 
3200 2.308236 0 
3201 2.284454 0 
3202 2.268624 0 
3203 2.252355 0 
3204 2.236260 0 
3205 2.220419 0 
3206 2.204781 0 
3207 2.188621 0 
3208 2.172548 0 
3209 2.156618 0 
3210 2.140534 0 
3211 2.123933 0 
3212 2.107606 0 
3326 0.252839 1 
3327 0.236911 1 
3328 0.220809 1 
3329 0.204592 1 
3213 2.113933 0 
3215 2.081411 0 
3216 2.065554 0 
3217 2.049345 0 
3218 2.036868 0 
3219 2.020872 0 
3220 2.003905 0 
3221 1.987771 0 
3222 1.971473 0 
3224 1.982754 0 
3225 1.966598 0 
3226 1.950367 0 
3227 1.938958 0 
3229 1.906622 0 
3231 1.874399 0 
3232 1.858099 0 
3233 1.861375 0 
3234 1.846330 0 
3237 1.797189 0 
3238 1.779985 0 
3239 1.763908 0 
3240 1.747747 0 
3331 0.258027 1 
3332 0.237963 1 
3333 0.221883 1 
3334 0.205743 1 
3335 0.188908 1 
3336 0.172670 1 
3337 0.156283 1 
3339 0.123836 1 
3241 1.749169 0 
3242 1.733015 0 
3243 1.717014 0 
3244 1.771022 0 
3245 1.754833 0 
3246 1.738892 0 
3247 1.722857 0 
3248 1.706656 0 
3250 1.673472 0 
3252 1.640747 0 
3253 1.622885 0 
3254 1.607530 0 
3255 1.590868 0 
3340 0.206753 1 
3341 0.190988 1 
3342 0.174771 1 
3343 0.158443 1 
3344 0.141870 1 
3345 0.125824 1 
3346 0.109608 1 
3347 0.093315 1 
3256 1.599854 0 
3257 1.583538 0 
3258 1.567189 0 
3260 1.534321 0 
3261 1.517261 0 
3262 1.500868 0 
3263 1.484787 0 
3264 1.468571 0 
3265 1.451884 0 
3266 1.435955 0 
3267 1.419502 0 
3268 1.442416 0 
3269 1.425266 0 
3270 1.410094 0 
3271 1.393721 0 
3272 1.377488 0 
3273 1.361655 0 
3274 1.345564 0 
3348 0.134963 1 
3349 0.118823 1 
3350 0.102392 1 
3352 0.069699 1 
3353 0.053499 1 
3354 0.037143 1 
3276 1.320323 0 
3277 1.304895 0 
3355 0.036963 1 
3278 1.317436 0 
3279 1.300832 0 
3280 1.284688 0 
3281 1.268547 0 
3282 1.252340 0 
3283 1.236316 0 
3284 1.315498 0 
3285 1.299340 0 
3287 1.266452 0 
3289 1.234076 0 
3290 1.218074 0 
3291 1.201913 0 
3292 1.185655 0 
3293 1.169713 0 
3294 1.152795 0 
3295 1.137492 0 
3297 1.104576 0 
3298 1.087956 0 
3299 1.071876 0 
3300 1.055019 0 
3302 1.022135 0 
3356 0.180981 1 
3357 0.181259 1 
3358 0.164859 1 
3360 0.132744 1 
3361 0.116684 1 
3362 0.125302 1 
3363 0.109018 1 
3365 0.076672 1 
3366 0.060259 1 
3367 0.043974 1 
3304 1.083930 0 
3305 1.067942 0 
3306 1.051380 0 
3308 1.019182 0 
3309 1.002913 0 
3310 0.986668 0 
3312 0.954126 0 
3313 0.939075 0 
3314 0.922341 0 
3315 0.910078 0 
3316 0.893425 0 
3317 0.877080 0 
3318 0.865677 0 
3319 0.849564 0 
3320 0.828430 0 
3321 0.812428 0 
3322 0.833010 0 
3323 0.816777 0 
3324 0.800984 0 
3325 0.784790 0 
3326 0.768416 0 
3327 0.752344 0 
3328 0.736155 0 
3329 0.719902 0 
3331 0.687559 0 
3332 0.667473 0 
3333 0.651391 0 
3334 0.635246 0 
3335 0.618202 0 
3368 0.104249 1 
3370 0.071845 1 
3336 0.638429 0 
3337 0.622539 0 
3339 0.590025 0 
3340 0.573584 0 
3341 0.557645 0 
3342 0.541442 0 
3343 0.525116 0 
3344 0.508408 0 
3345 0.492247 0 
3346 0.519422 0 
3347 0.503402 0 
3348 0.487595 0 
3349 0.472904 0 
3350 0.456484 0 
3352 0.423790 0 
3353 0.407552 0 
3371 0.138442 1 
3372 0.122133 1 
3354 0.430303 0 
3355 0.413894 0 
3356 0.397401 0 
3357 0.381034 0 
3358 0.364618 0 
3360 0.332185 0 
3361 0.316114 0 
3362 0.300137 0 
3363 0.283661 0 
3365 0.251230 0 
3366 0.234809 0 
3367 0.218521 0 
3368 0.201727 0 
3370 0.169304 0 
3371 0.152388 0 
3372 0.136024 0 
3373 0.119253 0 
3374 0.116841 0 
3375 0.099748 0 
3377 0.067454 0 
3378 0.050820 0 
3379 0.035111 0 
3380 0.019071 0 
3373 0.144802 1 
3374 0.127879 1 
3375 0.110836 1 
3377 0.078544 1 
3378 0.061835 1 
3381 0.041479 0 
3379 0.119880 1 
3380 0.113625 1 
3381 0.097672 1 
3382 0.081601 1 
3383 0.065472 1 
3384 0.049597 1 
3385 0.033400 1 
3387 0.025640 0 
3388 0.009309 0 
3387 0.044812 1 
3389 0.018104 0 
3390 0.021433 0 
3391 0.017313 0 
3388 0.146982 1 
3392 0.086311 0 
3393 0.070131 0 
3394 0.068105 0 
3395 0.052148 0 
3396 0.036063 0 
3397 0.020221 0 
3398 0.035289 0 
3399 0.018845 0 
3400 0.021277 0 
3401 0.015383 0 
3389 0.237006 1 
3390 0.220631 1 
3391 0.203925 1 
3392 0.187898 1 
3393 0.172728 1 
3394 0.156614 1 
3395 0.140532 1 
3396 0.124326 1 
3397 0.107733 1 
3398 0.091698 1 
3399 0.075242 1 
3402 0.035468 0 
3403 0.018579 0 
3404 0.020611 0 
3400 0.100883 1 
3401 0.084481 1 
3402 0.068126 1 
3405 0.023818 0 
3403 0.060558 1 
3406 0.013482 0 
3407 0.011668 0 
3404 0.082682 1 
3405 0.066196 1 
3408 0.026804 0 
3409 0.027268 0 
3410 0.014913 0 
3411 0.014244 0 
3412 0.023803 0 
3406 0.138043 1 
3407 0.121338 1 
3408 0.103626 1 
3409 0.088044 1 
3414 0.023681 0 
3415 0.033562 0 
3416 0.018654 0 
3410 0.133808 1 
3411 0.117727 1 
3412 0.101264 1 
3417 0.018588 0 
3414 0.072555 1 
3418 0.014704 0 
3419 0.020446 0 
3420 0.013106 0 
3415 0.129201 1 
3416 0.114291 1 
3417 0.097584 1 
3418 0.079080 1 
3419 0.064430 1 
3420 0.048141 1 
3421 0.031371 1 
3421 0.046195 0 
3423 0.021712 0 
3424 0.033792 0 
3425 0.017541 0 
3423 0.068806 1 
3426 0.030580 0 
3424 0.075871 1 
3425 0.059620 1 
3428 0.033242 1 
3430 0.033241 0 
3431 0.017301 0 
3432 0.050560 0 
3433 0.039864 0 
3430 0.101444 1 
3436 0.013547 0 
3437 0.015884 0 
3438 0.053800 0 
3439 0.038001 0 
3440 0.021547 0 
3431 0.174676 1 
3432 0.158663 1 
3433 0.142804 1 
3436 0.091900 1 
3437 0.074748 1 
3441 0.010568 0 
3442 0.013870 0 
3443 0.032299 0 
3444 0.015886 0 
3445 0.019358 0 
3438 0.146763 1 
3439 0.130709 1 
3440 0.114035 1 
3441 0.096986 1 
3442 0.079713 1 
3443 0.088395 1 
3444 0.072120 1 
3445 0.055356 1 
3446 0.039147 1 
3447 0.036007 0 
3449 0.013961 0 
3447 0.087290 1 
3449 0.054363 1 
3451 0.034058 0 
3452 0.042765 0 
3451 0.063495 1 
3452 0.061974 1 
3453 0.045490 1 
3454 0.040136 0 
3455 0.023720 0 
3454 0.062946 1 
3455 0.046546 1 
3456 0.030218 1 
3456 0.037244 0 
3457 0.020865 0 
3459 0.022578 0 
3460 0.013637 0 
3461 0.084784 0 
3462 0.069085 0 
3463 0.052911 0 
3464 0.036298 0 
3465 0.028356 0 
3466 0.012215 0 
3467 0.031461 0 
3468 0.014718 0 
3469 0.008985 0 
3457 0.224392 1 
3470 0.012088 0 
3459 0.193872 1 
3460 0.177542 1 
3461 0.160685 1 
3462 0.144845 1 
3463 0.192456 1 
3464 0.176289 1 
3465 0.159961 1 
3466 0.143776 1 
3467 0.131082 1 
3468 0.114363 1 
3469 0.098306 1 
3471 0.120654 0 
3472 0.104747 0 
3470 0.163717 1 
3473 0.118921 0 
3475 0.085986 0 
3476 0.069759 0 
3477 0.052953 0 
3478 0.037057 0 
3479 0.020859 0 
3480 0.016460 0 
3471 0.215795 1 
3472 0.254286 1 
3473 0.238438 1 
3481 0.116723 0 
3482 0.101623 0 
3483 0.085458 0 
3484 0.069081 0 
3486 0.051954 0 
3488 0.020024 0 
3475 0.237411 1 
3477 0.204443 1 
3478 0.188564 1 
3489 0.034552 0 
3490 0.018752 0 
3482 0.172305 1 
3491 0.030070 0 
3492 0.013928 0 
3486 0.118987 1 
3488 0.087407 1 
3489 0.070762 1 
3490 0.054798 1 
3493 0.013545 0 
3491 0.059905 1 
3492 0.043628 1 
3494 0.014256 0 
3493 0.048409 1 
3494 0.092402 1 
3496 0.076761 0 
3497 0.060831 0 
3498 0.044589 0 
3499 0.064216 0 
3501 0.031834 0 
3496 0.132284 1 
3497 0.116078 1 
3498 0.099725 1 
3499 0.083395 1 
3503 0.045800 0 
3504 0.029704 0 
3501 0.080157 1 
3503 0.048286 1 
3505 0.035744 0 
3504 0.054313 1 
3507 0.034565 0 
3508 0.017372 0 
3505 0.073425 1 
3507 0.100152 1 
3508 0.082952 1 
3509 0.066696 1 
3509 0.074944 0 
3511 0.041811 0 
3512 0.025607 0 
3513 0.016870 0 
3514 0.022685 0 
3511 0.087789 1 
3512 0.071603 1 
3513 0.054882 1 
3515 0.025851 0 
3516 0.014566 0 
3514 0.073466 1 
3515 0.056759 1 
3516 0.040267 1 
3517 0.025530 0 
3518 0.022342 0 
3519 0.005845 0 
3520 0.013822 0 
3517 0.071001 1 
3518 0.054932 1 
3521 0.031358 0 
3522 0.014970 0 
3519 0.075057 1 
3520 0.059038 1 
3521 0.042560 1 
3522 0.026206 1 
3523 0.013482 1 
3523 0.014758 0 
3524 0.006889 0 
3524 0.015035 1 
3525 0.007488 0 
3526 0.005740 0 
3525 0.029748 1 
3526 0.021113 1 
3527 0.006213 0 
3528 0.007424 0 
3527 0.031172 1 
3530 0.006131 0 
3528 0.040426 1 
3530 0.017815 1 
3531 0.003464 0 
3531 0.021025 1 
3532 0.008287 0 
3532 0.019980 1 
3533 0.004711 0 
3533 0.006412 1 
3534 0.003873 0 
3534 0.012785 1 
3535 0.004478 0 
3535 0.010835 1 
3536 0.004955 0 
3536 0.006133 1 
3538 0.004445 0 
3538 0.009889 1 
3539 0.006884 0 
3540 0.005829 0 
3540 0.008044 1 
3541 0.003560 0 
3541 0.007545 1 
