2024-09-03 16:26:41
../stream-replay/logs/rtt-6208@128.txt
2 0.125336 0 
4 0.115863 0 
5 0.099329 0 
6 0.080786 0 
7 0.064643 0 
8 0.073018 0 
9 0.056938 0 
10 0.038347 0 
11 0.020875 0 
12 0.111146 0 
13 0.095053 0 
14 0.115460 0 
15 0.099912 0 
16 0.083406 0 
17 0.067466 0 
18 0.051602 0 
19 0.035098 0 
20 0.062773 0 
21 0.044831 0 
22 0.028851 0 
23 0.012938 0 
24 0.067670 0 
25 0.051001 0 
26 0.308646 0 
27 0.292160 0 
28 0.303352 0 
29 0.282413 0 
31 0.414538 0 
32 0.398502 0 
33 0.400377 0 
34 0.381485 0 
35 0.365159 0 
36 0.435875 0 
37 0.418901 0 
38 0.402770 0 
40 0.418033 0 
41 0.401809 0 
42 0.379671 0 
43 0.363176 0 
45 0.329921 0 
47 0.379403 0 
48 0.363459 0 
49 0.346244 0 
50 0.326437 0 
53 0.359662 0 
54 0.343357 0 
55 0.327100 0 
56 0.310346 0 
57 0.292381 0 
58 0.275554 0 
59 0.259393 0 
60 0.241644 0 
61 0.264948 0 
62 0.332306 0 
63 0.316209 0 
64 0.295791 0 
66 0.344535 0 
68 0.311040 0 
69 0.292857 0 
70 0.276554 0 
71 0.260188 0 
72 0.249381 0 
73 0.336939 0 
74 0.321734 0 
76 0.289008 0 
77 0.271785 0 
78 0.256074 0 
79 0.239632 0 
80 0.284731 0 
81 0.308201 0 
82 0.291966 0 
83 0.275798 0 
84 0.263976 0 
85 0.272280 0 
86 0.256166 0 
87 0.311978 0 
88 0.296098 0 
89 0.280055 0 
90 0.260585 0 
92 0.227943 0 
93 0.256411 0 
94 0.236507 0 
95 0.248374 0 
96 0.282216 0 
97 0.266296 0 
98 0.247387 0 
99 0.231291 0 
100 0.214819 0 
101 0.198850 0 
103 0.160097 0 
105 0.136884 0 
106 0.125458 0 
107 0.106921 0 
108 0.095632 0 
109 0.123217 0 
110 0.112738 0 
111 0.096510 0 
113 0.080702 0 
114 0.177500 0 
115 0.161328 0 
116 0.143891 0 
118 0.378783 0 
120 0.338994 0 
121 0.322837 0 
122 0.306478 0 
124 0.273580 0 
125 0.257439 0 
126 0.240132 0 
128 0.195966 0 
129 0.179148 0 
130 0.162563 0 
131 0.331587 0 
132 0.309223 0 
133 0.293025 0 
134 0.276168 0 
135 0.258592 0 
136 0.243281 0 
137 0.226292 0 
138 0.209913 0 
139 0.193898 0 
140 0.177110 0 
141 0.160637 0 
142 0.143871 0 
143 0.123263 0 
144 0.115900 0 
145 0.096899 0 
147 0.064248 0 
148 0.174031 0 
149 0.165035 0 
152 0.208098 0 
153 0.192352 0 
155 0.231693 0 
156 0.214900 0 
157 0.258204 0 
158 0.239844 0 
159 0.223279 0 
160 0.234466 0 
161 0.274992 0 
162 0.333805 0 
163 0.317983 0 
164 0.302156 0 
165 0.279868 0 
166 0.256002 0 
168 0.274061 0 
169 0.258217 0 
170 0.252398 0 
171 0.236138 0 
172 0.335561 0 
173 0.319613 0 
174 0.303679 0 
176 0.272512 0 
177 0.253289 0 
178 0.236784 0 
179 0.220393 0 
181 0.187953 0 
182 0.237548 0 
183 0.221365 0 
184 0.205755 0 
186 0.173490 0 
187 0.156440 0 
188 0.165672 0 
189 0.145100 0 
190 0.163962 0 
191 0.147922 0 
193 0.114731 0 
194 0.098160 0 
195 0.076612 0 
196 0.060380 0 
197 0.043809 0 
198 0.112821 0 
199 0.097010 0 
200 0.080736 0 
201 0.111050 0 
203 0.072774 0 
204 0.141262 0 
205 0.164220 0 
206 0.142266 0 
207 0.125264 0 
208 0.222681 0 
209 0.206430 0 
210 0.214527 0 
211 0.257367 0 
212 0.241282 0 
213 0.220568 0 
214 0.200528 0 
215 0.183918 0 
216 0.164085 0 
217 0.224728 0 
218 0.208252 0 
219 0.189582 0 
220 0.173390 0 
221 0.156572 0 
222 0.140316 0 
223 0.150766 0 
224 0.132596 0 
225 0.116005 0 
226 0.129056 0 
227 0.111723 0 
228 0.119814 0 
230 0.146558 0 
231 0.126690 0 
232 0.109938 0 
233 0.093777 0 
234 0.077303 0 
235 0.089498 0 
236 0.081088 0 
237 0.109283 0 
239 0.145620 0 
240 0.185088 0 
241 0.164979 0 
242 0.148810 0 
244 0.116377 0 
246 0.256286 0 
247 0.393183 0 
248 0.377228 0 
249 0.360880 0 
252 0.306667 0 
253 0.290401 0 
254 0.271163 0 
255 0.254996 0 
256 0.282625 0 
257 0.266678 0 
258 0.257218 0 
259 0.243305 0 
260 0.257723 0 
261 0.241849 0 
262 0.223482 0 
263 0.207220 0 
265 0.190676 0 
267 0.213428 0 
268 0.190473 0 
269 0.170251 0 
270 0.153895 0 
271 0.137799 0 
272 0.121194 0 
273 0.114470 0 
275 0.081550 0 
276 0.261299 0 
277 0.263656 0 
278 0.245155 0 
279 0.228987 0 
280 0.212407 0 
281 0.195844 0 
282 0.179754 0 
283 0.157557 0 
284 0.136622 0 
285 0.121557 0 
286 0.105165 0 
287 0.183044 0 
288 0.166906 0 
289 0.150716 0 
291 0.162181 0 
292 0.205612 0 
293 0.189550 0 
294 0.216090 0 
295 0.200083 0 
296 0.183356 0 
297 0.167187 0 
298 0.223639 0 
299 0.207806 0 
300 0.191795 0 
302 0.242302 0 
304 0.205978 0 
305 0.252950 0 
306 0.232026 0 
307 0.215310 0 
308 0.216881 0 
309 0.200427 0 
310 0.235673 0 
312 0.210380 0 
313 0.194034 0 
314 0.175468 0 
315 0.159112 0 
317 0.135980 0 
319 0.267926 0 
320 0.251939 0 
321 0.234787 0 
323 0.241965 0 
324 0.225660 0 
325 0.209467 0 
327 0.177078 0 
328 0.160949 0 
329 0.272726 0 
330 0.256592 0 
331 0.240287 0 
332 0.222543 0 
333 0.229073 0 
334 0.223001 0 
335 0.207106 0 
336 0.278039 0 
337 0.256087 0 
338 0.239963 0 
339 0.224044 0 
340 0.207797 0 
341 0.191783 0 
342 0.175062 0 
343 0.359359 0 
344 0.339298 0 
346 0.295342 0 
347 0.278654 0 
348 0.262461 0 
349 0.245810 0 
350 0.228331 0 
351 0.212119 0 
352 0.278974 0 
354 0.294165 0 
355 0.277900 0 
356 0.261719 0 
357 0.262473 0 
358 0.246771 0 
359 0.270610 0 
360 0.310832 0 
361 0.294600 0 
362 0.273820 0 
363 0.257282 0 
364 0.240948 0 
365 0.221514 0 
367 0.306896 0 
368 0.290944 0 
369 0.313405 0 
370 0.445389 0 
371 0.424368 0 
372 0.409256 0 
373 0.393005 0 
375 0.360747 0 
376 0.339917 0 
377 0.326911 0 
378 0.333481 0 
380 0.300487 0 
381 0.284335 0 
382 0.266343 0 
383 0.248797 0 
385 0.289119 0 
386 0.273270 0 
388 0.344484 0 
389 0.394737 0 
390 0.378553 0 
392 0.345044 0 
393 0.397965 0 
394 0.499686 0 
395 0.598580 0 
396 0.582267 0 
397 0.566160 0 
398 0.550325 0 
399 0.527678 0 
400 0.524559 0 
402 0.489583 0 
403 0.465712 0 
404 0.446159 0 
405 0.493009 0 
406 0.476434 0 
407 0.460313 0 
408 0.443890 0 
409 0.426542 0 
410 0.410137 0 
411 0.395906 0 
412 0.419499 0 
413 0.403275 0 
414 0.386748 0 
415 0.469448 0 
416 0.451250 0 
417 0.455596 0 
418 0.508733 0 
419 0.492884 0 
420 0.476668 0 
421 0.486804 0 
422 0.476172 0 
423 0.460168 0 
424 0.442253 0 
425 0.441244 0 
426 0.470585 0 
427 0.524453 0 
429 0.484349 0 
430 0.468156 0 
431 0.451988 0 
432 0.446924 0 
433 0.430536 0 
434 0.541201 0 
435 0.563068 0 
436 0.544879 0 
438 0.635230 0 
439 0.618968 0 
440 0.602802 0 
441 0.586457 0 
443 0.552203 0 
445 0.512329 0 
446 0.487593 0 
447 0.576005 0 
448 0.556155 0 
451 0.569677 0 
452 0.553220 0 
453 0.567005 0 
454 0.550248 0 
455 0.553057 0 
456 0.536917 0 
457 0.520982 0 
458 0.584703 0 
459 0.699554 0 
460 0.684013 0 
461 0.668300 0 
462 0.652261 0 
464 0.620114 0 
466 0.651134 0 
467 0.634933 0 
468 0.659237 0 
469 0.642878 0 
470 0.623287 0 
471 0.622009 0 
472 0.605361 0 
474 0.574299 0 
475 0.652768 0 
476 0.636481 0 
477 0.620290 0 
478 0.604124 0 
479 0.588036 0 
480 0.677777 0 
481 0.730226 0 
482 0.726296 0 
483 0.718386 0 
484 0.731466 0 
485 0.714495 0 
486 0.698348 0 
487 0.681138 0 
488 0.672272 0 
490 0.671488 0 
491 0.683779 0 
492 0.660311 0 
493 0.747984 0 
494 0.792604 0 
495 0.776473 0 
496 0.760132 0 
497 0.741930 0 
498 0.722992 0 
499 0.706355 0 
501 0.689392 0 
503 0.748227 0 
504 0.727494 0 
505 0.773913 0 
506 0.750668 0 
507 0.734588 0 
508 0.718900 0 
509 0.775258 0 
511 0.783266 0 
512 0.819798 0 
513 0.879494 0 
514 0.863114 0 
516 0.860555 0 
518 0.853162 0 
519 0.836692 0 
520 0.820268 0 
522 0.824165 0 
523 0.890706 0 
524 0.873793 0 
526 0.838090 0 
527 0.821864 0 
528 0.831430 0 
529 0.813967 0 
530 0.797643 0 
531 0.781662 0 
532 0.785916 0 
533 0.875063 0 
534 0.859047 0 
535 0.842714 0 
536 0.824520 0 
537 0.807337 0 
538 0.790273 0 
539 0.841980 0 
540 0.850828 0 
541 0.845862 0 
542 0.920219 0 
543 0.904188 0 
545 0.915952 0 
546 0.933680 0 
547 0.917591 0 
548 0.902226 0 
549 0.886307 0 
550 0.889041 0 
551 0.873092 0 
553 0.840840 0 
554 0.824924 0 
555 0.860648 0 
556 0.843957 0 
557 0.923038 0 
558 0.907480 0 
559 0.953457 0 
560 0.961059 0 
561 0.944378 0 
562 0.939720 0 
563 0.922292 0 
564 0.906046 0 
566 0.871338 0 
567 0.851298 0 
568 0.827703 0 
569 0.863091 0 
570 0.844767 0 
571 0.828598 0 
572 0.833237 0 
574 0.794306 0 
575 0.802245 0 
576 0.803952 0 
577 0.790722 0 
579 0.757608 0 
580 0.740688 0 
581 0.724091 0 
582 0.715531 0 
584 0.683680 0 
585 0.674181 0 
586 0.657920 0 
587 0.641683 0 
588 0.629617 0 
589 0.633970 0 
591 0.600895 0 
592 0.586998 0 
593 0.569931 0 
594 0.564440 0 
595 0.554712 0 
596 0.538306 0 
597 0.534218 0 
598 0.518282 0 
599 0.502063 0 
601 0.485943 0 
602 0.469898 0 
603 0.452460 0 
604 0.439647 0 
605 0.422993 0 
606 0.406613 0 
607 0.390357 0 
608 0.371978 0 
609 0.350971 0 
610 0.358792 0 
611 0.342570 0 
612 0.323792 0 
613 0.307408 0 
614 0.291408 0 
615 0.271687 0 
616 0.254593 0 
617 0.297358 0 
618 0.278841 0 
619 0.261605 0 
620 0.245490 0 
621 0.229350 0 
622 0.211066 0 
623 0.194830 0 
624 0.178291 0 
625 0.162253 0 
626 0.145943 0 
628 0.112178 0 
629 0.116928 0 
630 0.100476 0 
631 0.081146 0 
632 0.064570 0 
633 0.051902 0 
634 0.035490 0 
635 0.019342 0 
637 0.007532 0 
638 0.014919 0 
639 0.004069 0 
640 0.030491 0 
642 0.009024 0 
644 0.107949 0 
645 0.091618 0 
647 0.074751 1 
650 0.026448 1 
646 0.128212 0 
647 0.112839 0 
650 0.064166 0 
651 0.048209 0 
652 0.061641 0 
653 0.049762 0 
654 0.033434 0 
655 0.030938 0 
656 0.012508 0 
655 0.072977 1 
656 0.054636 1 
657 0.038522 1 
658 0.022343 1 
657 0.060976 0 
658 0.045088 0 
659 0.028964 0 
660 0.022293 0 
661 0.023372 0 
663 0.013532 0 
665 0.013107 0 
666 0.004600 0 
660 0.121175 1 
661 0.104911 1 
663 0.070838 1 
667 0.011792 0 
668 0.010825 0 
669 0.019230 0 
665 0.091316 1 
666 0.074839 1 
667 0.058109 1 
670 0.016310 0 
671 0.020579 0 
668 0.081749 1 
669 0.065625 1 
670 0.049473 1 
671 0.054410 1 
673 0.022853 0 
674 0.014006 0 
673 0.039095 1 
675 0.006492 0 
676 0.026442 0 
677 0.009273 0 
675 0.055571 1 
678 0.017328 0 
679 0.010012 0 
677 0.049681 1 
678 0.032882 1 
680 0.009067 0 
681 0.007259 0 
679 0.067718 1 
680 0.051335 1 
681 0.037559 1 
682 0.047094 1 
683 0.030903 1 
682 0.066369 0 
683 0.057712 0 
684 0.041552 0 
685 0.023415 0 
686 0.019885 0 
687 0.010522 0 
684 0.095451 1 
689 0.019312 0 
690 0.023739 0 
691 0.053457 0 
692 0.037499 0 
693 0.021250 0 
690 0.079895 1 
691 0.063637 1 
692 0.047391 1 
693 0.030958 1 
694 0.022419 0 
695 0.019900 0 
696 0.007266 0 
697 0.007769 0 
694 0.064973 1 
695 0.048901 1 
698 0.010799 0 
697 0.065687 1 
700 0.029733 0 
702 0.004974 0 
703 0.014225 0 
698 0.104683 1 
704 0.014830 0 
705 0.015649 0 
706 0.012186 0 
700 0.109469 1 
702 0.078047 1 
703 0.061946 1 
704 0.045972 1 
705 0.028829 1 
707 0.009752 0 
708 0.010732 0 
706 0.046927 1 
707 0.049155 1 
710 0.016500 0 
711 0.009103 0 
708 0.087244 1 
710 0.054661 1 
712 0.019543 0 
713 0.027709 0 
711 0.080317 1 
712 0.059105 1 
715 0.038558 0 
713 0.075719 1 
717 0.061827 0 
718 0.038234 0 
719 0.026886 0 
717 0.091767 1 
718 0.068167 1 
721 0.059221 0 
722 0.043511 0 
723 0.027322 0 
725 0.016857 0 
726 0.008503 0 
727 0.012224 0 
728 0.014330 0 
729 0.011001 0 
730 0.006210 0 
731 0.019253 0 
732 0.013842 0 
733 0.016225 0 
734 0.010380 0 
735 0.012022 0 
736 0.007724 0 
737 0.016413 0 
738 0.011166 0 
739 0.017246 0 
740 0.006886 0 
741 0.012192 0 
742 0.062086 0 
744 0.029864 0 
745 0.034089 0 
746 0.062419 0 
747 0.045642 0 
748 0.069512 0 
749 0.053037 0 
750 0.124159 0 
752 0.110396 0 
753 0.089185 0 
754 0.072873 0 
755 0.057275 0 
756 0.170102 0 
757 0.154573 0 
758 0.216151 0 
759 0.200057 0 
760 0.183929 0 
761 0.168140 0 
762 0.205623 0 
763 0.186418 0 
765 0.147651 0 
766 0.128258 0 
767 0.150994 0 
768 0.134682 0 
769 0.238743 0 
770 0.222417 0 
771 0.206201 0 
773 0.222752 0 
774 0.258426 0 
775 0.273257 0 
776 0.256376 0 
778 0.223964 0 
779 0.234989 0 
780 0.218409 0 
781 0.248788 0 
783 0.216067 0 
784 0.246522 0 
785 0.262049 0 
786 0.244750 0 
787 0.228588 0 
788 0.248239 0 
790 0.268181 0 
791 0.251931 0 
792 0.329111 0 
793 0.312347 0 
794 0.296117 0 
795 0.279974 0 
796 0.263810 0 
797 0.245105 0 
798 0.327982 0 
800 0.308289 0 
801 0.396751 0 
802 0.372769 0 
803 0.353365 0 
804 0.337193 0 
805 0.336111 0 
806 0.320031 0 
807 0.304026 0 
808 0.305734 0 
809 0.288476 0 
810 0.272349 0 
811 0.313157 0 
812 0.297058 0 
813 0.294022 0 
814 0.305980 0 
815 0.285706 0 
816 0.268719 0 
817 0.252643 0 
818 0.236645 0 
819 0.346399 0 
820 0.327284 0 
821 0.463662 0 
822 0.453444 0 
823 0.438193 0 
824 0.422206 0 
825 0.406235 0 
827 0.372777 0 
828 0.356806 0 
829 0.341247 0 
830 0.325084 0 
831 0.307805 0 
832 0.291850 0 
833 0.274966 0 
834 0.347655 0 
837 0.352270 0 
838 0.336027 0 
839 0.319952 0 
841 0.287354 0 
843 0.282368 0 
844 0.354074 0 
845 0.386862 0 
846 0.428771 0 
849 0.473655 0 
850 0.458098 0 
851 0.554839 0 
852 0.538542 0 
853 0.522329 0 
854 0.525324 0 
855 0.509081 0 
856 0.492723 0 
857 0.476663 0 
858 0.460570 0 
859 0.444211 0 
860 0.436635 0 
862 0.404383 0 
864 0.400107 0 
865 0.384369 0 
866 0.368179 0 
867 0.385273 0 
868 0.369359 0 
869 0.351967 0 
870 0.442685 0 
874 0.451605 0 
875 0.435310 0 
876 0.418984 0 
877 0.402705 0 
878 0.415259 0 
879 0.399209 0 
880 0.429152 0 
881 0.412758 0 
882 0.410606 0 
883 0.393925 0 
884 0.446099 0 
885 0.429803 0 
886 0.413796 0 
888 0.410873 0 
889 0.394920 0 
890 0.379061 0 
891 0.363072 0 
892 0.347162 0 
893 0.325543 0 
894 0.309022 0 
895 0.357641 0 
896 0.341424 0 
897 0.325360 0 
899 0.357856 0 
901 0.325002 0 
902 0.308243 0 
903 0.291018 0 
904 0.325010 0 
905 0.307747 0 
906 0.291610 0 
907 0.276109 0 
909 0.238309 0 
910 0.222011 0 
911 0.255567 0 
912 0.239240 0 
914 0.258627 0 
916 0.223089 0 
917 0.291382 0 
918 0.274841 0 
920 0.242342 0 
921 0.225733 0 
922 0.264816 0 
924 0.231909 0 
925 0.215471 0 
926 0.355071 0 
927 0.338650 0 
928 0.322671 0 
929 0.306597 0 
931 0.273639 0 
932 0.256463 0 
933 0.233149 0 
934 0.213310 0 
935 0.196480 0 
936 0.209381 0 
937 0.193367 0 
938 0.244347 0 
939 0.228155 0 
940 0.211724 0 
941 0.195585 0 
943 0.251283 0 
944 0.235552 0 
945 0.336465 0 
946 0.321692 0 
947 0.305012 0 
948 0.290012 0 
949 0.272794 0 
951 0.240900 0 
952 0.224817 0 
953 0.240742 0 
954 0.224654 0 
955 0.228842 0 
956 0.283149 0 
957 0.266952 0 
958 0.249642 0 
959 0.336901 0 
960 0.320703 0 
961 0.303910 0 
962 0.287509 0 
964 0.255081 0 
965 0.273759 0 
966 0.256823 0 
967 0.240935 0 
968 0.224513 0 
969 0.433978 0 
970 0.416448 0 
972 0.383736 0 
973 0.368748 0 
974 0.352880 0 
975 0.355780 0 
977 0.323544 0 
978 0.317584 0 
979 0.351884 0 
980 0.335212 0 
982 0.295583 0 
983 0.316195 0 
984 0.300632 0 
985 0.284619 0 
986 0.272202 0 
987 0.275539 0 
989 0.242920 0 
990 0.263070 0 
991 0.246916 0 
992 0.230828 0 
993 0.214782 0 
994 0.204555 0 
995 0.188042 0 
996 0.209035 0 
997 0.192955 0 
999 0.160330 0 
1000 0.143900 0 
1001 0.127774 0 
1002 0.111620 0 
1003 0.095223 0 
1004 0.083667 0 
1005 0.067475 0 
1006 0.048941 0 
1007 0.060630 0 
1008 0.168797 0 
1009 0.164962 0 
1010 0.250552 0 
1011 0.234388 0 
1012 0.265647 0 
1013 0.250068 0 
1014 0.233824 0 
1015 0.218432 0 
1016 0.199271 0 
1017 0.184059 0 
1018 0.167943 0 
1019 0.148762 0 
1020 0.132561 0 
1021 0.157190 0 
1022 0.147173 0 
1023 0.130578 0 
1024 0.114319 0 
1026 0.157334 0 
1027 0.167694 0 
1028 0.151354 0 
1029 0.135191 0 
1030 0.154093 0 
1031 0.132756 0 
1032 0.152728 0 
1033 0.274361 0 
1035 0.250092 0 
1036 0.233532 0 
1037 0.217505 0 
1038 0.200140 0 
1040 0.167095 0 
1042 0.160575 0 
1043 0.165249 0 
1044 0.218357 0 
1045 0.202061 0 
1048 0.214570 0 
1049 0.200091 0 
1050 0.187153 0 
1051 0.201217 0 
1052 0.179877 0 
1053 0.163756 0 
1054 0.158922 0 
1055 0.268934 0 
1056 0.251953 0 
1057 0.235709 0 
1058 0.218835 0 
1059 0.201859 0 
1061 0.308619 0 
1063 0.455733 0 
1064 0.514666 0 
1065 0.517145 0 
1066 0.500965 0 
1067 0.483082 0 
1068 0.467448 0 
1069 0.451460 0 
1071 0.438881 0 
1072 0.441974 0 
1073 0.424078 0 
1074 0.408027 0 
1075 0.411020 0 
1076 0.394213 0 
1077 0.402865 0 
1078 0.386482 0 
1079 0.369576 0 
1080 0.375338 0 
1081 0.359069 0 
1082 0.342441 0 
1083 0.321057 0 
1084 0.304832 0 
1085 0.288643 0 
1087 0.355759 0 
1088 0.437209 0 
1089 0.421646 0 
1090 0.423904 0 
1091 0.407887 0 
1092 0.391968 0 
1093 0.411376 0 
1094 0.395336 0 
1095 0.379075 0 
1096 0.368073 0 
1098 0.371413 0 
1100 0.329517 0 
1101 0.312283 0 
1102 0.317751 0 
1103 0.301730 0 
1104 0.285656 0 
1105 0.379843 0 
1106 0.363755 0 
1108 0.331624 0 
1109 0.315176 0 
1110 0.299256 0 
1111 0.283043 0 
1113 0.250311 0 
1115 0.496102 0 
1116 0.479952 0 
1117 0.463686 0 
1119 0.476482 0 
1120 0.460202 0 
1121 0.442807 0 
1123 0.410440 0 
1124 0.393522 0 
1125 0.529864 0 
1126 0.513159 0 
1127 0.496790 0 
1128 0.480827 0 
1129 0.464967 0 
1130 0.448629 0 
1131 0.444364 0 
1132 0.428471 0 
1133 0.413976 0 
1134 0.469352 0 
1136 0.483837 0 
1137 0.485615 0 
1138 0.469875 0 
1139 0.454247 0 
1140 0.436844 0 
1142 0.407384 0 
1143 0.456455 0 
1144 0.440278 0 
1145 0.424086 0 
1146 0.459006 0 
1147 0.480546 0 
1148 0.463722 0 
1150 0.432611 0 
1151 0.416574 0 
1152 0.396280 0 
1153 0.391988 0 
1154 0.375819 0 
1155 0.359736 0 
1156 0.377540 0 
1157 0.361403 0 
1158 0.393548 0 
1159 0.374086 0 
1160 0.358251 0 
1161 0.465374 0 
1163 0.446116 0 
1164 0.427331 0 
1165 0.431770 0 
1166 0.455939 0 
1167 0.436067 0 
1168 0.524243 0 
1169 0.508436 0 
1171 0.475734 0 
1172 0.458688 0 
1173 0.456312 0 
1174 0.457740 0 
1176 0.423884 0 
1177 0.407902 0 
1178 0.391979 0 
1179 0.448894 0 
1181 0.408767 0 
1182 0.454808 0 
1183 0.438784 0 
1184 0.428466 0 
1185 0.426164 0 
1186 0.409426 0 
1188 0.378442 0 
1189 0.389879 0 
1190 0.402384 0 
1191 0.386473 0 
1192 0.370553 0 
1193 0.397485 0 
1194 0.436000 0 
1195 0.419467 0 
1196 0.415454 0 
1198 0.382536 0 
1199 0.403997 0 
1200 0.387898 0 
1201 0.371581 0 
1205 0.572990 0 
1206 0.557286 0 
1207 0.540978 0 
1208 0.523880 0 
1209 0.636520 0 
1210 0.616039 0 
1211 0.599602 0 
1212 0.580228 0 
1213 0.564370 0 
1214 0.548468 0 
1215 0.532142 0 
1216 0.641837 0 
1217 0.625648 0 
1218 0.609439 0 
1219 0.592704 0 
1220 0.596269 0 
1221 0.578052 0 
1222 0.562046 0 
1223 0.611697 0 
1226 0.580770 0 
1227 0.564649 0 
1228 0.563981 0 
1229 0.547956 0 
1230 0.527260 0 
1231 0.544336 0 
1232 0.527172 0 
1234 0.544648 0 
1235 0.528367 0 
1236 0.508966 0 
1237 0.650368 0 
1239 0.617996 0 
1241 0.661116 0 
1242 0.776296 0 
1243 0.826701 0 
1244 0.841578 0 
1247 0.791985 0 
1248 0.776054 0 
1249 0.759388 0 
1250 0.743574 0 
1251 0.727079 0 
1252 0.704502 0 
1253 0.720160 0 
1254 0.704149 0 
1255 0.688200 0 
1256 0.676912 0 
1257 0.734622 0 
1258 0.798189 0 
1260 0.765563 0 
1262 0.902686 0 
1263 0.886442 0 
1264 0.894350 0 
1265 0.878155 0 
1266 0.861712 0 
1267 0.845737 0 
1268 0.898736 0 
1270 0.866761 0 
1271 0.890961 0 
1272 0.881342 0 
1273 0.932457 0 
1274 0.916195 0 
1275 0.900046 0 
1276 0.920391 0 
1277 0.904506 0 
1278 0.887534 0 
1279 0.871064 0 
1280 0.855575 0 
1281 0.839400 0 
1282 0.927470 0 
1283 0.910997 0 
1284 0.925439 0 
1286 0.911238 0 
1287 0.969268 0 
1288 0.953885 0 
1289 0.935063 0 
1290 1.002690 0 
1291 0.986350 0 
1292 0.967627 0 
1293 0.951589 0 
1294 0.935983 0 
1295 0.919847 0 
1297 0.914928 0 
1299 0.958771 0 
1300 0.987178 0 
1301 0.970400 0 
1302 0.954849 0 
1303 1.019158 0 
1304 1.002777 0 
1305 0.986635 0 
1307 1.024098 0 
1308 1.008408 0 
1309 0.991002 0 
1310 1.080427 0 
1312 1.047451 0 
1314 1.012844 0 
1315 0.996664 0 
1316 0.980322 0 
1318 1.028866 0 
1319 1.006215 0 
1320 0.990371 0 
1322 1.060061 0 
1323 1.043665 0 
1324 1.026606 0 
1325 1.010086 0 
1326 1.049672 0 
1327 1.033324 0 
1328 1.031133 0 
1329 1.110390 0 
1330 1.145480 0 
1331 1.129271 0 
1332 1.112747 0 
1333 1.096884 0 
1334 1.081268 0 
1335 1.065196 0 
1336 1.049297 0 
1337 1.030948 0 
1338 1.151661 0 
1339 1.132810 0 
1341 1.122732 0 
1342 1.106482 0 
1343 1.244034 0 
1344 1.227899 0 
1345 1.211547 0 
1346 1.195474 0 
1347 1.231453 0 
1349 1.198087 0 
1350 1.181828 0 
1351 1.165625 0 
1352 1.149237 0 
1353 1.133155 0 
1354 1.195354 0 
1355 1.178910 0 
1356 1.230482 0 
1357 1.212710 0 
1358 1.196238 0 
1360 1.318284 0 
1362 1.306933 0 
1363 1.293845 0 
1364 1.278069 0 
1365 1.327432 0 
1366 1.346885 0 
1367 1.330608 0 
1368 1.314839 0 
1370 1.280650 0 
1371 1.299137 0 
1372 1.303291 0 
1373 1.314099 0 
1375 1.281908 0 
1376 1.483734 0 
1377 1.466724 0 
1378 1.450656 0 
1380 1.477425 0 
1381 1.462180 0 
1382 1.445936 0 
1383 1.429730 0 
1384 1.446503 0 
1385 1.428711 0 
1387 1.396400 0 
1388 1.379971 0 
1389 1.515283 0 
1390 1.496105 0 
1391 1.479900 0 
1392 1.469389 0 
1393 1.465860 0 
1394 1.457379 0 
1395 1.441008 0 
1397 1.407186 0 
1398 1.405530 0 
1399 1.388988 0 
1400 1.372146 0 
1401 1.356388 0 
1402 1.367256 0 
1403 1.485044 0 
1404 1.467137 0 
1405 1.451016 0 
1406 1.510512 0 
1407 1.493427 0 
1408 1.477328 0 
1409 1.458976 0 
1410 1.438353 0 
1411 1.470823 0 
1412 1.454786 0 
1413 1.438974 0 
1414 1.422860 0 
1415 1.406842 0 
1416 1.408295 0 
1417 1.391887 0 
1418 1.375910 0 
1419 1.369546 0 
1420 1.353336 0 
1421 1.417355 0 
1422 1.600674 0 
1424 1.568513 0 
1425 1.551877 0 
1426 1.534859 0 
1427 1.518978 0 
1428 1.502027 0 
1429 1.485492 0 
1430 1.469493 0 
1431 1.453264 0 
1433 1.426352 0 
1434 1.410244 0 
1435 1.393755 0 
1436 1.377961 0 
1438 1.345328 0 
1440 1.409184 0 
1441 1.467360 0 
1442 1.492568 0 
1443 1.670107 0 
1446 1.697229 0 
1447 1.681326 0 
1448 1.707913 0 
1449 1.774192 0 
1450 1.757895 0 
1451 1.741819 0 
1459 1.898987 0 
1461 1.953339 0 
1462 1.938020 0 
1463 1.921840 0 
1464 1.905731 0 
1465 1.889612 0 
1466 1.928221 0 
1467 1.911624 0 
1469 1.890082 0 
1470 1.873604 0 
1471 1.868710 0 
1472 1.852150 0 
1473 1.836332 0 
1474 1.825727 0 
1475 1.809585 0 
1476 1.793419 0 
1477 1.782697 0 
1478 1.792454 0 
1479 1.770055 0 
1480 1.749984 0 
1481 1.733613 0 
1482 1.717397 0 
1483 1.718617 0 
1485 1.800887 0 
1486 1.892186 0 
1487 1.958323 0 
1488 1.941960 0 
1489 1.925734 0 
1490 1.931667 0 
1491 1.915309 0 
1492 2.020567 0 
1493 2.004714 0 
1494 1.988529 0 
1496 1.982278 0 
1498 1.944010 0 
1499 1.927681 0 
1500 1.926040 0 
1501 1.910081 0 
1502 1.893625 0 
1503 1.877114 0 
1504 1.861227 0 
1506 1.921632 0 
1507 1.906812 0 
1508 1.890387 0 
1509 1.986972 0 
1511 2.196846 0 
1513 2.171319 0 
1514 2.155632 0 
1515 2.210529 0 
1517 2.277688 0 
1518 2.279414 0 
1519 2.261309 0 
1521 2.231799 0 
1522 2.217964 0 
1523 2.304430 0 
1524 2.288225 0 
1525 2.271861 0 
1526 2.255869 0 
1527 2.409135 0 
1528 2.392600 0 
1529 2.373317 0 
1530 2.357264 0 
1531 2.341300 0 
1532 2.382783 0 
1534 2.543634 0 
1535 2.557200 0 
1536 2.541780 0 
1537 2.525326 0 
1538 2.508847 0 
1540 2.601801 0 
1541 2.583968 0 
1542 2.567799 0 
1543 2.551427 0 
1544 2.534825 0 
1545 2.518425 0 
1546 2.531965 0 
1548 2.499891 0 
1549 2.483890 0 
1550 2.467798 0 
1551 2.576316 0 
1552 2.560169 0 
1553 2.543576 0 
1554 2.573802 0 
1555 2.556887 0 
1556 2.540248 0 
1557 2.529020 0 
1558 2.582805 0 
1559 2.562346 0 
1561 2.529517 0 
1562 2.586445 0 
1563 2.571228 0 
1564 2.554988 0 
1565 2.537806 0 
1566 2.521628 0 
1567 2.505332 0 
1569 2.472579 0 
1570 2.466515 0 
1571 2.450258 0 
1572 2.451597 0 
1574 2.414634 0 
1575 2.397726 0 
1576 2.400423 0 
1577 2.384361 0 
1579 2.352093 0 
1580 2.336061 0 
1581 2.319455 0 
1582 2.303961 0 
1583 2.287793 0 
1584 2.273802 0 
1586 2.240937 0 
1587 2.280382 0 
1588 2.264173 0 
1589 2.248234 0 
1590 2.375658 0 
1591 2.359435 0 
1592 2.343349 0 
1593 2.326219 0 
1594 2.310348 0 
1596 2.284346 0 
1597 2.268157 0 
1598 2.296235 0 
1599 2.330053 0 
1600 2.327620 0 
1601 2.311040 0 
1602 2.294630 0 
1603 2.318466 0 
1604 2.302092 0 
1605 2.314827 0 
1606 2.297827 0 
1607 2.281571 0 
1608 2.265991 0 
1609 2.249757 0 
1610 2.233586 0 
1611 2.234537 0 
1612 2.218414 0 
1613 2.216026 0 
1614 2.357750 0 
1615 2.337594 0 
1616 2.321856 0 
1617 2.306386 0 
1618 2.308325 0 
1619 2.290182 0 
1620 2.275023 0 
1621 2.258896 0 
1623 2.286805 0 
1624 2.268464 0 
1625 2.252906 0 
1626 2.236636 0 
1627 2.215973 0 
1628 2.211433 0 
1629 2.198481 0 
1630 2.182372 0 
1632 2.485285 0 
1633 2.469321 0 
1634 2.451037 0 
1635 2.434604 0 
1637 2.402073 0 
1639 2.367527 0 
1640 2.351193 0 
1641 2.407710 0 
1642 2.391586 0 
1645 2.568355 0 
1646 2.552253 0 
1647 2.535841 0 
1648 2.519778 0 
1649 2.503278 0 
1650 2.486618 0 
1651 2.469530 0 
1652 2.452816 0 
1653 2.436660 0 
1654 2.420526 0 
1655 2.414902 0 
1656 2.395827 0 
1658 2.398754 0 
1660 2.366837 0 
1661 2.381403 0 
1662 2.388252 0 
1663 2.371987 0 
1664 2.355610 0 
1665 2.438501 0 
1666 2.422460 0 
1668 2.494166 0 
1669 2.478367 0 
1670 2.462989 0 
1671 2.446328 0 
1672 2.430177 0 
1673 2.412573 0 
1674 2.523760 0 
1675 2.508316 0 
1676 2.488508 0 
1677 2.472496 0 
1678 2.456730 0 
1679 2.440787 0 
1680 2.424292 0 
1681 2.408002 0 
1682 2.391912 0 
1684 2.352365 0 
1685 2.331768 0 
1686 2.316307 0 
1687 2.300221 0 
1688 2.303249 0 
1689 2.286571 0 
1690 2.311933 0 
1691 2.295853 0 
1692 2.279764 0 
1693 2.263902 0 
1695 2.521752 0 
1697 2.489754 0 
1698 2.664227 0 
1699 2.647930 0 
1700 2.631394 0 
1701 2.614916 0 
1702 2.598446 0 
1703 2.772096 0 
1705 2.746509 0 
1706 2.763419 0 
1707 2.901562 0 
1708 2.885747 0 
1710 2.940038 0 
1712 3.195791 0 
1713 3.227542 0 
1714 3.211225 0 
1716 3.178781 0 
1717 3.162796 0 
1718 3.146870 0 
1720 3.113955 0 
1721 3.097657 0 
1722 3.081946 0 
1723 3.065662 0 
1724 3.049183 0 
1725 3.033422 0 
1726 3.017782 0 
1727 3.000128 0 
1728 2.984156 0 
1729 2.966019 0 
1730 2.950724 0 
1731 3.028991 0 
1732 3.012817 0 
1733 3.060311 0 
1734 3.036856 0 
1735 3.020369 0 
1736 3.186793 0 
1740 3.121342 0 
1741 3.104900 0 
1742 3.089369 0 
1743 3.073101 0 
1744 3.068764 0 
1745 3.052264 0 
1747 3.126431 0 
1748 3.110350 0 
1749 3.094228 0 
1750 3.078265 0 
1751 3.055461 0 
1752 3.039444 0 
1753 3.023419 0 
1755 3.147187 0 
1756 3.131068 0 
1757 3.192089 0 
1761 3.149196 0 
1762 3.127283 0 
1763 3.160642 0 
1764 3.144664 0 
1765 3.128531 0 
1766 3.112146 0 
1768 3.072855 0 
1769 3.115644 0 
1770 3.099068 0 
1771 3.120020 0 
1773 3.088168 0 
1774 3.072249 0 
1775 3.128862 0 
1776 3.112792 0 
1778 3.130800 0 
1779 3.117146 0 
1782 3.235964 0 
1783 3.218509 0 
1785 3.225130 0 
1786 3.275773 0 
1787 3.322599 0 
1788 3.306322 0 
1789 3.290544 0 
1790 3.279174 0 
1791 3.263372 0 
1792 3.285807 0 
1793 3.278128 0 
1795 3.240209 0 
1796 3.258839 0 
1797 3.248545 0 
1798 3.265968 0 
1799 3.249614 0 
1800 3.245013 0 
1801 3.229635 0 
1802 3.269278 0 
1803 3.252681 0 
1804 3.236987 0 
1805 3.254954 0 
1806 3.238808 0 
1807 3.281034 0 
1808 3.264932 0 
1809 3.248205 0 
1810 3.232198 0 
1811 3.215722 0 
1812 3.199530 0 
1813 3.182511 0 
1814 3.215602 0 
1815 3.199603 0 
1816 3.183436 0 
1817 3.168796 0 
1818 3.153690 0 
1819 3.160487 0 
1820 3.160986 0 
1822 3.155493 0 
1823 3.138742 0 
1824 3.235481 0 
1825 3.221019 0 
1826 3.212025 0 
1827 3.256591 0 
1828 3.241148 0 
1829 3.224781 0 
1831 3.337368 0 
1832 3.330548 0 
1833 3.314483 0 
1834 3.298547 0 
1836 3.266117 0 
1838 3.233512 0 
1839 3.215321 0 
1840 3.276774 0 
1841 3.260494 0 
1847 3.219298 0 
1848 3.203095 0 
1849 3.192987 0 
1850 3.178064 0 
1851 3.173234 0 
1852 3.167517 0 
1853 3.148420 0 
1854 3.262277 0 
1855 3.249892 0 
1860 3.193330 0 
1861 3.177235 0 
1862 3.160878 0 
1863 3.144659 0 
1864 3.126115 0 
1865 3.172035 0 
1867 3.139961 0 
1868 3.150412 0 
1869 3.146678 0 
1870 3.130162 0 
1871 3.113709 0 
1872 3.097739 0 
1873 3.094804 0 
1874 3.078676 0 
1875 3.063057 0 
1876 3.046696 0 
1877 3.076176 0 
1878 3.072400 0 
1879 3.056423 0 
1880 3.099399 0 
1881 3.084004 0 
1883 3.087640 0 
1884 3.072986 0 
1885 3.055359 0 
1886 3.039255 0 
1887 3.022897 0 
1888 3.035211 0 
1889 3.018688 0 
1890 2.999125 0 
1891 2.980490 0 
1892 2.972262 0 
1894 2.943698 0 
1896 3.008044 0 
1897 2.987790 0 
1898 2.972026 0 
1899 2.955725 0 
1900 2.939624 0 
1901 2.970378 0 
1902 2.954292 0 
1904 2.993238 0 
1905 3.023137 0 
1906 3.004265 0 
1907 2.988010 0 
1909 2.963613 0 
1911 2.927860 0 
1912 2.950685 0 
1913 2.931145 0 
1915 2.898754 0 
1916 2.882595 0 
1917 2.934808 0 
1919 2.900429 0 
1920 2.883770 0 
1921 2.867253 0 
1922 2.844790 0 
1923 2.923964 0 
1924 2.942758 0 
1925 2.926768 0 
1926 2.954107 0 
1927 2.988840 0 
1928 2.972430 0 
1929 2.956390 0 
1930 2.940378 0 
1931 2.924427 0 
1932 2.905969 0 
1933 2.890211 0 
1934 2.901570 0 
1936 2.863817 0 
1938 2.887037 0 
1941 2.970858 0 
1942 2.989204 0 
1943 2.972703 0 
1944 2.956650 0 
1946 2.914710 0 
1947 2.942334 0 
1948 2.925857 0 
1949 2.909563 0 
1950 2.893261 0 
1951 2.877438 0 
1952 2.861587 0 
1953 2.913183 0 
1954 2.895475 0 
1955 2.881044 0 
1956 2.856974 0 
1957 2.840703 0 
1959 2.808087 0 
1960 2.788709 0 
1961 2.772777 0 
1962 2.756529 0 
1963 2.941783 0 
1964 2.924263 0 
1965 2.907731 0 
1967 2.875520 0 
1968 2.859301 0 
1969 2.862312 0 
1970 2.846219 0 
1972 2.813798 0 
1973 2.797753 0 
1974 2.812878 0 
1975 2.796565 0 
1978 2.861740 0 
1979 2.839333 0 
1980 2.822821 0 
1981 2.806877 0 
1982 2.790895 0 
1984 2.756543 0 
1985 2.740293 0 
1986 2.724181 0 
1987 2.707933 0 
1988 2.751985 0 
1989 2.735675 0 
1990 2.721997 0 
1991 2.752316 0 
1992 2.735544 0 
1994 2.703066 0 
1995 2.733423 0 
1996 2.722670 0 
1997 2.721818 0 
1998 2.711334 0 
1999 2.695678 0 
2000 2.684254 0 
2001 2.668204 0 
2002 2.651242 0 
2003 2.715665 0 
2004 2.694001 0 
2005 2.677229 0 
2006 2.661133 0 
2007 2.645277 0 
2008 2.695132 0 
2009 2.678773 0 
2010 2.729848 0 
2011 2.721315 0 
2012 2.703858 0 
2013 2.679905 0 
2018 2.718655 0 
2019 2.702250 0 
2021 2.668713 0 
2022 2.706259 0 
2023 2.690709 0 
2024 2.674880 0 
2025 2.658565 0 
2026 2.659593 0 
2027 2.730687 0 
2028 2.712650 0 
2030 2.729152 0 
2031 2.713096 0 
2032 2.696427 0 
2033 2.676883 0 
2035 2.643455 0 
2037 2.652851 0 
2039 2.771323 0 
2040 2.755648 0 
2045 2.855702 0 
2046 2.839712 0 
2047 2.823545 0 
2048 2.905567 0 
2049 2.887876 0 
2050 2.871571 0 
2051 2.855615 0 
2052 3.033305 0 
2054 3.008846 0 
2056 2.973695 0 
2058 3.059457 0 
2059 3.040311 0 
2060 3.019852 0 
2061 3.062063 0 
2063 3.108124 0 
2064 3.088198 0 
2066 3.071734 0 
2067 3.118510 0 
2068 3.102265 0 
2069 3.086188 0 
2070 3.070325 0 
2071 3.053912 0 
2074 3.072412 0 
2075 3.070760 0 
2078 3.120689 0 
2079 3.198672 0 
2080 3.182357 0 
2082 3.245725 0 
2083 3.278291 0 
2084 3.262905 0 
2085 3.246538 0 
2086 3.230420 0 
2087 3.214149 0 
2088 3.198082 0 
2089 3.245928 0 
2090 3.227371 0 
2091 3.210837 0 
2093 3.222269 0 
2095 3.189175 0 
2096 3.273817 0 
2097 3.294121 0 
2098 3.275268 0 
2099 3.271603 0 
2100 3.258268 0 
2101 3.242529 0 
2103 3.240328 0 
2104 3.224007 0 
2105 3.203226 0 
2106 3.187480 0 
2108 3.203894 0 
2110 3.254740 0 
2111 3.234951 0 
2112 3.218768 0 
2114 3.185825 0 
2115 3.170229 0 
2116 3.166679 0 
2118 3.132524 0 
2119 3.148516 0 
2120 3.132756 0 
2121 3.128056 0 
2122 3.111685 0 
2124 3.119719 0 
2125 3.229517 0 
2126 3.213232 0 
2127 3.197019 0 
2129 3.163559 0 
2130 3.147064 0 
2131 3.131571 0 
2132 3.275053 0 
2133 3.258612 0 
2134 3.243068 0 
2137 3.329738 0 
2138 3.333638 0 
2139 3.318116 0 
2140 3.301981 0 
2141 3.310225 0 
2142 3.322661 0 
2143 3.307009 0 
2145 3.274854 0 
2146 3.258687 0 
2147 3.386762 0 
2148 3.371024 0 
2149 3.354903 0 
2150 3.425242 0 
2151 3.409122 0 
2152 3.391889 0 
2153 3.380537 0 
2154 3.364727 0 
2155 3.348731 0 
2156 3.358599 0 
2158 3.325932 0 
2160 3.358581 0 
2161 3.589266 0 
2162 3.607107 0 
2163 3.591127 0 
2164 3.712871 0 
2166 3.679661 0 
2167 3.678172 0 
2168 3.729548 0 
2169 3.717338 0 
2171 3.725253 0 
2172 3.709106 0 
2173 3.691433 0 
2174 3.705848 0 
2176 3.675137 0 
2177 3.659380 0 
2178 3.643054 0 
2179 3.623746 0 
2180 3.613665 0 
2181 3.597552 0 
2190 3.807546 0 
2191 3.791328 0 
2196 4.145839 0 
2197 4.166236 0 
2198 4.150083 0 
2199 4.133795 0 
2200 4.198194 0 
2201 4.181664 0 
2202 4.210484 0 
2203 4.195725 0 
2204 4.178950 0 
2205 4.162099 0 
2206 4.145740 0 
2207 4.232597 0 
2208 4.216789 0 
2209 4.200606 0 
2210 4.184362 0 
2211 4.168024 0 
2212 4.205576 0 
2213 4.188964 0 
2214 4.173196 0 
2215 4.193021 0 
2216 4.177155 0 
2217 4.160042 0 
2218 4.143831 0 
2220 4.113864 0 
2221 4.125783 0 
2222 4.133010 0 
2223 4.117122 0 
2224 4.100931 0 
2225 4.084666 0 
2226 4.068413 0 
2227 4.134312 0 
2229 4.147931 0 
2230 4.131941 0 
2231 4.115822 0 
2232 4.099018 0 
2234 4.066169 0 
2236 4.043650 0 
2238 4.196214 0 
2239 4.179494 0 
2242 4.128600 0 
2243 4.139572 0 
2244 4.123323 0 
2245 4.103358 0 
2246 4.167573 0 
2247 4.151457 0 
2248 4.134125 0 
2249 4.118648 0 
2250 4.100480 0 
2252 4.160175 0 
2253 4.221246 0 
2255 4.189299 0 
2257 4.153371 0 
2258 4.171214 0 
2259 4.165502 0 
2260 4.149343 0 
2261 4.132616 0 
2262 4.162971 0 
2263 4.146831 0 
2265 4.152068 0 
2266 4.205762 0 
2267 4.189645 0 
2268 4.173611 0 
2269 4.240028 0 
2270 4.223801 0 
2271 4.238531 0 
2272 4.324015 0 
2273 4.307501 0 
2274 4.305127 0 
2275 4.287899 0 
2276 4.271968 0 
2277 4.273705 0 
2278 4.256938 0 
2279 4.311537 0 
2281 4.308985 0 
2282 4.291630 0 
2283 4.275702 0 
2284 4.316169 0 
2285 4.300215 0 
2286 4.319426 0 
2287 4.311049 0 
2288 4.320014 0 
2289 4.298462 0 
2290 4.282586 0 
2292 4.314026 0 
2294 4.267397 0 
2295 4.359794 0 
2296 4.343152 0 
2297 4.385727 0 
2298 4.369318 0 
2299 4.362702 0 
2302 4.421021 0 
2303 4.418115 0 
2304 4.397677 0 
2305 4.381522 0 
2307 4.389923 0 
2309 4.358046 0 
2310 4.339457 0 
2313 4.439825 0 
2314 4.423619 0 
2315 4.407392 0 
2317 4.414174 0 
2318 4.398123 0 
2319 4.873994 0 
2320 4.857810 0 
2321 4.838768 0 
2322 4.819808 0 
2323 4.803604 0 
2324 4.806578 0 
2325 4.790406 0 
2326 4.774264 0 
2327 4.881223 0 
2328 4.865265 0 
2329 4.849092 0 
2330 4.832963 0 
2331 4.816176 0 
2332 4.838110 0 
2333 4.822357 0 
2334 4.806462 0 
2336 4.772811 0 
2337 4.756536 0 
2338 4.740068 0 
2339 4.758535 0 
2340 4.956632 0 
2341 5.041849 0 
2342 5.188241 0 
2344 5.155681 0 
2346 5.122034 0 
2347 5.102373 0 
2348 5.078411 0 
2349 5.103293 0 
2350 5.094918 0 
2351 5.100127 0 
2352 5.076273 0 
2353 5.103725 0 
2354 5.087596 0 
2355 5.071443 0 
2357 5.039005 0 
2358 5.055794 0 
2359 5.047032 0 
2360 5.093990 0 
2361 5.143821 0 
2362 5.127440 0 
2363 5.111561 0 
2365 5.095805 0 
2366 5.079627 0 
2368 5.174799 0 
2373 5.180850 0 
2375 5.148722 0 
2376 5.132777 0 
2377 5.157020 0 
2378 5.241339 0 
2379 5.225112 0 
2380 5.208899 0 
2382 5.176667 0 
2383 5.271079 0 
2384 5.254678 0 
2385 5.244907 0 
2386 5.228491 0 
2387 5.229951 0 
2388 5.272999 0 
2389 5.256863 0 
2390 5.241224 0 
2392 5.208040 0 
2393 5.191901 0 
2394 5.174417 0 
2395 5.158082 0 
2396 5.141544 0 
2397 5.165137 0 
2398 5.163450 0 
2399 5.143986 0 
2400 5.128740 0 
2401 5.149099 0 
2402 5.125657 0 
2403 5.109572 0 
2404 5.093600 0 
2405 5.077576 0 
2406 5.058582 0 
2407 5.201562 0 
2408 5.328589 0 
2409 5.312243 0 
2410 5.294852 0 
2411 5.466393 0 
2412 5.450555 0 
2414 5.546468 0 
2415 5.530035 0 
2416 5.521296 0 
2417 5.505764 0 
2419 5.541069 0 
2420 5.530668 0 
2421 5.569113 0 
2422 5.552006 0 
2423 5.535840 0 
2424 5.519676 0 
2429 5.656701 0 
2430 5.636531 0 
2431 5.620559 0 
2433 5.580837 0 
2436 5.790274 0 
2437 5.806318 0 
2438 5.886909 0 
2441 5.839371 0 
2442 5.901642 0 
2443 5.974165 0 
2444 5.958024 0 
2445 5.940703 0 
2446 5.924518 0 
2447 5.979430 0 
2448 5.998897 0 
2449 5.979167 0 
2450 5.963036 0 
2451 5.943223 0 
2452 6.074977 0 
2454 6.042398 0 
2456 6.093147 0 
2457 6.074154 0 
2458 6.163006 0 
2459 6.147084 0 
2460 6.163868 0 
2461 6.148077 0 
2462 6.211789 0 
2464 6.179391 0 
2465 6.162780 0 
2466 6.146432 0 
2467 6.130330 0 
2468 6.109554 0 
2469 6.093439 0 
2470 6.077131 0 
2471 6.113354 0 
2472 6.148979 0 
2473 6.133000 0 
2474 6.109702 0 
2475 6.093215 0 
2476 6.076974 0 
2477 6.060482 0 
2478 6.044248 0 
2480 6.023542 0 
2484 6.177948 0 
2485 6.168935 0 
2486 6.152697 0 
2487 6.136646 0 
2488 6.159348 0 
2489 6.151289 0 
2491 6.210073 0 
2493 6.177700 0 
2494 6.161299 0 
2495 6.145221 0 
2496 6.128895 0 
2497 6.110595 0 
2498 6.094073 0 
2499 6.077768 0 
2501 6.133438 0 
2502 6.118376 0 
2503 6.101640 0 
2504 6.085141 0 
2509 6.029418 0 
2510 6.135681 0 
2512 6.100133 0 
2513 6.109043 0 
2514 6.092827 0 
2516 6.052920 0 
2517 6.151497 0 
2518 6.135425 0 
2519 6.122045 0 
2520 6.139442 0 
2521 6.122557 0 
2523 6.110973 0 
2524 6.092708 0 
2525 6.074858 0 
2526 6.058859 0 
2527 6.076570 0 
2528 6.060342 0 
2529 6.043967 0 
2530 6.036111 0 
2531 6.020943 0 
2532 6.017006 0 
2533 6.000635 0 
2535 6.008902 0 
2536 5.992930 0 
2537 5.976540 0 
2538 5.960356 0 
2539 5.950181 0 
2540 5.984071 0 
2541 5.968534 0 
2543 5.933811 0 
2544 5.917881 0 
2547 5.980391 0 
2548 5.960620 0 
2549 5.939979 0 
2550 5.924700 0 
2551 5.907401 0 
2552 5.995751 0 
2553 5.979607 0 
2554 5.963687 0 
2556 5.930617 0 
2557 5.914485 0 
2558 5.987772 0 
2559 5.971909 0 
2560 5.955339 0 
2561 5.939252 0 
2562 5.923442 0 
2564 5.888718 0 
2565 5.872772 0 
2566 5.856729 0 
2567 5.839961 0 
2569 5.807721 0 
2571 5.781171 0 
2572 5.765510 0 
2574 5.736227 0 
2575 5.775998 0 
2576 5.760464 0 
2577 5.744109 0 
2578 5.727923 0 
2579 5.712110 0 
2581 5.779116 0 
2582 5.779574 0 
2583 5.763517 0 
2584 5.747387 0 
2585 5.775966 0 
2586 5.759909 0 
2587 5.743559 0 
2588 5.727829 0 
2589 5.711309 0 
2591 5.860477 0 
2592 5.844268 0 
2593 5.819035 0 
2594 5.801214 0 
2595 5.779425 0 
2596 5.759765 0 
2597 5.743581 0 
2598 5.727459 0 
2599 5.711297 0 
2600 5.695318 0 
2601 5.679041 0 
2602 5.662828 0 
2603 5.658379 0 
2604 5.665537 0 
2605 5.660071 0 
2606 5.644488 0 
2607 5.625732 0 
2608 5.608662 0 
2609 5.592292 0 
2610 5.778761 0 
2611 5.764270 0 
2612 5.845998 0 
2613 5.829538 0 
2614 5.813378 0 
2615 5.797094 0 
2616 5.781203 0 
2618 5.748877 0 
2619 5.732667 0 
2620 5.716232 0 
2621 5.699766 0 
2622 5.683713 0 
2623 5.666878 0 
2624 5.648943 0 
2625 5.634373 0 
2627 5.657620 0 
2628 5.641620 0 
2629 5.622585 0 
2630 5.606754 0 
2632 5.574646 0 
2634 5.716308 0 
2636 5.869250 0 
2637 5.900901 0 
2640 5.848367 0 
2992 0.025413 1 
2641 5.964738 0 
2642 5.940613 0 
2993 0.067484 1 
2994 0.050915 1 
2995 0.063474 1 
2996 0.047453 1 
2997 0.060426 1 
2998 0.043915 1 
2999 0.027853 1 
3000 0.071786 1 
3001 0.055749 1 
2643 6.086555 0 
2645 6.050495 0 
2646 6.034612 0 
3002 0.079740 1 
3003 0.063965 1 
3004 0.047773 1 
3005 0.066276 1 
3006 0.050228 1 
3007 0.033853 1 
3008 0.017581 1 
2647 6.131833 0 
2648 6.115895 0 
3009 0.139077 1 
3010 0.123672 1 
3011 0.107604 1 
3012 0.091244 1 
3013 0.075036 1 
3014 0.058457 1 
3016 0.028460 1 
3017 0.045642 1 
3018 0.029493 1 
3019 0.018720 1 
3020 0.022454 1 
2650 6.222833 0 
3021 0.017468 1 
2653 6.258480 0 
3022 0.087392 1 
3023 0.071571 1 
3025 0.039019 1 
3026 0.048648 1 
2655 6.312497 0 
2656 6.296228 0 
2657 6.279905 0 
2658 6.263396 0 
2659 6.247214 0 
3032 0.020896 1 
3033 0.017523 1 
2661 6.287800 0 
2663 6.254894 0 
2664 6.255118 0 
2665 6.238493 0 
3034 0.088577 1 
3035 0.073089 1 
3038 0.024355 1 
2666 6.258128 0 
2667 6.241928 0 
2668 6.226219 0 
2669 6.209287 0 
3039 0.035233 1 
3040 0.075658 1 
3041 0.057845 1 
3042 0.042647 1 
3043 0.026345 1 
3044 0.045908 1 
3045 0.029752 1 
2670 6.326679 0 
2671 6.304486 0 
3046 0.052972 1 
3047 0.036817 1 
2672 6.347764 0 
2673 6.331458 0 
2674 6.314294 0 
2675 6.298528 0 
3048 0.068389 1 
3049 0.088365 1 
3051 0.056036 1 
2676 6.332511 0 
3053 0.039839 1 
3054 0.023580 1 
3055 0.020509 1 
3056 0.084492 1 
3057 0.067751 1 
3058 0.051679 1 
3059 0.035175 1 
2680 6.393044 0 
2681 6.392659 0 
2682 6.376377 0 
2683 6.360076 0 
2685 6.327569 0 
2686 6.311514 0 
2687 6.292184 0 
2688 6.276236 0 
2690 6.260931 0 
3061 0.093215 1 
3062 0.076037 1 
3063 0.059642 1 
3064 0.043468 1 
3065 0.042892 1 
3066 0.045212 1 
3067 0.029220 1 
3068 0.045108 1 
3069 0.049616 1 
3070 0.033345 1 
2692 6.351116 0 
2693 6.359680 0 
2694 6.343334 0 
3071 0.076990 1 
3072 0.061352 1 
2695 6.374720 0 
2696 6.358724 0 
2697 6.342848 0 
2700 6.279761 0 
2701 6.262989 0 
2702 6.245757 0 
2703 6.233634 0 
3073 0.069564 1 
3074 0.052486 1 
3075 0.036410 1 
2705 6.241960 0 
2707 6.205525 0 
3077 0.062025 1 
3078 0.045575 1 
3079 0.083200 1 
3080 0.066924 1 
3081 0.050797 1 
3082 0.034365 1 
3083 0.018387 1 
2708 6.284667 0 
3084 0.080243 1 
3085 0.064870 1 
3086 0.048615 1 
2709 6.318568 0 
2711 6.284420 0 
2712 6.268655 0 
3088 0.058935 1 
2713 6.302005 0 
3090 0.057838 1 
3091 0.042168 1 
3092 0.025639 1 
2715 6.364898 0 
2716 6.350429 0 
2717 6.333615 0 
2718 6.314914 0 
3093 0.095953 1 
3094 0.080412 1 
3095 0.064027 1 
3096 0.047917 1 
2719 6.321207 0 
2720 6.304806 0 
2721 6.288653 0 
2722 6.272494 0 
2723 6.257620 0 
3098 0.048725 1 
3099 0.032070 1 
3100 0.016623 1 
3101 0.100202 1 
3103 0.067728 1 
2724 6.362623 0 
2725 6.346117 0 
2726 6.329510 0 
3105 0.087980 1 
3106 0.071793 1 
3107 0.055601 1 
3109 0.048585 1 
3110 0.032728 1 
2727 6.397688 0 
2728 6.381327 0 
3111 0.060740 1 
3113 0.027250 1 
3114 0.035334 1 
2730 6.418900 0 
2731 6.403720 0 
3115 0.062201 1 
2732 6.528629 0 
3116 0.171754 1 
3117 0.154458 1 
3118 0.139703 1 
3119 0.123617 1 
3120 0.107136 1 
3121 0.090616 1 
3122 0.106511 1 
3123 0.090286 1 
3124 0.073922 1 
3125 0.057856 1 
3126 0.041379 1 
2734 6.546945 0 
2735 6.530934 0 
2736 6.514740 0 
2737 6.499648 0 
2738 6.482925 0 
3127 0.077501 1 
3128 0.061558 1 
3129 0.045700 1 
3130 0.046410 1 
2739 6.595312 0 
2740 6.579077 0 
3132 0.089695 1 
3133 0.073651 1 
3134 0.057214 1 
3135 0.041407 1 
2742 6.571115 0 
2743 6.562463 0 
2744 6.546333 0 
2745 6.530166 0 
2746 6.511226 0 
2748 6.525830 0 
2749 6.509654 0 
2750 6.490612 0 
2751 6.474609 0 
2752 6.458892 0 
2753 6.442472 0 
3136 0.097891 1 
3137 0.106696 1 
3138 0.089231 1 
3140 0.056284 1 
2757 6.419161 0 
3141 0.090365 1 
3142 0.069765 1 
3143 0.066188 1 
3144 0.050050 1 
2759 6.468927 0 
2760 6.453024 0 
2761 6.429745 0 
2763 6.397337 0 
3145 0.157016 1 
3146 0.140558 1 
3147 0.123559 1 
3148 0.107265 1 
3149 0.091132 1 
3150 0.074953 1 
3151 0.058949 1 
3153 0.034911 1 
2765 6.457152 0 
3154 0.093838 1 
3155 0.077640 1 
3156 0.061062 1 
3157 0.044761 1 
2766 6.531312 0 
2768 6.492468 0 
2769 6.476253 0 
2770 6.460257 0 
2771 6.443210 0 
2773 6.405082 0 
2774 6.419221 0 
2775 6.403792 0 
2776 6.412492 0 
2777 6.396428 0 
2778 6.378533 0 
3158 0.148744 1 
3159 0.132507 1 
3161 0.100245 1 
3162 0.083882 1 
3163 0.067772 1 
3164 0.051673 1 
3166 0.022507 1 
2780 6.405814 0 
2781 6.389013 0 
2782 6.383169 0 
2783 6.367419 0 
2784 6.364303 0 
2785 6.348022 0 
3167 0.069643 1 
2786 6.434920 0 
2787 6.416850 0 
2788 6.400488 0 
2790 6.365601 0 
2791 6.349370 0 
2792 6.333765 0 
2793 6.317315 0 
3168 0.127367 1 
3169 0.111948 1 
3171 0.079240 1 
3172 0.062540 1 
3173 0.046948 1 
3174 0.047757 1 
3175 0.052039 1 
3176 0.036037 1 
2794 6.372101 0 
2795 6.353291 0 
2796 6.337609 0 
2797 6.321156 0 
2798 6.313047 0 
2799 6.296373 0 
2800 6.280452 0 
2801 6.263937 0 
3178 0.052919 1 
2802 6.270892 0 
2803 6.254716 0 
2804 6.238567 0 
3179 0.088018 1 
2805 6.293571 0 
2806 6.277181 0 
2873 5.157316 0 
2874 5.140979 0 
3180 0.157595 1 
3181 0.141470 1 
3182 0.125431 1 
3183 0.109208 1 
3184 0.107750 1 
3185 0.091638 1 
3186 0.075432 1 
3188 0.043308 1 
3189 0.027304 1 
3190 0.046139 1 
3191 0.029623 1 
3192 0.052884 1 
3193 0.035975 1 
2878 5.229297 0 
2879 5.213744 0 
2880 5.194171 0 
2881 5.177876 0 
2882 5.161546 0 
3194 0.058337 1 
3195 0.069325 1 
3196 0.052094 1 
3197 0.035342 1 
2885 5.200143 0 
3198 0.063736 1 
3199 0.047287 1 
3200 0.039941 1 
2886 5.219949 0 
2887 5.204163 0 
2889 5.193508 0 
3201 0.072799 1 
3202 0.056240 1 
2891 5.175225 0 
2892 5.159155 0 
2893 5.150540 0 
2894 5.142940 0 
2895 5.123070 0 
2896 5.106174 0 
2897 5.089750 0 
2899 5.066350 0 
2900 5.049853 0 
2901 5.033147 0 
2902 5.025616 0 
2904 5.019966 0 
3203 0.116061 1 
3204 0.099924 1 
3205 0.083740 1 
3206 0.067674 1 
2906 5.012875 0 
2907 4.995033 0 
2908 4.980671 0 
2910 4.952738 0 
3207 0.107331 1 
3208 0.092432 1 
2911 4.966601 0 
2912 4.949635 0 
2914 4.916730 0 
2915 4.899850 0 
2916 4.909921 0 
2917 4.893551 0 
3209 0.108830 1 
3210 0.092618 1 
3211 0.076850 1 
3212 0.052203 1 
3213 0.036497 1 
2918 4.909434 0 
2919 4.891806 0 
3215 0.038632 1 
2922 4.886112 0 
2923 4.932306 0 
2924 4.950440 0 
2925 4.933701 0 
2926 4.917658 0 
2927 4.901660 0 
2928 4.885569 0 
3216 0.164899 1 
3217 0.149195 1 
3218 0.133004 1 
3219 0.116787 1 
3220 0.100724 1 
3221 0.083876 1 
3222 0.091369 1 
3224 0.070725 1 
2929 4.936316 0 
2930 4.919964 0 
2931 4.904089 0 
3225 0.080346 1 
3226 0.064600 1 
2933 4.909416 0 
2934 4.893197 0 
2935 4.876958 0 
2936 4.892127 0 
2937 4.874527 0 
2938 4.877759 0 
3229 0.106825 1 
3231 0.074232 1 
3232 0.058216 1 
2939 4.869828 0 
2941 4.837842 0 
2942 4.847456 0 
2943 4.830655 0 
2944 4.814484 0 
2945 4.798317 0 
2946 4.785715 0 
2947 4.776434 0 
2948 4.763134 0 
2949 4.745865 0 
3233 0.096205 1 
3234 0.079930 1 
2950 4.751189 0 
2951 4.734763 0 
2952 4.717637 0 
2954 4.713517 0 
2955 4.697312 0 
3237 0.089014 1 
3238 0.073474 1 
3239 0.056959 1 
2956 4.721038 0 
2957 4.704743 0 
2958 4.684133 0 
2959 4.667717 0 
3240 0.106463 1 
3241 0.090126 1 
3242 0.074033 1 
2960 4.698555 0 
2962 4.666315 0 
2963 4.650182 0 
3243 0.123957 1 
3244 0.107622 1 
3245 0.091435 1 
3246 0.074450 1 
3247 0.058610 1 
2964 4.718025 0 
2965 4.702010 0 
2967 4.669306 0 
2968 4.653430 0 
2969 4.637458 0 
2970 4.621679 0 
2972 4.622633 0 
2973 4.606818 0 
2974 4.590216 0 
2975 4.574327 0 
3248 0.104999 1 
3250 0.072574 1 
3252 0.040166 1 
2976 4.560153 0 
2977 4.543149 0 
3253 0.051143 1 
3254 0.035045 1 
2979 4.544027 0 
2980 4.528432 0 
3255 0.041422 1 
2981 4.531197 0 
2982 4.515108 0 
2983 4.498314 0 
2984 4.482095 0 
3256 0.072619 1 
3257 0.055906 1 
3258 0.039844 1 
3260 0.015567 1 
2985 4.529615 0 
2986 4.513757 0 
2987 4.497597 0 
2989 4.465619 0 
2990 4.449495 0 
2991 4.433049 0 
2993 4.400752 0 
2994 4.384161 0 
2995 4.367848 0 
3261 0.025257 1 
2996 4.371627 0 
2997 4.355428 0 
2998 4.339383 0 
2999 4.380374 0 
3000 4.364723 0 
3001 4.348624 0 
3262 0.076913 1 
3263 0.060496 1 
3264 0.044297 1 
3002 4.344545 0 
3003 4.328719 0 
3004 4.326707 0 
3265 0.062956 1 
3266 0.046390 1 
3005 4.329573 0 
3006 4.313524 0 
3007 4.333215 0 
3008 4.316759 0 
3009 4.299190 0 
3010 4.283996 0 
3011 4.273603 0 
3012 4.257186 0 
3013 4.248020 0 
3014 4.231464 0 
3267 0.101067 1 
3268 0.084910 1 
3269 0.068709 1 
3270 0.052605 1 
3271 0.036321 1 
3016 4.264986 0 
3017 4.249137 0 
3018 4.233192 0 
3019 4.216973 0 
3272 0.109524 1 
3273 0.130112 1 
3020 4.288385 0 
3021 4.272139 0 
3022 4.264250 0 
3023 4.248374 0 
3025 4.219313 0 
3274 0.166953 1 
3026 4.245611 0 
3027 4.229469 0 
3028 4.213411 0 
3030 4.181036 0 
3032 4.147975 0 
3276 0.163080 1 
3277 0.146944 1 
3278 0.130737 1 
3279 0.114800 1 
3280 0.117768 1 
3281 0.101918 1 
3282 0.085392 1 
3283 0.068773 1 
3284 0.052752 1 
3285 0.036871 1 
3033 4.268011 0 
3287 0.127552 1 
3034 4.287821 0 
3035 4.272971 0 
3289 0.141412 1 
3290 0.125325 1 
3291 0.109172 1 
3292 0.112890 1 
3293 0.096147 1 
3038 4.284308 0 
3039 4.274182 0 
3040 4.257686 0 
3041 4.239990 0 
3042 4.224851 0 
3043 4.208437 0 
3044 4.200486 0 
3045 4.184435 0 
3294 0.131541 1 
3295 0.115845 1 
3297 0.083007 1 
3298 0.064527 1 
3046 4.245330 0 
3047 4.229141 0 
3048 4.213063 0 
3049 4.196875 0 
3051 4.164547 0 
3053 4.135500 0 
3054 4.119230 0 
3055 4.102972 0 
3299 0.176786 1 
3300 0.159561 1 
3056 4.171711 0 
3057 4.155034 0 
3058 4.138996 0 
3059 4.122612 0 
3061 4.089580 0 
3062 4.072398 0 
3063 4.055965 0 
3064 4.040403 0 
3065 4.024111 0 
3066 4.008006 0 
3067 3.991902 0 
3068 3.975671 0 
3069 3.959398 0 
3070 3.942964 0 
3071 3.926232 0 
3072 3.910572 0 
3073 3.893986 0 
3074 3.876758 0 
3075 3.901093 0 
3077 3.868811 0 
3305 0.139607 1 
3078 3.880795 0 
3079 3.864300 0 
3080 3.856285 0 
3081 3.840146 0 
3082 3.823696 0 
3083 3.807703 0 
3084 3.791341 0 
3306 0.167977 1 
3308 0.135365 1 
3309 0.119228 1 
3310 0.102955 1 
3312 0.070542 1 
3085 3.796521 0 
3086 3.780273 0 
3088 3.755116 0 
3090 3.740291 0 
3091 3.724304 0 
3092 3.707810 0 
3093 3.690835 0 
3094 3.709360 0 
3095 3.693051 0 
3096 3.677142 0 
3098 3.645044 0 
3099 3.628422 0 
3100 3.613080 0 
3101 3.597601 0 
3103 3.571482 0 
3105 3.582956 0 
3106 3.566864 0 
3107 3.550859 0 
3109 3.516645 0 
3110 3.500874 0 
3111 3.484455 0 
3113 3.450911 0 
3114 3.435751 0 
3115 3.419152 0 
3116 3.402820 0 
3117 3.395495 0 
3313 0.190289 1 
3314 0.174505 1 
3315 0.157536 1 
3316 0.141188 1 
3317 0.125192 1 
3118 3.401424 0 
3119 3.385354 0 
3120 3.368890 0 
3121 3.352385 0 
3122 3.336319 0 
3123 3.320079 0 
3124 3.303745 0 
3125 3.298396 0 
3126 3.281877 0 
3127 3.265415 0 
3128 3.263504 0 
3129 3.247596 0 
3130 3.272210 0 
3132 3.239746 0 
3133 3.232366 0 
3134 3.215796 0 
3135 3.199947 0 
3136 3.184096 0 
3318 0.210561 1 
3319 0.193492 1 
3320 0.177594 1 
3321 0.161191 1 
3137 3.183082 0 
3138 3.165643 0 
3140 3.161957 0 
3141 3.145579 0 
3142 3.124997 0 
3143 3.113498 0 
3144 3.097443 0 
3145 3.081131 0 
3146 3.110318 0 
3147 3.093445 0 
3148 3.077098 0 
3149 3.061074 0 
3150 3.045059 0 
3151 3.029203 0 
3153 3.000533 0 
3322 0.250718 1 
3323 0.234668 1 
3324 0.218449 1 
3325 0.202405 1 
3326 0.186184 1 
3327 0.169867 1 
3328 0.153324 1 
3329 0.136986 1 
3331 0.101476 1 
3332 0.085496 1 
3333 0.069138 1 
3154 3.061790 0 
3155 3.045468 0 
3156 3.028914 0 
3157 3.012538 0 
3158 2.996368 0 
3159 2.980098 0 
3161 2.947834 0 
3162 2.931789 0 
3163 2.915688 0 
3164 2.899590 0 
3166 2.867054 0 
3167 2.850956 0 
3168 2.834583 0 
3169 2.818627 0 
3171 2.785693 0 
3172 2.785243 0 
3173 2.769663 0 
3174 2.752521 0 
3175 2.737491 0 
3176 2.750467 0 
3178 2.717693 0 
3179 2.702451 0 
3180 2.703345 0 
3181 2.687204 0 
3182 2.671035 0 
3183 2.654808 0 
3184 2.638221 0 
3185 2.622092 0 
3334 0.181397 1 
3186 2.631814 0 
3188 2.599525 0 
3189 2.585981 0 
3190 2.569451 0 
3191 2.578601 0 
3192 2.562578 0 
3335 0.219123 1 
3336 0.203034 1 
3193 2.601609 0 
3194 2.585675 0 
3195 2.569542 0 
3196 2.552575 0 
3197 2.535872 0 
3198 2.519730 0 
3199 2.503487 0 
3200 2.487815 0 
3201 2.471947 0 
3202 2.455369 0 
3203 2.439334 0 
3204 2.423148 0 
3205 2.407067 0 
3206 2.391171 0 
3207 2.373374 0 
3208 2.358475 0 
3209 2.342481 0 
3210 2.326385 0 
3211 2.310004 0 
3212 2.285619 0 
3213 2.270095 0 
3215 2.237920 0 
3216 2.221815 0 
3217 2.205867 0 
3218 2.189861 0 
3337 0.254011 1 
3339 0.221817 1 
3340 0.205961 1 
3341 0.189883 1 
3342 0.173142 1 
3343 0.156445 1 
3219 2.197584 0 
3220 2.181727 0 
3221 2.165056 0 
3222 2.148620 0 
3224 2.119917 0 
3225 2.103751 0 
3226 2.087668 0 
3227 2.071718 0 
3229 2.038892 0 
3231 2.025639 0 
3232 2.034463 0 
3233 2.024652 0 
3234 2.008396 0 
3237 1.959831 0 
3238 1.963671 0 
3239 1.947169 0 
3240 1.931197 0 
3241 1.914836 0 
3242 1.898915 0 
3243 1.882724 0 
3244 1.870075 0 
3245 1.853896 0 
3246 1.836912 0 
3247 1.821073 0 
3248 1.804678 0 
3250 1.772229 0 
3344 0.225965 1 
3345 0.209766 1 
3346 0.190145 1 
3347 0.173919 1 
3348 0.157761 1 
3349 0.141668 1 
3350 0.154670 1 
3252 1.825175 0 
3253 1.809225 0 
3254 1.793105 0 
3255 1.776974 0 
3256 1.760744 0 
3257 1.743995 0 
3258 1.728412 0 
3260 1.694904 0 
3261 1.678715 0 
3262 1.661768 0 
3263 1.645421 0 
3352 0.190639 1 
3353 0.173167 1 
3354 0.156847 1 
3355 0.140231 1 
3356 0.123513 1 
3357 0.108457 1 
3264 1.653338 0 
3265 1.638159 0 
3266 1.621586 0 
3267 1.605264 0 
3268 1.589097 0 
3269 1.572737 0 
3270 1.556792 0 
3271 1.540773 0 
3272 1.523789 0 
3273 1.506967 0 
3274 1.530452 0 
3276 1.498319 0 
3277 1.482291 0 
3358 0.147906 1 
3360 0.115285 1 
3361 0.099013 1 
3362 0.083078 1 
3363 0.066421 1 
3365 0.033487 1 
3278 1.472670 0 
3279 1.456683 0 
3280 1.439941 0 
3281 1.424552 0 
3282 1.408460 0 
3283 1.420314 0 
3284 1.404009 0 
3285 1.388008 0 
3287 1.355704 0 
3289 1.323355 0 
3290 1.401520 0 
3291 1.385336 0 
3292 1.368864 0 
3293 1.352107 0 
3294 1.335585 0 
3295 1.319604 0 
3297 1.286975 0 
3298 1.268443 0 
3299 1.251914 0 
3300 1.234489 0 
3302 1.200237 0 
3304 1.169226 0 
3305 1.152931 0 
3306 1.157362 0 
3366 0.191788 1 
3367 0.190937 1 
3368 0.174801 1 
3370 0.141559 1 
3371 0.150399 1 
3372 0.134380 1 
3373 0.118402 1 
3374 0.101616 1 
3375 0.085180 1 
3377 0.052708 1 
3378 0.036269 1 
3308 1.197766 0 
3309 1.181924 0 
3310 1.165661 0 
3312 1.133248 0 
3313 1.116002 0 
3314 1.100224 0 
3315 1.083255 0 
3316 1.066984 0 
3317 1.051062 0 
3318 1.038817 0 
3319 1.021789 0 
3320 1.009484 0 
3321 0.994003 0 
3322 0.978121 0 
3323 0.962163 0 
3324 0.945949 0 
3325 0.967099 0 
3326 0.951633 0 
3327 0.935357 0 
3328 0.918818 0 
3329 0.902479 0 
3331 0.866967 0 
3332 0.850983 0 
3333 0.834626 0 
3334 0.818433 0 
3335 0.802311 0 
3379 0.095934 1 
3380 0.080023 1 
3336 0.821123 0 
3337 0.805079 0 
3339 0.773403 0 
3340 0.757331 0 
3341 0.742362 0 
3342 0.725598 0 
3343 0.708846 0 
3344 0.691647 0 
3345 0.675447 0 
3346 0.655862 0 
3347 0.639639 0 
3348 0.666753 0 
3349 0.653164 0 
3350 0.636307 0 
3352 0.603599 0 
3353 0.585871 0 
3354 0.569448 0 
3381 0.119962 1 
3382 0.130817 1 
3383 0.114221 1 
3355 0.591785 0 
3356 0.575051 0 
3357 0.559623 0 
3358 0.541154 0 
3360 0.508514 0 
3361 0.492226 0 
3362 0.476365 0 
3363 0.459764 0 
3365 0.426819 0 
3366 0.408166 0 
3367 0.390568 0 
3368 0.374391 0 
3370 0.341052 0 
3371 0.325002 0 
3372 0.309004 0 
3373 0.292974 0 
3374 0.276171 0 
3375 0.259755 0 
3377 0.241774 0 
3378 0.225297 0 
3379 0.208383 0 
3380 0.192413 0 
3381 0.174367 0 
3382 0.159537 0 
3383 0.142940 0 
3384 0.127985 0 
3384 0.137374 1 
3385 0.120838 1 
3387 0.086962 1 
3388 0.071367 1 
3389 0.055233 1 
3390 0.066372 0 
3391 0.050253 0 
3390 0.113122 1 
3391 0.107578 1 
3392 0.091521 1 
3393 0.075174 1 
3394 0.058321 1 
3395 0.042327 1 
3396 0.026958 0 
3397 0.029638 0 
3398 0.012502 0 
3396 0.065247 1 
3397 0.048291 1 
3398 0.031324 1 
3399 0.021765 0 
3400 0.026573 0 
3401 0.009696 0 
3402 0.089139 0 
3403 0.072873 0 
3404 0.071118 0 
3405 0.054862 0 
3406 0.038337 0 
3407 0.021889 0 
3408 0.036512 0 
3409 0.020694 0 
3410 0.024444 0 
3411 0.008116 0 
3399 0.240389 1 
3400 0.224343 1 
3401 0.207439 1 
3402 0.191630 1 
3403 0.175336 1 
3404 0.159569 1 
3405 0.142631 1 
3406 0.126072 1 
3407 0.109785 1 
3408 0.093314 1 
3409 0.077241 1 
3412 0.039799 0 
3414 0.025787 0 
3415 0.009667 0 
3410 0.104847 1 
3411 0.088512 1 
3412 0.072366 1 
3416 0.018236 0 
3417 0.017630 0 
3418 0.013663 0 
3414 0.087551 1 
3415 0.071975 1 
3419 0.017087 0 
3420 0.016593 0 
3421 0.021183 0 
3423 0.014664 0 
3416 0.143205 1 
3417 0.127050 1 
3418 0.110592 1 
3419 0.094234 1 
3420 0.096223 1 
3424 0.030745 0 
3425 0.045403 0 
3426 0.028888 0 
3421 0.124896 1 
3428 0.011499 0 
3423 0.094640 1 
3430 0.014158 0 
3431 0.007293 0 
3424 0.157347 1 
3425 0.141318 1 
3428 0.091451 1 
3430 0.058631 1 
3431 0.041902 1 
3432 0.041382 0 
3433 0.025190 0 
3436 0.012499 0 
3432 0.092314 1 
3433 0.080171 1 
3437 0.025148 0 
3436 0.054177 1 
3437 0.038249 1 
3438 0.043965 1 
3438 0.077216 0 
3439 0.061107 0 
3440 0.044958 0 
3441 0.028708 0 
3439 0.090392 1 
3440 0.074225 1 
3442 0.055563 0 
3443 0.045617 0 
3444 0.034925 0 
3445 0.018068 0 
3446 0.015754 0 
3447 0.014651 0 
3449 0.050966 0 
3451 0.018414 0 
3441 0.186510 1 
3442 0.170287 1 
3443 0.153758 1 
3444 0.137841 1 
3445 0.120976 1 
3446 0.103815 1 
3447 0.087466 1 
3452 0.026619 0 
3453 0.009796 0 
3454 0.028262 0 
3455 0.021091 0 
3456 0.016786 0 
3449 0.142423 1 
3451 0.109740 1 
3452 0.092602 1 
3453 0.075674 1 
3454 0.085161 1 
3455 0.068766 1 
3456 0.052588 1 
3457 0.036574 1 
3459 0.027777 0 
3460 0.010024 0 
3461 0.026152 0 
3459 0.067447 1 
3460 0.049765 1 
3461 0.033683 1 
3462 0.029126 0 
3462 0.058769 1 
3463 0.058592 1 
3464 0.053875 0 
3465 0.037419 0 
3464 0.076022 1 
3465 0.059683 1 
3466 0.043633 1 
3467 0.027237 1 
3466 0.050092 0 
3467 0.033751 0 
3468 0.016629 0 
3469 0.022913 0 
3470 0.019667 0 
3471 0.010434 0 
3472 0.081031 0 
3473 0.065050 0 
3475 0.032337 0 
3476 0.025103 0 
3477 0.022633 0 
3478 0.026848 0 
3479 0.010600 0 
3480 0.023909 0 
3468 0.222924 1 
3469 0.206883 1 
3470 0.190728 1 
3471 0.174338 1 
3472 0.157808 1 
3473 0.141743 1 
3475 0.173327 1 
3476 0.161071 1 
3477 0.143975 1 
3481 0.127507 0 
3482 0.117062 0 
3483 0.100867 0 
3478 0.208771 1 
3484 0.115260 0 
3486 0.081159 0 
3488 0.050835 0 
3489 0.034364 0 
3490 0.018241 0 
3491 0.013754 0 
3479 0.315226 1 
3480 0.298557 1 
3481 0.282878 1 
3482 0.267347 1 
3483 0.251158 1 
3484 0.235137 1 
3492 0.114518 0 
3493 0.098408 0 
3494 0.082018 0 
3496 0.049927 0 
3497 0.048808 0 
3498 0.032886 0 
3499 0.017102 0 
3486 0.231942 1 
3501 0.015482 0 
3490 0.218412 1 
3496 0.120419 1 
3497 0.116162 1 
3498 0.100183 1 
3499 0.084068 1 
3503 0.027222 0 
3504 0.011283 0 
3501 0.073047 1 
3503 0.040778 1 
3504 0.046355 1 
3505 0.089988 1 
3507 0.073571 0 
3508 0.057997 0 
3509 0.041714 0 
3511 0.033505 0 
3512 0.018924 0 
3513 0.024085 0 
3507 0.129183 1 
3508 0.113255 1 
3509 0.097023 1 
3511 0.073221 1 
3514 0.039710 0 
3515 0.023661 0 
3512 0.077803 1 
3513 0.059288 1 
3516 0.030432 0 
3514 0.064769 1 
3515 0.048858 1 
3517 0.045770 0 
3518 0.028675 0 
3519 0.012416 0 
3516 0.067662 1 
3517 0.110937 1 
3518 0.093821 1 
3519 0.077561 1 
3520 0.061355 1 
3521 0.045108 1 
3520 0.069512 0 
3521 0.053275 0 
3522 0.035464 0 
3523 0.019037 0 
3524 0.010963 0 
3525 0.016228 0 
3522 0.081726 1 
3523 0.065311 1 
3524 0.049190 1 
3526 0.020479 0 
3527 0.008218 0 
3525 0.067414 1 
3526 0.051646 1 
3527 0.033749 1 
3528 0.033028 0 
3530 0.010235 0 
3528 0.065091 1 
3531 0.042724 0 
3532 0.026263 0 
3533 0.009448 0 
3530 0.069978 1 
3532 0.037561 1 
3533 0.020847 1 
3534 0.008687 0 
3535 0.007606 0 
3534 0.025386 1 
3535 0.019719 1 
3536 0.007458 0 
3536 0.023004 1 
3538 0.005641 0 
3539 0.006257 0 
3538 0.025908 1 
3540 0.004622 0 
3539 0.034541 1 
3540 0.018132 1 
3541 0.010154 0 
3542 0.004040 0 
3541 0.030109 1 
3543 0.010407 0 
3542 0.029358 1 
3543 0.013394 1 
3544 0.005819 0 
3544 0.013508 1 
3545 0.006068 0 
3545 0.015066 1 
3546 0.004140 0 
3546 0.007451 1 
3547 0.004298 0 
3547 0.005671 1 
3548 0.006199 0 
3548 0.006546 1 
3549 0.007725 1 
3551 0.004998 0 
3551 0.007546 1 
