2024-09-03 16:32:37
../stream-replay/logs/rtt-6206@128.txt
1 0.061930 0 
2 0.257138 0 
4 0.223469 0 
5 0.254528 0 
6 0.238011 0 
7 0.229555 0 
8 0.259100 0 
9 0.241168 0 
10 0.224954 0 
11 0.208755 0 
12 0.231449 0 
13 0.215295 0 
14 0.212172 0 
15 0.196259 0 
16 0.179511 0 
17 0.316994 0 
18 0.300574 0 
19 0.281944 0 
20 0.265734 0 
21 0.247272 0 
22 0.244575 0 
23 0.236440 0 
24 0.220401 0 
25 0.200004 0 
26 0.246318 0 
27 0.230070 0 
28 0.213778 0 
29 0.197245 0 
31 0.161832 0 
32 0.145233 0 
33 0.126748 0 
34 0.148029 0 
35 0.131682 0 
36 0.112136 0 
37 0.092166 0 
38 0.072672 0 
40 0.058831 0 
41 0.036323 0 
42 0.019831 0 
43 0.035978 0 
47 0.006336 1 
48 0.005690 1 
49 0.008913 1 
45 0.087509 0 
47 0.054585 0 
50 0.007965 1 
48 0.086080 0 
49 0.062113 0 
50 0.045310 0 
53 0.006787 1 
53 0.016882 0 
54 0.005511 1 
55 0.005711 1 
56 0.012825 1 
57 0.004900 1 
54 0.060458 0 
55 0.046788 0 
56 0.033473 0 
57 0.017430 0 
58 0.012368 1 
58 0.018472 0 
59 0.006112 1 
60 0.007077 1 
59 0.024123 0 
60 0.008123 0 
61 0.006212 1 
62 0.007769 1 
63 0.005956 1 
64 0.013060 1 
61 0.074039 0 
62 0.056076 0 
66 0.012429 1 
63 0.067759 0 
64 0.051536 0 
68 0.011735 1 
69 0.009290 1 
66 0.074816 0 
68 0.040080 0 
70 0.007802 1 
71 0.005734 1 
69 0.054357 0 
72 0.004664 1 
73 0.005323 1 
70 0.068224 0 
71 0.044793 0 
72 0.028399 0 
73 0.014429 0 
74 0.012857 1 
74 0.027145 0 
76 0.012507 1 
77 0.008328 1 
76 0.043656 0 
78 0.006402 1 
79 0.005617 1 
78 0.031697 0 
79 0.015418 0 
80 0.004099 1 
81 0.004349 1 
80 0.030809 0 
82 0.009821 1 
81 0.038537 0 
82 0.022338 0 
83 0.005614 1 
84 0.006185 1 
85 0.005850 1 
83 0.056398 0 
84 0.040048 0 
86 0.010081 1 
85 0.032559 0 
86 0.015764 0 
87 0.006318 1 
88 0.006457 1 
89 0.033192 1 
90 0.009316 1 
92 0.006607 1 
88 0.089698 0 
89 0.073675 0 
90 0.049672 0 
93 0.008670 1 
94 0.005279 1 
92 0.054974 0 
95 0.008257 1 
93 0.044157 0 
96 0.005665 1 
97 0.007097 1 
98 0.006437 1 
94 0.086430 0 
95 0.070205 0 
96 0.053034 0 
99 0.006693 1 
97 0.052128 0 
98 0.032071 0 
99 0.015872 0 
100 0.007934 1 
101 0.007233 1 
100 0.037522 0 
101 0.021225 0 
103 0.005880 1 
103 0.030418 0 
105 0.006958 1 
106 0.005465 1 
107 0.004877 1 
108 0.009907 1 
109 0.005224 1 
105 0.080480 0 
106 0.064062 0 
107 0.047676 0 
108 0.031312 0 
110 0.006103 1 
111 0.009807 1 
113 0.005869 1 
114 0.010187 1 
115 0.007906 1 
116 0.007685 1 
109 0.142278 0 
110 0.126103 0 
111 0.110232 0 
113 0.091870 0 
114 0.075708 0 
118 0.008857 1 
115 0.080758 0 
116 0.064338 0 
118 0.025009 0 
120 0.006716 1 
121 0.008454 1 
122 0.009069 1 
124 0.008974 1 
120 0.084485 0 
125 0.008424 1 
126 0.006692 1 
121 0.117516 0 
122 0.095226 0 
124 0.062304 0 
125 0.045690 0 
128 0.008623 1 
126 0.052365 0 
128 0.020249 0 
129 0.006111 1 
130 0.006241 1 
131 0.005995 1 
129 0.055755 0 
132 0.004979 1 
130 0.042161 0 
133 0.005649 1 
131 0.049507 0 
132 0.030672 0 
134 0.005925 1 
135 0.007373 1 
136 0.008955 1 
137 0.011036 1 
138 0.008757 1 
133 0.093582 0 
134 0.077053 0 
135 0.061205 0 
136 0.045114 0 
137 0.029032 0 
139 0.005506 1 
140 0.009715 1 
138 0.051208 0 
139 0.032913 0 
140 0.016629 0 
141 0.005799 1 
142 0.009213 1 
141 0.030165 0 
142 0.013541 0 
143 0.005072 1 
143 0.012589 0 
144 0.010633 1 
145 0.006494 1 
147 0.005698 1 
148 0.006574 1 
149 0.005393 1 
150 0.008667 1 
151 0.013530 1 
152 0.011659 1 
145 0.151018 0 
147 0.117262 0 
153 0.010270 1 
148 0.101099 0 
149 0.084548 0 
150 0.068127 0 
151 0.050978 0 
155 0.004754 1 
152 0.060933 0 
153 0.044142 0 
155 0.011657 0 
156 0.007827 1 
157 0.008581 1 
158 0.005870 1 
159 0.007786 1 
156 0.060637 0 
157 0.044445 0 
158 0.028379 0 
160 0.006418 1 
161 0.005523 1 
159 0.055764 0 
160 0.039513 0 
161 0.023368 0 
162 0.005049 1 
163 0.004850 1 
162 0.044597 0 
163 0.024656 0 
164 0.009617 1 
164 0.020194 0 
165 0.006525 1 
166 0.009042 1 
168 0.005555 1 
165 0.072751 0 
166 0.056540 0 
168 0.017272 0 
169 0.006309 1 
170 0.012116 1 
171 0.007452 1 
169 0.054339 0 
172 0.005529 1 
170 0.051445 0 
171 0.034718 0 
173 0.008620 1 
174 0.008962 1 
172 0.054665 0 
173 0.046726 0 
174 0.030426 0 
176 0.005771 1 
177 0.006904 1 
178 0.007787 1 
179 0.008108 1 
176 0.069952 0 
177 0.049248 0 
181 0.006875 1 
182 0.009203 1 
178 0.084683 0 
179 0.068348 0 
183 0.006363 1 
184 0.008485 1 
186 0.007815 1 
181 0.094749 0 
182 0.078995 0 
183 0.062790 0 
184 0.046757 0 
187 0.008587 1 
188 0.009189 1 
189 0.005338 1 
186 0.060768 0 
187 0.044783 0 
188 0.028420 0 
190 0.008357 1 
191 0.006252 1 
193 0.006265 1 
194 0.008281 1 
189 0.096823 0 
190 0.088412 0 
191 0.071348 0 
193 0.039295 0 
194 0.021348 0 
195 0.011469 1 
196 0.008327 1 
197 0.005924 1 
198 0.004955 1 
199 0.006701 1 
195 0.072031 0 
196 0.055789 0 
197 0.039747 0 
198 0.023481 0 
200 0.009181 1 
201 0.004861 1 
201 0.038463 0 
203 0.007632 1 
204 0.016438 1 
205 0.011593 1 
206 0.017905 1 
203 0.075990 0 
204 0.056545 0 
205 0.040546 0 
206 0.024451 0 
207 0.007934 0 
207 0.008467 1 
208 0.007194 1 
208 0.015882 0 
209 0.005913 1 
209 0.017839 0 
210 0.008345 1 
211 0.009338 1 
212 0.008738 1 
213 0.007534 1 
214 0.007609 1 
210 0.083122 0 
211 0.067270 0 
212 0.050825 0 
213 0.034781 0 
215 0.005612 1 
216 0.005737 1 
217 0.005264 1 
218 0.005728 1 
219 0.006080 1 
214 0.101723 0 
215 0.085472 0 
220 0.007214 1 
216 0.083384 0 
221 0.009504 1 
222 0.005456 1 
217 0.089331 0 
218 0.073305 0 
219 0.056755 0 
220 0.040580 0 
221 0.024445 0 
223 0.005257 1 
222 0.035173 0 
223 0.018927 0 
224 0.005615 1 
225 0.006863 1 
224 0.038856 0 
225 0.020009 0 
226 0.007853 1 
227 0.005587 1 
228 0.005414 1 
226 0.052909 0 
227 0.037106 0 
228 0.021008 0 
230 0.006237 1 
231 0.006053 1 
232 0.012552 1 
233 0.010976 1 
234 0.008842 1 
230 0.083919 0 
231 0.067607 0 
232 0.051463 0 
235 0.006940 1 
233 0.055226 0 
234 0.038793 0 
235 0.022889 0 
236 0.007478 1 
237 0.007617 1 
236 0.032514 0 
237 0.016048 0 
239 0.008502 1 
240 0.009671 1 
241 0.005290 1 
239 0.048708 0 
240 0.036324 0 
241 0.018896 0 
244 0.005011 1 
242 0.076628 0 
244 0.040682 0 
246 0.010978 1 
247 0.032214 1 
248 0.040657 1 
249 0.052597 1 
246 0.106397 0 
247 0.089870 0 
252 0.008716 1 
248 0.098167 0 
249 0.081256 0 
252 0.025395 0 
253 0.009172 1 
254 0.035447 1 
255 0.019534 1 
256 0.008992 1 
257 0.006292 1 
258 0.006631 1 
259 0.006590 1 
260 0.008445 1 
261 0.014396 1 
262 0.011212 1 
253 0.163655 0 
254 0.147990 0 
255 0.132102 0 
256 0.116255 0 
257 0.100591 0 
258 0.084664 0 
263 0.008256 1 
259 0.088387 0 
260 0.072313 0 
261 0.055314 0 
262 0.039387 0 
265 0.007272 1 
267 0.007173 1 
268 0.011673 1 
269 0.009996 1 
270 0.008817 1 
265 0.093553 0 
267 0.061125 0 
268 0.044791 0 
269 0.026159 0 
270 0.009665 0 
271 0.014003 1 
272 0.008903 1 
273 0.007392 1 
275 0.005332 1 
276 0.018571 1 
277 0.009311 1 
271 0.112198 0 
272 0.095351 0 
273 0.076428 0 
278 0.009008 1 
279 0.008201 1 
275 0.079452 0 
276 0.063006 0 
277 0.047757 0 
278 0.031655 0 
280 0.010826 1 
281 0.008367 1 
280 0.030459 0 
282 0.007230 1 
283 0.009775 1 
281 0.055607 0 
282 0.039151 0 
284 0.008336 1 
284 0.023996 0 
285 0.007487 1 
286 0.006227 1 
287 0.006572 1 
288 0.006043 1 
289 0.005466 1 
291 0.011291 1 
285 0.115576 0 
286 0.099812 0 
287 0.083674 0 
288 0.067238 0 
289 0.050704 0 
292 0.016355 1 
291 0.043057 0 
292 0.026294 0 
293 0.014271 1 
294 0.012977 1 
295 0.005856 1 
296 0.004927 1 
297 0.007401 1 
298 0.006158 1 
299 0.005644 1 
300 0.005825 1 
302 0.007695 1 
293 0.170513 0 
294 0.154410 0 
295 0.138736 0 
296 0.122465 0 
297 0.106395 0 
298 0.087537 0 
299 0.071121 0 
304 0.007280 1 
305 0.008193 1 
306 0.007362 1 
307 0.014807 1 
300 0.142743 0 
302 0.106678 0 
304 0.074426 0 
305 0.055849 0 
306 0.039861 0 
307 0.023716 0 
308 0.013463 1 
309 0.014660 1 
310 0.007648 1 
312 0.012145 1 
313 0.008273 1 
314 0.008698 1 
315 0.009901 1 
308 0.147506 0 
309 0.130507 0 
310 0.108800 0 
312 0.076559 0 
313 0.059498 0 
314 0.043436 0 
315 0.043528 0 
317 0.009872 1 
319 0.017955 1 
320 0.023097 1 
321 0.012224 1 
317 0.082898 0 
319 0.049146 0 
320 0.033115 0 
321 0.033639 0 
323 0.013139 1 
324 0.018386 1 
325 0.012823 1 
323 0.064981 0 
327 0.008241 1 
325 0.049762 0 
328 0.006891 1 
329 0.008069 1 
330 0.010610 1 
331 0.007876 1 
332 0.011097 1 
333 0.010405 1 
334 0.009102 1 
335 0.010143 1 
336 0.011220 1 
329 0.128249 0 
330 0.112345 0 
331 0.095707 0 
337 0.009311 1 
338 0.008283 1 
339 0.005579 1 
340 0.015552 1 
332 0.149899 0 
333 0.133362 0 
334 0.117156 0 
335 0.101118 0 
336 0.085007 0 
337 0.069314 0 
341 0.006814 1 
338 0.067611 0 
339 0.051527 0 
340 0.035010 0 
341 0.018591 0 
342 0.007998 1 
343 0.015864 1 
344 0.009064 1 
346 0.008889 1 
347 0.017179 1 
342 0.106224 0 
343 0.089882 0 
344 0.073337 0 
346 0.040863 0 
348 0.011075 1 
349 0.005524 1 
350 0.013273 1 
351 0.019136 1 
352 0.011652 1 
354 0.013935 1 
355 0.015039 1 
356 0.014339 1 
347 0.179961 0 
348 0.154919 0 
349 0.138747 0 
350 0.123056 0 
351 0.106266 0 
352 0.087748 0 
354 0.056040 0 
357 0.013632 1 
358 0.015558 1 
355 0.066968 0 
359 0.006237 1 
360 0.007677 1 
361 0.006176 1 
362 0.007249 1 
363 0.006981 1 
364 0.005841 1 
365 0.006371 1 
367 0.007441 1 
368 0.009223 1 
357 0.203294 0 
358 0.186824 0 
359 0.170655 0 
360 0.154593 0 
361 0.138498 0 
362 0.121370 0 
363 0.105247 0 
364 0.089279 0 
365 0.072620 0 
367 0.040414 0 
368 0.023878 0 
369 0.012731 0 
370 0.015160 1 
371 0.012593 1 
372 0.009285 1 
373 0.017547 1 
375 0.009153 1 
370 0.103508 0 
371 0.087633 0 
372 0.070859 0 
373 0.054949 0 
375 0.022303 0 
376 0.022521 0 
377 0.019980 1 
378 0.021338 1 
380 0.015447 1 
378 0.060901 0 
380 0.028176 0 
381 0.014064 1 
382 0.014435 1 
383 0.025831 1 
381 0.066524 0 
382 0.050252 0 
383 0.034022 0 
385 0.013668 1 
386 0.017310 1 
387 0.012081 1 
385 0.061360 0 
386 0.044967 0 
387 0.028667 0 
388 0.015172 0 
389 0.012578 1 
390 0.012323 1 
389 0.035331 0 
390 0.018842 0 
392 0.007949 1 
393 0.016226 1 
394 0.008359 1 
395 0.009352 1 
396 0.008803 1 
397 0.010937 1 
392 0.111121 0 
393 0.094974 0 
394 0.078686 0 
395 0.062642 0 
396 0.046534 0 
397 0.030449 0 
398 0.013672 0 
398 0.014992 1 
399 0.007557 1 
400 0.011034 1 
400 0.035337 0 
402 0.012260 1 
403 0.011747 1 
402 0.042074 0 
403 0.025748 0 
404 0.012723 1 
405 0.007380 1 
404 0.044936 0 
405 0.028355 0 
406 0.011995 0 
406 0.020660 1 
407 0.012285 1 
408 0.014513 1 
409 0.009835 1 
410 0.012070 1 
411 0.008826 1 
407 0.083774 0 
408 0.064896 0 
409 0.048672 0 
410 0.032463 0 
412 0.013119 1 
411 0.033765 0 
412 0.017598 0 
413 0.014421 0 
413 0.017521 1 
414 0.007090 1 
415 0.020003 1 
416 0.008687 1 
417 0.007259 1 
414 0.072770 0 
415 0.057570 0 
418 0.010497 1 
419 0.016166 1 
420 0.009099 1 
417 0.067601 0 
418 0.051579 0 
419 0.035221 0 
421 0.006868 1 
422 0.006611 1 
423 0.012234 1 
420 0.067153 0 
421 0.051236 0 
422 0.033406 0 
424 0.009506 1 
425 0.011861 1 
426 0.006058 1 
423 0.063792 0 
424 0.047022 0 
425 0.030746 0 
427 0.005540 1 
429 0.009399 1 
430 0.011972 1 
431 0.030090 1 
432 0.028270 1 
433 0.017708 1 
426 0.132355 0 
427 0.116241 0 
429 0.086572 0 
434 0.008590 1 
430 0.082396 0 
431 0.066103 0 
432 0.049959 0 
433 0.033089 0 
435 0.022531 1 
435 0.028842 0 
436 0.012995 0 
436 0.020191 1 
438 0.021900 1 
439 0.012552 1 
440 0.006242 1 
438 0.042165 0 
439 0.025703 0 
440 0.009616 0 
441 0.042856 0 
443 0.009818 1 
445 0.011803 1 
446 0.027742 1 
443 0.096149 0 
445 0.059633 0 
447 0.026198 1 
448 0.015308 1 
451 0.014533 1 
447 0.085342 0 
448 0.070331 0 
452 0.015588 0 
452 0.016617 1 
453 0.028271 0 
453 0.058557 1 
454 0.042221 1 
455 0.025668 1 
454 0.050385 0 
455 0.033967 0 
456 0.025697 1 
456 0.029438 0 
457 0.013160 0 
457 0.014102 1 
458 0.009132 1 
458 0.032652 0 
459 0.016335 0 
459 0.016824 1 
460 0.018975 1 
461 0.017078 1 
462 0.013976 1 
464 0.014963 1 
466 0.022362 1 
467 0.015300 1 
468 0.023757 1 
460 0.167868 0 
461 0.151616 0 
462 0.134599 0 
464 0.102266 0 
466 0.069003 0 
467 0.052442 0 
468 0.036420 0 
469 0.020309 0 
469 0.020549 1 
470 0.027171 1 
471 0.011150 1 
471 0.031961 0 
472 0.015461 0 
472 0.020025 1 
474 0.033279 1 
475 0.034939 1 
474 0.067544 0 
475 0.051369 0 
476 0.034945 0 
477 0.018522 0 
476 0.039160 1 
477 0.022863 1 
478 0.012736 1 
479 0.014899 1 
480 0.022128 1 
481 0.017061 1 
482 0.008308 1 
478 0.075160 0 
479 0.059150 0 
480 0.042770 0 
482 0.018984 0 
483 0.015364 1 
483 0.025370 0 
484 0.014076 1 
485 0.015220 1 
484 0.044680 0 
485 0.028060 0 
486 0.018932 1 
487 0.013494 1 
486 0.034988 0 
488 0.009351 1 
488 0.072025 0 
490 0.039289 0 
491 0.021073 0 
491 0.030348 1 
492 0.020017 0 
493 0.025467 1 
494 0.015136 1 
493 0.044125 0 
494 0.027997 0 
495 0.013929 1 
496 0.011148 1 
497 0.012637 1 
498 0.014558 1 
496 0.052852 0 
497 0.036690 0 
498 0.021350 0 
499 0.008563 1 
499 0.011892 0 
501 0.010646 1 
503 0.011123 1 
504 0.010583 1 
503 0.031092 0 
505 0.010438 1 
506 0.016869 1 
507 0.011708 1 
508 0.015437 1 
509 0.014443 1 
511 0.026026 1 
512 0.014760 1 
513 0.011225 1 
514 0.008444 1 
516 0.018902 1 
518 0.018793 1 
519 0.015981 1 
520 0.008466 1 
522 0.023826 1 
523 0.022696 1 
524 0.025875 1 
526 0.011501 1 
527 0.015429 1 
528 0.007326 1 
529 0.018850 1 
530 0.011778 1 
531 0.029303 1 
532 0.024446 1 
533 0.015288 1 
534 0.024113 1 
535 0.014429 1 
536 0.006979 1 
537 0.012958 1 
538 0.012198 1 
539 0.012013 1 
540 0.018497 1 
541 0.027305 1 
542 0.029170 1 
543 0.014271 1 
545 0.012811 1 
546 0.009435 1 
547 0.017369 1 
548 0.009158 1 
549 0.008343 1 
550 0.011361 1 
551 0.018379 1 
553 0.014277 1 
554 0.013987 1 
555 0.017092 1 
556 0.015208 1 
557 0.008091 1 
558 0.014706 1 
559 0.020005 1 
560 0.022626 1 
561 0.010407 1 
562 0.011630 1 
563 0.013961 1 
564 0.012707 1 
566 0.013750 1 
567 0.011046 1 
568 0.011514 1 
569 0.024287 1 
570 0.024108 1 
571 0.015271 1 
572 0.017118 1 
574 0.009150 1 
575 0.027700 1 
576 0.035846 1 
577 0.034097 1 
579 0.016639 1 
580 0.013559 1 
581 0.010657 1 
582 0.014309 1 
584 0.025895 1 
585 0.025901 1 
586 0.014914 1 
587 0.010407 1 
588 0.013849 1 
589 0.017687 1 
591 0.016604 1 
592 0.038417 1 
593 0.022243 1 
594 0.017351 1 
595 0.017324 1 
596 0.014957 1 
597 0.013837 1 
598 0.017501 1 
599 0.014320 1 
601 0.024681 1 
602 0.022860 1 
603 0.017599 1 
604 0.010190 1 
605 0.012720 1 
606 0.015362 1 
607 0.013986 1 
608 0.009472 1 
609 0.017164 1 
610 0.021124 1 
611 0.026763 1 
612 0.016666 1 
613 0.030654 1 
614 0.019517 1 
615 0.014440 1 
616 0.009939 1 
617 0.015755 1 
618 0.013952 1 
619 0.011162 1 
620 0.032145 1 
621 0.016309 1 
622 0.009357 1 
623 0.014618 1 
624 0.009829 1 
625 0.011999 1 
626 0.006425 1 
628 0.017649 1 
629 0.039673 1 
630 0.028504 1 
631 0.024351 1 
632 0.011510 1 
633 0.010068 1 
634 0.015272 1 
635 0.014894 1 
637 0.022548 1 
638 0.025939 1 
639 0.016929 1 
640 0.009007 1 
642 0.005258 1 
644 0.024803 1 
645 0.036006 1 
646 0.028363 1 
647 0.018448 1 
650 0.019063 1 
651 0.023742 1 
652 0.047882 1 
653 0.037169 1 
654 0.015817 1 
655 0.010449 1 
656 0.016541 1 
657 0.016953 1 
658 0.027691 1 
659 0.016211 1 
660 0.016244 1 
661 0.009099 1 
663 0.019970 1 
665 0.017490 1 
666 0.017862 1 
667 0.010751 1 
668 0.014509 1 
669 0.015835 1 
670 0.007566 1 
671 0.006026 1 
673 0.055990 1 
674 0.039428 1 
675 0.022609 1 
676 0.014347 1 
677 0.014734 1 
678 0.013071 1 
679 0.023493 1 
680 0.016358 1 
681 0.009928 1 
682 0.023250 1 
683 0.010746 1 
684 0.016043 1 
685 0.009457 1 
686 0.012633 1 
687 0.008186 1 
689 0.039131 1 
690 0.040719 1 
691 0.030422 1 
692 0.013981 1 
693 0.019474 1 
694 0.011120 1 
695 0.006104 1 
696 0.014385 1 
697 0.031916 1 
698 0.022934 1 
700 0.011522 1 
702 0.021573 1 
703 0.020259 1 
704 0.016640 1 
705 0.014990 1 
706 0.017525 1 
707 0.011477 1 
708 0.015308 1 
710 0.016555 1 
711 0.014448 1 
712 0.013688 1 
713 0.016526 1 
715 0.019481 1 
717 0.015441 1 
718 0.008987 1 
719 0.017791 1 
721 0.023138 1 
722 0.009714 1 
723 0.021503 1 
725 0.009587 1 
726 0.009272 1 
727 0.021169 1 
728 0.024798 1 
729 0.018112 1 
730 0.006984 1 
731 0.012052 1 
732 0.010866 1 
733 0.018965 1 
734 0.013861 1 
735 0.008362 1 
736 0.015272 1 
737 0.025262 1 
738 0.009018 1 
739 0.009246 1 
740 0.011648 1 
741 0.013348 1 
742 0.011229 1 
744 0.022264 1 
745 0.036836 1 
746 0.020308 1 
747 0.020786 1 
748 0.016401 1 
749 0.011677 1 
750 0.011967 1 
752 0.017402 1 
753 0.022974 1 
754 0.013972 1 
755 0.016269 1 
756 0.014974 1 
757 0.021595 1 
758 0.011103 1 
759 0.011012 1 
760 0.019732 1 
761 0.048346 1 
762 0.032003 1 
763 0.018648 1 
765 0.016522 1 
766 0.016222 1 
767 0.016405 1 
768 0.022604 1 
769 0.022415 1 
770 0.010775 1 
771 0.009682 1 
773 0.019214 1 
774 0.010689 1 
775 0.018930 1 
776 0.030236 1 
778 0.009907 1 
779 0.011177 1 
780 0.008827 1 
781 0.020786 1 
783 0.021563 1 
784 0.023436 1 
785 0.024496 1 
786 0.008459 1 
787 0.010975 1 
788 0.012531 1 
790 0.014841 1 
791 0.026307 1 
792 0.015494 1 
793 0.009635 1 
794 0.015798 1 
795 0.009644 1 
796 0.019123 1 
797 0.016728 1 
798 0.015842 1 
800 0.016950 1 
801 0.023451 1 
802 0.016067 1 
803 0.018734 1 
804 0.016432 1 
805 0.014983 1 
806 0.013691 1 
807 0.013988 1 
808 0.031678 1 
809 0.021248 1 
810 0.015421 1 
811 0.010375 1 
812 0.008589 1 
813 0.012030 1 
814 0.008814 1 
815 0.019081 1 
816 0.045078 1 
817 0.034697 1 
818 0.054366 1 
819 0.038224 1 
820 0.020887 1 
821 0.016840 1 
822 0.015034 1 
823 0.019286 1 
824 0.010757 1 
825 0.009572 1 
827 0.024117 1 
828 0.019103 1 
829 0.024417 1 
830 0.019183 1 
831 0.025269 1 
832 0.018691 1 
833 0.008539 1 
834 0.013804 1 
836 0.033868 1 
837 0.017629 1 
838 0.026921 1 
839 0.010921 1 
841 0.015065 1 
843 0.015393 1 
844 0.053535 1 
845 0.068995 1 
846 0.053003 1 
849 0.040123 1 
850 0.026294 1 
851 0.056676 1 
852 0.040040 1 
853 0.024364 1 
854 0.023594 1 
855 0.011918 1 
856 0.012811 1 
857 0.023704 1 
858 0.007500 1 
859 0.014410 1 
860 0.009388 1 
862 0.041202 1 
864 0.020201 1 
865 0.012432 1 
866 0.005714 1 
867 0.011206 1 
868 0.011516 1 
869 0.025943 1 
870 0.011318 1 
872 0.015450 1 
873 0.013385 1 
874 0.013439 1 
875 0.015076 1 
876 0.013455 1 
877 0.014810 1 
878 0.014413 1 
879 0.016649 1 
880 0.010023 1 
881 0.035739 1 
882 0.017672 1 
883 0.020380 1 
884 0.018910 1 
885 0.008454 1 
886 0.021991 1 
888 0.027224 1 
889 0.026680 1 
890 0.022745 1 
891 0.011890 1 
892 0.016289 1 
893 0.019939 1 
894 0.019307 1 
895 0.012066 1 
896 0.009068 1 
897 0.014693 1 
899 0.037152 1 
901 0.025614 1 
902 0.022818 1 
903 0.019349 1 
904 0.029154 1 
905 0.022542 1 
906 0.022848 1 
907 0.015162 1 
909 0.024034 1 
910 0.014259 1 
911 0.023952 1 
912 0.010890 1 
914 0.022902 1 
916 0.015201 1 
917 0.010956 1 
918 0.013910 1 
920 0.018868 1 
921 0.013903 1 
922 0.014238 1 
924 0.012513 1 
925 0.016009 1 
926 0.014077 1 
927 0.021113 1 
928 0.010964 1 
929 0.021359 1 
930 0.019127 1 
931 0.018711 1 
932 0.014660 1 
933 0.016763 1 
934 0.013729 1 
935 0.014806 1 
936 0.021038 1 
937 0.010998 1 
938 0.040203 1 
939 0.030955 1 
940 0.014874 1 
941 0.021682 1 
943 0.024844 1 
944 0.018205 1 
945 0.019313 1 
946 0.016154 1 
947 0.026847 1 
948 0.027447 1 
949 0.022560 1 
951 0.010553 1 
952 0.009383 1 
953 0.011748 1 
954 0.018953 1 
955 0.028786 1 
956 0.014158 1 
957 0.012607 1 
958 0.007352 1 
959 0.015641 1 
960 0.019511 1 
961 0.019903 1 
962 0.023695 1 
964 0.012813 1 
965 0.016442 1 
966 0.024089 1 
967 0.030550 1 
968 0.014416 1 
969 0.007464 1 
970 0.011316 1 
972 0.010741 1 
973 0.013786 1 
974 0.016126 1 
975 0.017759 1 
977 0.016940 1 
978 0.011519 1 
979 0.032395 1 
980 0.018227 1 
982 0.011582 1 
983 0.017134 1 
984 0.012459 1 
985 0.027834 1 
986 0.024906 1 
987 0.021863 1 
989 0.017853 1 
990 0.019360 1 
991 0.019918 1 
992 0.015606 1 
993 0.007948 1 
994 0.017997 1 
995 0.013426 1 
996 0.013769 1 
997 0.035174 1 
999 0.013853 1 
1000 0.013942 1 
1001 0.013226 1 
1002 0.013983 1 
1003 0.025315 1 
1004 0.009306 1 
1005 0.026316 1 
1006 0.021235 1 
1007 0.024596 1 
1008 0.013808 1 
1009 0.018643 1 
1010 0.012397 1 
1011 0.011706 1 
1012 0.014038 1 
1013 0.026516 1 
1014 0.052577 1 
1015 0.041200 1 
1016 0.026502 1 
1017 0.010261 1 
1018 0.011567 1 
1019 0.035648 1 
1020 0.021868 1 
1021 0.021346 1 
1022 0.009321 1 
1023 0.019358 1 
1024 0.013103 1 
1026 0.025150 1 
1027 0.027606 1 
1028 0.013616 1 
1029 0.011909 1 
1030 0.011648 1 
1031 0.024775 1 
1032 0.008615 1 
1033 0.019304 1 
1035 0.018946 1 
1036 0.013751 1 
1037 0.011613 1 
1038 0.011352 1 
1040 0.007324 1 
1042 0.020849 1 
1043 0.016035 1 
1044 0.033079 1 
1045 0.022107 1 
1048 0.016458 1 
1049 0.010034 1 
1050 0.037668 1 
1051 0.014429 1 
1052 0.009636 1 
1053 0.016074 1 
1054 0.008166 1 
1055 0.019608 1 
1056 0.028414 1 
1057 0.038770 1 
1058 0.023103 1 
1059 0.009615 1 
1061 0.009092 1 
1063 0.016386 1 
1064 0.012535 1 
1065 0.006087 1 
1066 0.008504 1 
1067 0.009988 1 
1068 0.022571 1 
1069 0.010771 1 
1071 0.034354 1 
1072 0.018149 1 
1073 0.014520 1 
1074 0.013425 1 
1075 0.020569 1 
1076 0.013703 1 
1077 0.030204 1 
1078 0.022460 1 
1079 0.025772 1 
1080 0.033489 1 
1081 0.016973 1 
1082 0.033909 1 
1083 0.021656 1 
1084 0.007281 1 
1085 0.020868 1 
1087 0.032036 1 
1088 0.022068 1 
1089 0.017852 1 
1090 0.012166 1 
1091 0.015229 1 
1092 0.026778 1 
1093 0.010431 1 
1094 0.009931 1 
1095 0.023151 1 
1096 0.014186 1 
1098 0.018459 1 
1100 0.011137 1 
1101 0.006899 1 
1102 0.010387 1 
1103 0.010942 1 
1104 0.015152 1 
1105 0.016971 1 
1106 0.009817 1 
1108 0.018273 1 
1109 0.015950 1 
1110 0.012148 1 
1111 0.009614 1 
1113 0.015286 1 
1115 0.011863 1 
1116 0.012989 1 
1117 0.018343 1 
1119 0.018172 1 
1120 0.015915 1 
1121 0.012818 1 
1123 0.019687 1 
1124 0.016410 1 
1125 0.013727 1 
1126 0.010043 1 
1127 0.010778 1 
1128 0.017544 1 
1129 0.024972 1 
1130 0.017038 1 
1131 0.021995 1 
1132 0.015295 1 
1133 0.029353 1 
1134 0.016896 1 
1135 0.008344 1 
1136 0.024400 1 
1137 0.014989 1 
1138 0.025585 1 
1139 0.026300 1 
1140 0.014352 1 
1142 0.015223 1 
1143 0.010832 1 
1144 0.010282 1 
1145 0.008628 1 
1146 0.023194 1 
1147 0.023394 1 
1148 0.017544 1 
1150 0.008133 1 
1151 0.016496 1 
1152 0.012425 1 
1153 0.016286 1 
1154 0.014318 1 
1155 0.010999 1 
1156 0.014371 1 
1157 0.026916 1 
1158 0.016569 1 
1159 0.015662 1 
1160 0.011156 1 
1161 0.012096 1 
1163 0.015612 1 
1164 0.012370 1 
1165 0.014754 1 
1166 0.046891 1 
1167 0.030451 1 
1168 0.028491 1 
1169 0.015419 1 
1171 0.014375 1 
1172 0.022153 1 
1173 0.014503 1 
1174 0.028330 1 
1176 0.013061 1 
1177 0.013552 1 
1178 0.010932 1 
1179 0.012681 1 
1181 0.020797 1 
1182 0.023655 1 
1183 0.018590 1 
1184 0.014824 1 
1185 0.008587 1 
1186 0.014745 1 
1188 0.023224 1 
1189 0.022940 1 
1190 0.021061 1 
1191 0.014488 1 
1192 0.020621 1 
1193 0.017466 1 
1194 0.012522 1 
1195 0.012623 1 
1196 0.031224 1 
1198 0.027189 1 
1199 0.012568 1 
1200 0.011125 1 
1201 0.010100 1 
1202 0.015799 1 
1203 0.023724 1 
1204 0.045047 1 
1205 0.028612 1 
1206 0.018247 1 
1207 0.009617 1 
1208 0.019571 1 
1209 0.015646 1 
1210 0.017540 1 
1211 0.013543 1 
1212 0.019422 1 
1213 0.018709 1 
1214 0.012649 1 
1215 0.012994 1 
1216 0.018497 1 
1217 0.011033 1 
1218 0.011589 1 
1219 0.010073 1 
1220 0.011822 1 
1221 0.013916 1 
1222 0.007600 1 
1223 0.015224 1 
1225 0.014002 1 
1226 0.013611 1 
1227 0.020820 1 
1228 0.019274 1 
1229 0.012965 1 
1230 0.014555 1 
1231 0.013896 1 
1232 0.019608 1 
1234 0.027648 1 
1235 0.032847 1 
1236 0.038121 1 
1237 0.021973 1 
1239 0.017260 1 
1241 0.016866 1 
1242 0.026141 1 
1243 0.044491 1 
1244 0.028438 1 
1247 0.053133 1 
1248 0.037018 1 
1249 0.053329 1 
1250 0.039914 1 
1251 0.023705 1 
1252 0.036463 1 
1253 0.020150 1 
1254 0.009694 1 
1255 0.020707 1 
1256 0.015655 1 
1257 0.013105 1 
1258 0.009243 1 
1260 0.015043 1 
1262 0.013816 1 
1263 0.008370 1 
1264 0.008720 1 
1265 0.011289 1 
1266 0.014220 1 
1267 0.007951 1 
1268 0.011145 1 
1270 0.020400 1 
1271 0.020309 1 
1272 0.024131 1 
1273 0.034731 1 
1274 0.022493 1 
1275 0.013865 1 
1276 0.015304 1 
1277 0.010657 1 
1278 0.006649 1 
1279 0.023256 1 
1280 0.034784 1 
1281 0.026072 1 
1282 0.015032 1 
1283 0.013153 1 
1284 0.014697 1 
1286 0.018711 1 
1287 0.029275 1 
1288 0.028181 1 
1289 0.032315 1 
1290 0.025998 1 
1291 0.024387 1 
1292 0.009537 1 
1293 0.013515 1 
1294 0.009577 1 
1295 0.009553 1 
1297 0.023031 1 
1299 0.016316 1 
1300 0.010406 1 
1301 0.019526 1 
1302 0.021389 1 
1303 0.013118 1 
1304 0.011782 1 
1305 0.021343 1 
1307 0.032150 1 
1308 0.019297 1 
1309 0.015212 1 
1310 0.014877 1 
1312 0.026011 1 
1314 0.043302 1 
1315 0.025615 1 
1316 0.013257 1 
1318 0.021600 1 
1319 0.014160 1 
1320 0.009159 1 
1322 0.010595 1 
1323 0.018702 1 
1324 0.012966 1 
1325 0.015215 1 
1326 0.016866 1 
1327 0.024318 1 
1328 0.020211 1 
1329 0.012285 1 
1330 0.017442 1 
1331 0.011997 1 
1332 0.021487 1 
1333 0.014076 1 
1334 0.018347 1 
1335 0.012432 1 
1336 0.018754 1 
1337 0.015819 1 
1338 0.019399 1 
1339 0.016016 1 
1341 0.014680 1 
1342 0.015855 1 
1343 0.012147 1 
1344 0.009518 1 
1345 0.019223 1 
1346 0.012028 1 
1347 0.012966 1 
1349 0.017313 1 
1350 0.023169 1 
1351 0.017102 1 
1352 0.027667 1 
1353 0.013253 1 
1354 0.012212 1 
1355 0.012774 1 
1356 0.014078 1 
1357 0.016123 1 
1358 0.025071 1 
1359 0.012244 1 
1360 0.012063 1 
1362 0.018029 1 
1363 0.017193 1 
1364 0.016930 1 
1365 0.021883 1 
1366 0.014137 1 
1367 0.011502 1 
1368 0.013548 1 
1370 0.013051 1 
1371 0.012119 1 
1372 0.018893 1 
1373 0.021183 1 
1375 0.027782 1 
1376 0.015558 1 
1377 0.015445 1 
1378 0.015444 1 
1380 0.014477 1 
1381 0.020344 1 
1382 0.013217 1 
1383 0.040046 1 
1384 0.039983 1 
1385 0.023477 1 
1387 0.023590 1 
1388 0.016485 1 
1389 0.012863 1 
1390 0.011114 1 
1391 0.015599 1 
1392 0.006636 1 
1393 0.033129 1 
1394 0.023087 1 
1395 0.012376 1 
1397 0.010834 1 
1398 0.010636 1 
1399 0.015161 1 
1400 0.027300 1 
1401 0.035727 1 
1402 0.031691 1 
1403 0.026781 1 
1404 0.009316 1 
1405 0.011682 1 
1406 0.017412 1 
1407 0.008622 1 
1408 0.008253 1 
1409 0.012258 1 
1410 0.014476 1 
1411 0.017373 1 
1412 0.020265 1 
1413 0.026894 1 
1414 0.013988 1 
1415 0.018781 1 
1416 0.010326 1 
1417 0.011243 1 
1418 0.012964 1 
1419 0.012582 1 
1420 0.021185 1 
1421 0.015870 1 
1422 0.013474 1 
1424 0.019677 1 
1425 0.015688 1 
1426 0.053243 1 
1427 0.052864 1 
1428 0.036502 1 
1429 0.018640 1 
1430 0.025643 1 
1431 0.014844 1 
1433 0.034545 1 
1434 0.024864 1 
1435 0.021714 1 
1436 0.017497 1 
1438 0.005717 1 
1440 0.014693 1 
1441 0.024132 1 
1442 0.031313 1 
1443 0.032689 1 
1446 0.029478 1 
1447 0.015643 1 
1448 0.052512 1 
1449 0.036321 1 
1450 0.021014 1 
1451 0.014376 1 
1452 0.011773 1 
1453 0.009596 1 
1454 0.025074 1 
1455 0.012087 1 
1456 0.010406 1 
1457 0.009598 1 
1459 0.021077 1 
1461 0.014863 1 
1462 0.015980 1 
1463 0.024840 1 
1464 0.014456 1 
1465 0.018838 1 
1466 0.014608 1 
1467 0.016713 1 
1469 0.021469 1 
1470 0.025719 1 
1471 0.013659 1 
1472 0.013917 1 
1473 0.014166 1 
1474 0.009968 1 
1475 0.011461 1 
1476 0.014761 1 
1477 0.010659 1 
1478 0.015269 1 
1479 0.028163 1 
1480 0.021631 1 
1481 0.015635 1 
1482 0.021353 1 
1483 0.012581 1 
1485 0.027403 1 
1486 0.023552 1 
1487 0.026258 1 
1488 0.019630 1 
1489 0.009084 1 
1490 0.010925 1 
1491 0.018150 1 
1492 0.020913 1 
1493 0.012400 1 
1494 0.014068 1 
1496 0.026698 1 
1498 0.015992 1 
1499 0.024333 1 
1500 0.014040 1 
1501 0.010476 1 
1502 0.008927 1 
1503 0.017205 1 
1504 0.029495 1 
1506 0.016700 1 
1507 0.013375 1 
1508 0.012019 1 
1509 0.012437 1 
1511 0.017348 1 
1513 0.014638 1 
1514 0.013465 1 
1515 0.022315 1 
1517 0.018436 1 
1518 0.017940 1 
1519 0.016677 1 
1521 0.018223 1 
1522 0.018053 1 
1523 0.013762 1 
1524 0.009135 1 
1525 0.010311 1 
1526 0.020653 1 
1527 0.024166 1 
1528 0.022861 1 
1529 0.022308 1 
1530 0.016938 1 
1531 0.009451 1 
1532 0.012040 1 
1533 0.024664 1 
1534 0.014282 1 
1535 0.036968 1 
1536 0.020629 1 
1537 0.025163 1 
1538 0.014086 1 
1540 0.021845 1 
1541 0.011130 1 
1542 0.009085 1 
1543 0.009449 1 
1544 0.031262 1 
1545 0.031734 1 
1546 0.026253 1 
1548 0.008847 1 
1549 0.015571 1 
1550 0.016419 1 
1551 0.024888 1 
1552 0.021168 1 
1553 0.016916 1 
1554 0.028120 1 
1555 0.018048 1 
1556 0.023529 1 
1557 0.016286 1 
1558 0.019818 1 
1559 0.013660 1 
1561 0.020317 1 
1562 0.026933 1 
1563 0.016487 1 
1564 0.031856 1 
1565 0.015573 1 
1566 0.011719 1 
1567 0.016038 1 
1569 0.018740 1 
1570 0.016902 1 
1571 0.026765 1 
1572 0.023180 1 
1574 0.010897 1 
1575 0.009887 1 
1576 0.009562 1 
1577 0.012627 1 
1579 0.013406 1 
1580 0.024327 1 
1581 0.013900 1 
1582 0.013363 1 
1583 0.021469 1 
1584 0.011013 1 
1586 0.011179 1 
1587 0.009072 1 
1588 0.027961 1 
1589 0.026320 1 
1590 0.015891 1 
1591 0.014992 1 
1592 0.012016 1 
1593 0.014237 1 
1594 0.009834 1 
1596 0.025880 1 
1597 0.029634 1 
1598 0.037888 1 
1599 0.033088 1 
1600 0.023401 1 
1601 0.013262 1 
1602 0.010168 1 
1603 0.016635 1 
1604 0.020695 1 
1605 0.013470 1 
1606 0.018158 1 
1607 0.009562 1 
1608 0.032803 1 
1609 0.019196 1 
1610 0.012552 1 
1611 0.010689 1 
1612 0.025033 1 
1613 0.016124 1 
1614 0.012808 1 
1615 0.011050 1 
1616 0.027627 1 
1617 0.016345 1 
1618 0.012616 1 
1619 0.010281 1 
1620 0.013428 1 
1621 0.016086 1 
1623 0.008242 1 
1624 0.016809 1 
1625 0.030727 1 
1626 0.025567 1 
1627 0.020244 1 
1628 0.014936 1 
1629 0.009741 1 
1630 0.024000 1 
1632 0.047053 1 
1633 0.047793 1 
1634 0.031955 1 
1635 0.015811 1 
1637 0.011093 1 
1639 0.012789 1 
1640 0.026478 1 
1641 0.046332 1 
1642 0.033866 1 
1645 0.011647 1 
1646 0.014319 1 
1647 0.041554 1 
1648 0.026850 1 
1649 0.013525 1 
1650 0.017694 1 
1651 0.015757 1 
1652 0.013311 1 
1653 0.014526 1 
1654 0.016694 1 
1655 0.024672 1 
1656 0.024426 1 
1658 0.014325 1 
1660 0.032274 1 
1661 0.016160 1 
1662 0.014894 1 
1663 0.012129 1 
1664 0.009345 1 
1665 0.017587 1 
1666 0.011733 1 
1668 0.011729 1 
1669 0.026727 1 
1670 0.021509 1 
1671 0.017636 1 
1672 0.029581 1 
1673 0.012846 1 
1674 0.008327 1 
1675 0.009077 1 
1676 0.026341 1 
1677 0.049338 1 
1678 0.046016 1 
1679 0.030061 1 
1680 0.019277 1 
1681 0.011676 1 
1682 0.020487 1 
1684 0.030275 1 
1685 0.037188 1 
1686 0.034616 1 
1687 0.018440 1 
1688 0.018685 1 
1689 0.017724 1 
1690 0.027971 1 
1691 0.018647 1 
1692 0.010885 1 
1693 0.014300 1 
1695 0.021344 1 
1697 0.017969 1 
1698 0.014180 1 
1699 0.011873 1 
1700 0.006452 1 
1701 0.016010 1 
1702 0.015867 1 
1703 0.022686 1 
1705 0.019782 1 
1706 0.007380 1 
1707 0.015577 1 
1708 0.017498 1 
1710 0.012588 1 
1712 0.014011 1 
1713 0.011418 1 
1714 0.028746 1 
1716 0.032998 1 
1717 0.015857 1 
1718 0.009560 1 
1720 0.010956 1 
1721 0.026673 1 
1722 0.019191 1 
1723 0.012269 1 
1724 0.008763 1 
1725 0.026943 1 
1726 0.029179 1 
1727 0.013845 1 
1728 0.011187 1 
1729 0.022013 1 
1730 0.024143 1 
1731 0.016145 1 
1732 0.021257 1 
1733 0.006927 1 
1734 0.009444 1 
1735 0.016100 1 
1736 0.009199 1 
1737 0.009734 1 
1739 0.016923 1 
1740 0.015106 1 
1741 0.056679 1 
1742 0.040775 1 
1743 0.031578 1 
1744 0.018548 1 
1745 0.011125 1 
1747 0.019709 1 
1748 0.016607 1 
1749 0.012737 1 
1750 0.017272 1 
1751 0.007093 1 
1752 0.009990 1 
1753 0.015535 1 
1754 0.020861 1 
1755 0.012287 1 
1756 0.014895 1 
1757 0.017932 1 
1758 0.011030 1 
1760 0.025792 1 
1761 0.024119 1 
1762 0.032752 1 
1763 0.016615 1 
1764 0.009207 1 
1765 0.016206 1 
1766 0.011895 1 
1768 0.010787 1 
1769 0.016213 1 
1770 0.015214 1 
1771 0.012798 1 
1773 0.007959 1 
1774 0.016212 1 
1775 0.016860 1 
1776 0.013532 1 
1778 0.014180 1 
1779 0.012039 1 
1780 0.011784 1 
1781 0.021150 1 
1782 0.017817 1 
1783 0.015347 1 
1785 0.016927 1 
1786 0.020377 1 
1787 0.024718 1 
1788 0.011621 1 
1789 0.014618 1 
1790 0.038287 1 
1791 0.022365 1 
1792 0.018916 1 
1793 0.013386 1 
1795 0.012228 1 
1796 0.018079 1 
1797 0.009537 1 
1798 0.012730 1 
1799 0.019478 1 
1800 0.019395 1 
1801 0.011715 1 
1802 0.017050 1 
1803 0.012424 1 
1804 0.025977 1 
1805 0.026711 1 
1806 0.015366 1 
1807 0.014153 1 
1808 0.019269 1 
1809 0.015236 1 
1810 0.034424 1 
1811 0.033450 1 
1812 0.019136 1 
1813 0.011534 1 
1814 0.016644 1 
1815 0.011916 1 
1816 0.008693 1 
1817 0.014953 1 
1818 0.013269 1 
1819 0.017943 1 
1820 0.012905 1 
1822 0.015958 1 
1823 0.010571 1 
1824 0.016222 1 
1825 0.011785 1 
1826 0.011551 1 
1827 0.012747 1 
1828 0.019942 1 
1829 0.013399 1 
1831 0.034695 1 
1832 0.018628 1 
1833 0.017348 1 
1834 0.013364 1 
1836 0.020587 1 
1838 0.013168 1 
1839 0.023378 1 
1840 0.041947 1 
1841 0.023471 1 
1844 0.013229 1 
1845 0.017069 1 
1846 0.052471 1 
1847 0.036055 1 
1848 0.019084 1 
1849 0.007811 1 
1850 0.012797 1 
1851 0.012545 1 
1852 0.016105 1 
1853 0.024878 1 
1854 0.015489 1 
1855 0.014686 1 
1857 0.009068 1 
1859 0.041786 1 
1860 0.025563 1 
1861 0.017886 1 
1862 0.012107 1 
1863 0.014966 1 
1864 0.009418 1 
1865 0.033056 1 
1867 0.016511 1 
1868 0.009888 1 
1869 0.008259 1 
1870 0.013401 1 
1871 0.011892 1 
1872 0.016896 1 
1873 0.009683 1 
1874 0.031039 1 
1875 0.023542 1 
1876 0.016734 1 
1877 0.011445 1 
1878 0.014476 1 
1879 0.011343 1 
1880 0.014470 1 
1881 0.013623 1 
1883 0.021508 1 
1884 0.051288 1 
1885 0.034801 1 
1886 0.029843 1 
1887 0.016601 1 
1888 0.008351 1 
1889 0.013738 1 
1890 0.018142 1 
1891 0.018026 1 
1892 0.016958 1 
1894 0.024935 1 
1896 0.012754 1 
1897 0.015467 1 
1898 0.019061 1 
1899 0.012810 1 
1900 0.016229 1 
1901 0.015208 1 
1902 0.022723 1 
1904 0.027755 1 
1905 0.011676 1 
1906 0.021734 1 
1907 0.011342 1 
1909 0.029592 1 
1911 0.018386 1 
1912 0.019685 1 
1913 0.007498 1 
1915 0.012284 1 
1916 0.026194 1 
1917 0.026092 1 
1919 0.011295 1 
1920 0.022087 1 
1921 0.007934 1 
1922 0.014485 1 
1923 0.009600 1 
1924 0.018275 1 
1925 0.021070 1 
1926 0.010709 1 
1927 0.016230 1 
1928 0.020794 1 
1929 0.025407 1 
1930 0.018153 1 
1931 0.015537 1 
1932 0.017081 1 
1933 0.032826 1 
1934 0.025554 1 
1935 0.015694 1 
1936 0.015818 1 
1938 0.011771 1 
1939 0.020399 1 
1940 0.008599 1 
1941 0.012228 1 
1942 0.017881 1 
1943 0.014587 1 
1944 0.012467 1 
1946 0.013165 1 
1947 0.012830 1 
1948 0.012390 1 
1949 0.012765 1 
1950 0.010086 1 
1951 0.020254 1 
1952 0.015129 1 
1953 0.015752 1 
1954 0.012153 1 
1955 0.017490 1 
1956 0.017614 1 
1957 0.012754 1 
1959 0.022421 1 
1960 0.026750 1 
1961 0.017270 1 
1962 0.027215 1 
1963 0.021205 1 
1964 0.011501 1 
1965 0.013768 1 
1967 0.014031 1 
1968 0.038348 1 
1969 0.032346 1 
1970 0.027876 1 
1972 0.011678 1 
1973 0.010069 1 
1974 0.011081 1 
1975 0.023385 1 
1977 0.012331 1 
1978 0.021169 1 
1979 0.012045 1 
1980 0.011469 1 
1981 0.012612 1 
1982 0.018430 1 
1984 0.014294 1 
1985 0.024658 1 
1986 0.059041 1 
1987 0.042949 1 
1988 0.026510 1 
1989 0.020606 1 
1990 0.024227 1 
1991 0.013050 1 
1992 0.011182 1 
1994 0.015666 1 
1995 0.018320 1 
1996 0.015132 1 
1997 0.007168 1 
1998 0.011146 1 
1999 0.020913 1 
2000 0.012478 1 
2001 0.012739 1 
2002 0.012921 1 
2003 0.008944 1 
2004 0.010426 1 
2005 0.015593 1 
2006 0.023350 1 
2007 0.019881 1 
2008 0.015181 1 
2009 0.010084 1 
2010 0.017285 1 
2011 0.028077 1 
2012 0.028912 1 
2013 0.012413 1 
2014 0.019295 1 
2015 0.012075 1 
2016 0.055118 1 
2017 0.038924 1 
2018 0.045125 1 
2019 0.029180 1 
2021 0.041378 1 
2022 0.021551 1 
2023 0.022563 1 
2024 0.012766 1 
2025 0.013397 1 
2026 0.012524 1 
2027 0.011175 1 
2028 0.032006 1 
2030 0.058886 1 
2031 0.042557 1 
2032 0.026248 1 
2033 0.014424 1 
2035 0.017731 1 
2037 0.010166 1 
2038 0.024677 1 
2039 0.039484 1 
2040 0.039857 1 
2043 0.015773 1 
2044 0.014027 1 
2045 0.047818 1 
2046 0.040993 1 
2047 0.024757 1 
2048 0.016848 1 
2049 0.008444 1 
2050 0.018887 1 
2051 0.008787 1 
2052 0.011795 1 
2053 0.015155 1 
2054 0.011805 1 
2056 0.010195 1 
2058 0.020833 1 
2059 0.015885 1 
2060 0.013166 1 
2061 0.014069 1 
2062 0.014168 1 
2063 0.010498 1 
2064 0.009335 1 
2066 0.027543 1 
2067 0.025727 1 
2068 0.025493 1 
2069 0.016412 1 
2070 0.018251 1 
2071 0.014225 1 
2072 0.013739 1 
2073 0.008878 1 
2074 0.016544 1 
2075 0.015560 1 
2076 0.022715 1 
2077 0.015553 1 
2078 0.009115 1 
2079 0.012880 1 
2080 0.013316 1 
2082 0.019746 1 
2083 0.021734 1 
2084 0.017921 1 
2085 0.012454 1 
2086 0.008267 1 
2087 0.012535 1 
2088 0.013754 1 
2089 0.013331 1 
2090 0.013459 1 
2091 0.012967 1 
2093 0.027238 1 
2095 0.033070 1 
2096 0.016927 1 
2097 0.020188 1 
2098 0.012022 1 
2099 0.009644 1 
2100 0.016852 1 
2101 0.007575 1 
2103 0.013159 1 
2104 0.013626 1 
2105 0.007886 1 
2106 0.011780 1 
2108 0.020380 1 
2110 0.022707 1 
2111 0.016196 1 
2112 0.014522 1 
2114 0.021516 1 
2115 0.021790 1 
2116 0.017246 1 
2118 0.012734 1 
2119 0.010397 1 
2120 0.012977 1 
2121 0.020011 1 
2122 0.016771 1 
2123 0.014090 1 
2124 0.025203 1 
2125 0.011489 1 
2126 0.024625 1 
2127 0.019762 1 
2128 0.020850 1 
2129 0.012905 1 
2130 0.009504 1 
2131 0.021142 1 
2132 0.046026 1 
2133 0.029598 1 
2134 0.017039 1 
2135 0.011985 1 
2137 0.013507 1 
2138 0.012276 1 
2139 0.020495 1 
2140 0.024078 1 
2141 0.026695 1 
2142 0.028140 1 
2143 0.017249 1 
2145 0.012478 1 
2146 0.014659 1 
2147 0.015707 1 
2148 0.009548 1 
2149 0.013840 1 
2150 0.013779 1 
2151 0.012964 1 
2152 0.013537 1 
2153 0.013528 1 
2154 0.012341 1 
2155 0.022089 1 
2156 0.010033 1 
2158 0.013206 1 
2159 0.018349 1 
2160 0.020025 1 
2161 0.021762 1 
2162 0.011665 1 
2163 0.013994 1 
2164 0.008926 1 
2166 0.012455 1 
2167 0.026532 1 
2168 0.042872 1 
2169 0.026345 1 
2171 0.011978 1 
2172 0.010149 1 
2173 0.007655 1 
2174 0.010716 1 
2176 0.024225 1 
2177 0.017365 1 
2178 0.010793 1 
2179 0.006407 1 
2180 0.011268 1 
2181 0.015820 1 
2183 0.046531 1 
2184 0.021436 1 
2185 0.026473 1 
2186 0.010186 1 
2187 0.008527 1 
2188 0.016505 1 
2189 0.011075 1 
2190 0.018017 1 
2191 0.018753 1 
2193 0.035166 1 
2194 0.036128 1 
2195 0.023944 1 
2196 0.020175 1 
2197 0.022151 1 
2198 0.013147 1 
2199 0.011757 1 
2200 0.013284 1 
2201 0.030648 1 
2202 0.013440 1 
2203 0.020750 1 
2204 0.015689 1 
2205 0.018965 1 
2206 0.028517 1 
2207 0.012765 1 
2208 0.022423 1 
2209 0.016454 1 
2210 0.009860 1 
2211 0.014805 1 
2212 0.055233 1 
2213 0.039161 1 
2214 0.045192 1 
2215 0.029028 1 
2216 0.022696 1 
2217 0.015266 1 
2218 0.020942 1 
2220 0.030337 1 
2221 0.031571 1 
2222 0.018701 1 
2223 0.030832 1 
2224 0.027026 1 
2225 0.017070 1 
2226 0.035304 1 
2227 0.019056 1 
2229 0.029166 1 
2230 0.025523 1 
2231 0.025448 1 
2232 0.010091 1 
2234 0.012765 1 
2236 0.026848 1 
2237 0.026364 1 
2238 0.096163 1 
2239 0.079630 1 
2242 0.031617 1 
2243 0.030920 1 
2244 0.048238 1 
2245 0.031916 1 
2246 0.015027 1 
2247 0.018484 1 
2248 0.015358 1 
2249 0.016520 1 
2250 0.015635 1 
2251 0.025836 1 
2252 0.016697 1 
2253 0.016716 1 
2255 0.017924 1 
2257 0.034307 1 
2258 0.017820 1 
2259 0.025479 1 
2260 0.028869 1 
2261 0.034657 1 
2262 0.018456 1 
2263 0.016024 1 
2265 0.032032 1 
2266 0.034075 1 
2267 0.028423 1 
2268 0.027462 1 
2269 0.028387 1 
2270 0.014678 1 
2271 0.029301 1 
2272 0.020551 1 
2273 0.023833 1 
2274 0.046178 1 
2275 0.029711 1 
2276 0.033776 1 
2277 0.021171 1 
2278 0.025276 1 
2279 0.019026 1 
2281 0.023323 1 
2282 0.016624 1 
2283 0.020014 1 
2284 0.028594 1 
2285 0.019493 1 
2286 0.013858 1 
2287 0.019910 1 
2288 0.015824 1 
2289 0.023033 1 
2290 0.022182 1 
2292 0.014236 1 
2294 0.016852 1 
2295 0.022074 1 
2296 0.014028 1 
2297 0.014590 1 
2298 0.013881 1 
2299 0.017584 1 
2300 0.023220 1 
2303 0.036891 1 
2304 0.020623 1 
2305 0.015110 1 
2307 0.022670 1 
2309 0.015324 1 
2310 0.015960 1 
2311 0.022425 1 
2313 0.025836 1 
2314 0.009538 1 
2315 0.024792 1 
2317 0.036147 1 
2318 0.074948 1 
2319 0.058517 1 
2320 0.043138 1 
2321 0.054542 1 
2322 0.037977 1 
2323 0.036109 1 
2324 0.033148 1 
2325 0.033180 1 
2326 0.043977 1 
2327 0.045365 1 
2328 0.029038 1 
2329 0.022489 1 
2330 0.016033 1 
2331 0.020519 1 
2332 0.032802 1 
2333 0.021722 1 
2334 0.040751 1 
2338 0.032478 1 
2339 0.020280 1 
2340 0.032431 1 
2341 0.030844 1 
2342 0.022549 1 
2344 0.021321 1 
2345 0.018742 1 
2346 0.009920 1 
2347 0.017632 1 
2348 0.019861 1 
2349 0.012181 1 
2350 0.016090 1 
2351 0.031615 1 
2352 0.023366 1 
2353 0.017897 1 
2354 0.027400 1 
2355 0.018310 1 
2357 0.011975 1 
2358 0.017346 1 
2359 0.049355 1 
2360 0.032610 1 
2361 0.045786 1 
2362 0.056533 1 
2363 0.039490 1 
2365 0.041637 1 
2366 0.038731 1 
2367 0.041519 1 
2368 0.074910 1 
2370 0.043420 1 
2371 0.027674 1 
2372 0.015228 1 
2373 0.007046 1 
2375 0.024341 1 
2376 0.063330 1 
2377 0.047433 1 
2378 0.053470 1 
2379 0.038848 1 
2380 0.046442 1 
2382 0.037512 1 
2383 0.053222 1 
2384 0.036845 1 
2385 0.020854 1 
2386 0.032454 1 
2387 0.028881 1 
2388 0.052211 1 
2389 0.034764 1 
2390 0.031746 1 
2392 0.048342 1 
2393 0.054502 1 
2394 0.037820 1 
2395 0.043415 1 
2396 0.027182 1 
2397 0.022471 1 
2398 0.047178 1 
2399 0.030930 1 
2400 0.020810 1 
2401 0.014611 1 
2402 0.020818 1 
2403 0.014285 1 
2404 0.040303 1 
2405 0.041411 1 
2406 0.024239 1 
2407 0.059330 1 
2408 0.043145 1 
2409 0.053483 1 
2410 0.034581 1 
2411 0.027009 1 
2412 0.045243 1 
2413 0.048963 1 
2414 0.032671 1 
2415 0.018086 1 
2416 0.023559 1 
2417 0.026965 1 
2419 0.051694 1 
2420 0.043715 1 
2421 0.069751 1 
2422 0.060534 1 
2423 0.044684 1 
2424 0.036488 1 
2425 0.042618 1 
2426 0.032747 1 
2428 0.088199 1 
2429 0.071900 1 
2430 0.061596 1 
2431 0.045510 1 
2433 0.025409 1 
2435 0.060802 1 
2436 0.083381 1 
2437 0.088846 1 
2438 0.093266 1 
2441 0.042338 1 
2442 0.025486 1 
2443 0.083797 1 
2444 0.067076 1 
2445 0.048748 1 
2446 0.032561 1 
2447 0.040059 1 
2448 0.067663 1 
2449 0.051606 1 
2450 0.038816 1 
2451 0.022683 1 
2452 0.041924 1 
2454 0.024495 1 
2456 0.040355 1 
2457 0.020779 1 
2458 0.015567 1 
2459 0.022676 1 
2460 0.016235 1 
2461 0.015148 1 
2462 0.020967 1 
2464 0.029768 1 
2465 0.013617 1 
2466 0.031656 1 
2467 0.029780 1 
2468 0.019703 1 
2469 0.016425 1 
2470 0.014354 1 
2471 0.032722 1 
2472 0.024828 1 
2473 0.032340 1 
2474 0.018576 1 
2475 0.020165 1 
2476 0.023002 1 
2477 0.015774 1 
2478 0.012239 1 
2477 0.054257 0 
2478 0.037917 0 
2480 0.018228 1 
2481 0.025140 1 
2482 0.018287 1 
2480 0.060219 0 
2481 0.037733 0 
2482 0.040193 0 
2483 0.026256 1 
2483 0.028272 0 
2484 0.011876 0 
2484 0.017302 1 
2485 0.009843 1 
2486 0.009220 1 
2485 0.042327 0 
2486 0.026161 0 
2487 0.014850 1 
2488 0.009945 1 
2487 0.038644 0 
2488 0.018838 0 
2489 0.012553 1 
2489 0.019077 0 
2491 0.015304 1 
2491 0.053581 0 
2493 0.023911 1 
2494 0.013189 1 
2495 0.009537 1 
2493 0.062800 0 
2494 0.046823 0 
2496 0.030258 1 
2497 0.015650 1 
2498 0.018517 1 
2496 0.068551 0 
2497 0.052109 0 
2498 0.036059 0 
2499 0.016640 0 
2499 0.023142 1 
2501 0.012469 1 
2502 0.019685 1 
2501 0.041655 0 
2503 0.019882 1 
2504 0.014675 1 
2506 0.021930 1 
2504 0.074632 0 
2508 0.023516 1 
2509 0.015836 1 
2510 0.014636 1 
2506 0.109863 0 
2508 0.077455 0 
2509 0.061413 0 
2510 0.045195 0 
2512 0.014141 1 
2512 0.041875 0 
2513 0.036383 1 
2514 0.023335 1 
2516 0.012150 1 
2517 0.010624 1 
2518 0.012715 1 
2519 0.015639 1 
2520 0.015328 1 
2521 0.027839 1 
2522 0.024242 1 
2523 0.023849 1 
2524 0.007475 1 
2525 0.026722 1 
2526 0.010059 1 
2527 0.026029 1 
2513 0.264931 0 
2514 0.248957 0 
2516 0.216990 0 
2517 0.201095 0 
2518 0.185212 0 
2519 0.169224 0 
2520 0.153004 0 
2521 0.137160 0 
2522 0.120761 0 
2523 0.104984 0 
2528 0.023149 1 
2529 0.024885 1 
2524 0.108770 0 
2525 0.092444 0 
2526 0.075961 0 
2527 0.060188 0 
2528 0.043948 0 
2530 0.027871 1 
2531 0.020566 1 
2532 0.019731 1 
2533 0.014525 1 
2530 0.076201 0 
2531 0.060135 0 
2532 0.086262 0 
2533 0.070169 0 
2535 0.032901 0 
2536 0.017001 0 
2535 0.042924 1 
2537 0.040435 1 
2538 0.024578 1 
2539 0.015882 1 
2540 0.021899 1 
2537 0.083550 0 
2539 0.051592 0 
2540 0.035607 0 
2541 0.027743 1 
2543 0.026203 1 
2544 0.029513 1 
2545 0.013034 1 
2546 0.029939 1 
2547 0.032760 1 
2548 0.016421 1 
2549 0.016964 1 
2550 0.029867 1 
2551 0.017804 1 
2552 0.033481 1 
2553 0.036774 1 
2554 0.020108 1 
2556 0.026242 1 
2557 0.026609 1 
2558 0.035941 1 
2559 0.033718 1 
2560 0.016938 1 
2561 0.013937 1 
2562 0.016902 1 
2564 0.015635 1 
2565 0.040317 1 
2566 0.026855 1 
2567 0.021831 1 
2569 0.012566 1 
2570 0.017387 1 
2571 0.066099 1 
2572 0.074610 1 
2574 0.062210 1 
2575 0.044662 1 
2576 0.076097 1 
2577 0.060057 1 
2578 0.043708 1 
2579 0.047758 1 
2581 0.034638 1 
2582 0.034845 1 
2583 0.033193 1 
2584 0.026891 1 
2585 0.017190 1 
2586 0.025516 1 
2587 0.022181 1 
2588 0.025539 1 
2589 0.012331 1 
2591 0.022864 1 
2592 0.038563 1 
2593 0.030290 1 
2594 0.027705 1 
2595 0.021037 1 
2596 0.014625 1 
2597 0.011947 1 
2598 0.032853 1 
2599 0.026442 1 
2600 0.053077 1 
2601 0.029697 1 
2602 0.023053 1 
2603 0.023285 1 
2604 0.012729 1 
2605 0.020016 1 
2606 0.027760 1 
2607 0.019146 1 
2608 0.037585 1 
2609 0.039277 1 
2610 0.041789 1 
2611 0.086541 1 
2612 0.109498 1 
2613 0.093027 1 
2614 0.073508 1 
2615 0.057233 1 
2616 0.098143 1 
2618 0.080138 1 
2619 0.078660 1 
2620 0.063018 1 
2621 0.046938 1 
2622 0.048110 1 
2623 0.031882 1 
2624 0.062250 1 
2625 0.043747 1 
2627 0.053019 1 
2628 0.042109 1 
2629 0.025581 1 
2630 0.023715 1 
2632 0.025158 1 
2634 0.011950 1 
2635 0.062584 1 
2636 0.047012 1 
2637 0.048976 1 
2640 0.022890 1 
2641 0.015689 1 
2642 0.064903 1 
2643 0.048745 1 
2644 0.025317 1 
2645 0.018954 1 
2646 0.012229 1 
2647 0.040487 1 
2648 0.026144 1 
2649 0.030135 1 
2650 0.022653 1 
2651 0.020525 1 
2653 0.022029 1 
2655 0.053176 1 
2656 0.037308 1 
2657 0.033361 1 
2658 0.019998 1 
2659 0.024872 1 
2660 0.013229 1 
2661 0.028931 1 
2663 0.042771 1 
2664 0.051371 1 
2665 0.034946 1 
2666 0.042223 1 
2667 0.044492 1 
2668 0.020345 1 
2669 0.015475 1 
2671 0.064628 1 
2672 0.063269 1 
2673 0.046769 1 
2674 0.024771 1 
2675 0.024436 1 
2676 0.022952 1 
2677 0.021221 1 
2679 0.044568 1 
2680 0.063525 1 
2681 0.060297 1 
2682 0.044174 1 
2683 0.039172 1 
2684 0.042032 1 
2685 0.024532 1 
2686 0.016959 1 
2687 0.015884 1 
2688 0.012779 1 
2690 0.039580 1 
2692 0.028232 1 
2693 0.014719 1 
2694 0.013654 1 
2695 0.023325 1 
2696 0.017734 1 
2697 0.021529 1 
2698 0.027933 1 
2700 0.037372 1 
2701 0.021076 1 
2702 0.018950 1 
2703 0.021454 1 
2705 0.018313 1 
2707 0.049933 1 
2708 0.033896 1 
2709 0.086734 1 
2711 0.054123 1 
2712 0.048383 1 
2713 0.038502 1 
2715 0.028625 1 
2716 0.027253 1 
2717 0.023365 1 
2718 0.029633 1 
2719 0.019554 1 
2720 0.012708 1 
2721 0.053004 1 
2722 0.036987 1 
2723 0.020343 1 
2724 0.034876 1 
2725 0.023264 1 
2726 0.016791 1 
2727 0.098922 1 
2728 0.079348 1 
2729 0.063036 1 
2730 0.075228 1 
2731 0.058657 1 
2732 0.058079 1 
2734 0.054646 1 
2735 0.053093 1 
2736 0.144915 1 
2737 0.224019 1 
2738 0.236523 1 
2739 0.255321 1 
2740 0.235895 1 
2742 0.200154 1 
2743 0.211357 1 
2744 0.213545 1 
2745 0.197359 1 
2746 0.181310 1 
2751 0.166970 1 
2752 0.150838 1 
2753 0.134027 1 
2755 0.101459 1 
2756 0.107526 1 
2757 0.089140 1 
2758 0.086281 1 
2759 0.070290 1 
2760 0.058086 1 
2761 0.041883 1 
2763 0.026705 1 
2764 0.039579 1 
2765 0.080024 1 
2766 0.064253 1 
2768 0.031607 1 
2769 0.047584 1 
2770 0.050179 1 
2771 0.030677 1 
2773 0.033578 1 
2774 0.025550 1 
2775 0.040952 1 
2776 0.078223 1 
2777 0.060524 1 
2778 0.059052 1 
2780 0.039384 1 
2781 0.032614 1 
2782 0.027487 1 
2783 0.019755 1 
2784 0.016570 1 
2785 0.024477 1 
2786 0.024367 1 
2787 0.109552 1 
2788 0.093341 1 
2790 0.071965 1 
2791 0.099742 1 
2792 0.083548 1 
2793 0.067275 1 
2794 0.050744 1 
2795 0.049922 1 
2796 0.053062 1 
2797 0.036185 1 
2798 0.067276 1 
2799 0.049377 1 
2800 0.095357 1 
2801 0.079421 1 
2802 0.063232 1 
2803 0.040567 1 
2804 0.023849 1 
2805 0.043996 1 
2806 0.043652 1 
2807 0.095207 1 
2808 0.079102 1 
2809 0.083675 1 
2810 0.068117 1 
2811 0.065029 1 
2812 0.047820 1 
2813 0.050697 1 
2814 0.034707 1 
2815 0.026200 1 
2817 0.035736 1 
2818 0.027009 1 
2819 0.020986 1 
2820 0.039379 1 
2821 0.052844 1 
2822 0.053899 1 
2823 0.053422 1 
2824 0.033005 1 
2826 0.035400 1 
2827 0.025915 1 
2828 0.013239 1 
2829 0.008748 1 
2831 0.006609 1 
2833 0.101072 1 
2834 0.084658 1 
2835 0.112676 1 
2836 0.092071 1 
2839 0.056167 1 
2840 0.065369 1 
2841 0.049056 1 
2842 0.050435 1 
2843 0.050532 1 
2844 0.036141 1 
2845 0.020107 1 
2846 0.019345 1 
2847 0.012832 1 
2848 0.033911 1 
2849 0.017734 1 
2850 0.032751 1 
2852 0.016170 1 
2854 0.061396 1 
2855 0.045089 1 
2857 0.109076 1 
2858 0.093819 1 
2859 0.077485 1 
2860 0.058378 1 
2862 0.048062 1 
2863 0.082912 1 
2864 0.066548 1 
2865 0.050285 1 
2866 0.067653 1 
2867 0.051553 1 
2868 0.035387 1 
2869 0.044811 1 
2870 0.028718 1 
2871 0.029909 1 
2872 0.027415 1 
2873 0.021171 1 
2874 0.079940 1 
2875 0.063780 1 
2876 0.047858 1 
2878 0.058126 1 
2879 0.064391 1 
2880 0.043984 1 
2881 0.045541 1 
2882 0.029619 1 
2883 0.019996 1 
2884 0.020690 1 
2885 0.024568 1 
2886 0.015940 1 
2887 0.016944 1 
2889 0.018664 1 
2891 0.038710 1 
2892 0.022441 1 
2893 0.027513 1 
2894 0.016030 1 
2895 0.016401 1 
2896 0.037745 1 
2897 0.024158 1 
2899 0.015329 1 
2900 0.019382 1 
2901 0.017830 1 
2902 0.031034 1 
2904 0.058500 1 
2906 0.050302 1 
2907 0.040973 1 
2908 0.017624 1 
2910 0.037353 1 
2911 0.022153 1 
2912 0.016041 1 
2914 0.021999 1 
2915 0.011452 1 
2916 0.038658 1 
2917 0.044388 1 
2918 0.039723 1 
2919 0.041640 1 
2920 0.086691 1 
2921 0.069747 1 
2922 0.067647 1 
2923 0.075228 1 
2924 0.058794 1 
2925 0.045702 1 
2926 0.052271 1 
2927 0.036171 1 
2928 0.031894 1 
2929 0.036814 1 
2930 0.199202 1 
2931 0.190606 1 
2933 0.215474 1 
2934 0.198916 1 
2935 0.202210 1 
2936 0.186562 1 
2937 0.170320 1 
2938 0.212305 1 
2939 0.232249 1 
2941 0.194574 1 
2942 0.177978 1 
2943 0.161619 1 
2945 0.129055 1 
2946 0.112907 1 
2947 0.094533 1 
2951 0.059109 1 
2952 0.041945 1 
2954 0.118731 1 
2955 0.101785 1 
2956 0.085696 1 
2960 0.035997 1 
2962 0.029082 1 
2963 0.027052 1 
2964 0.031520 1 
2965 0.072352 1 
2967 0.083115 1 
2968 0.067087 1 
2969 0.050729 1 
2970 0.050900 1 
2972 0.040370 1 
2973 0.040309 1 
2974 0.024182 1 
2975 0.015685 1 
2976 0.036977 1 
2977 0.020885 1 
2979 0.023458 1 
2980 0.033113 1 
2981 0.035244 1 
2982 0.036474 1 
2983 0.029515 1 
2984 0.026487 1 
2985 0.035124 1 
2986 0.034889 1 
2987 0.018641 1 
2989 0.041937 1 
2990 0.025562 1 
2991 0.037046 1 
2992 0.019578 1 
2993 0.017738 1 
2994 0.015313 1 
2995 0.011782 1 
2996 0.007030 1 
2997 0.036876 1 
2998 0.030889 1 
2999 0.017500 1 
3000 0.010590 1 
3001 0.028661 1 
3002 0.029200 1 
3003 0.039283 1 
3004 0.034304 1 
3005 0.024077 1 
3006 0.027176 1 
3007 0.013056 1 
3008 0.029479 1 
3009 0.013252 1 
3010 0.025552 1 
3011 0.031282 1 
3012 0.029401 1 
3013 0.026542 1 
3014 0.015522 1 
3016 0.015920 1 
3017 0.024729 1 
3018 0.032844 1 
3019 0.040067 1 
3020 0.037148 1 
3021 0.020588 1 
3022 0.030613 1 
3023 0.022617 1 
3025 0.026953 1 
3026 0.022345 1 
3027 0.017819 1 
3028 0.011915 1 
3030 0.005523 1 
3032 0.016566 1 
3033 0.024211 1 
3034 0.038952 1 
3035 0.032302 1 
3038 0.024194 1 
3039 0.008359 1 
3040 0.025522 1 
3041 0.040563 1 
3042 0.023990 1 
3043 0.018079 1 
3044 0.011874 1 
3045 0.026368 1 
3046 0.016571 1 
3047 0.021576 1 
3048 0.027753 1 
3049 0.017667 1 
3051 0.017585 1 
3053 0.421415 1 
3054 0.458846 1 
3055 0.442098 1 
3056 0.425837 1 
3057 0.409750 1 
3058 0.393970 1 
3059 0.378000 1 
3061 0.345038 1 
3062 0.337573 1 
3068 0.380287 1 
3069 0.397377 1 
3070 0.380797 1 
3071 0.369015 1 
3086 0.196825 1 
3092 0.150401 1 
3093 0.134272 1 
3094 0.117104 1 
3095 0.172191 1 
3096 0.156027 1 
3098 0.123502 1 
3099 0.107081 1 
3101 0.156625 1 
3103 0.125281 1 
3105 0.139174 1 
3106 0.122870 1 
3110 0.104995 1 
3111 0.088137 1 
3113 0.058977 1 
3114 0.073842 1 
3115 0.063308 1 
3116 0.123127 1 
3117 0.155092 1 
3118 0.150497 1 
3119 0.134223 1 
3120 0.136742 1 
3121 0.120798 1 
3122 0.139047 1 
3124 0.257486 1 
3125 0.244350 1 
3126 0.231178 1 
3127 0.271676 1 
3128 0.255552 1 
3129 0.239218 1 
3130 0.223149 1 
3135 0.160855 1 
3138 0.112051 1 
3140 0.127539 1 
3141 0.128369 1 
3142 0.112321 1 
3143 0.096057 1 
3144 0.079755 1 
3145 0.063757 1 
3146 0.057834 1 
3147 0.041770 1 
3148 0.031924 1 
3149 0.028679 1 
3150 0.035338 1 
3151 0.019057 1 
3153 0.052432 1 
3154 0.056253 1 
3155 0.040240 1 
3156 0.074865 1 
3157 0.058977 1 
3158 0.043010 1 
3159 0.040167 1 
3161 0.040489 1 
3162 0.037622 1 
3163 0.063463 1 
3164 0.064519 1 
3166 0.069170 1 
3167 0.052272 1 
3168 0.035847 1 
3169 0.025201 1 
3171 0.020272 1 
3172 0.030023 1 
3173 0.032206 1 
3174 0.027545 1 
3175 0.040539 1 
3176 0.024443 1 
3178 0.023853 1 
3179 0.051614 1 
3180 0.056936 1 
3181 0.040751 1 
3182 0.024424 1 
3183 0.034387 1 
3184 0.021168 1 
3185 0.021334 1 
3186 0.025204 1 
3188 0.034702 1 
3189 0.037887 1 
3190 0.033896 1 
3191 0.035545 1 
3192 0.019550 1 
3193 0.013008 1 
3194 0.043932 1 
3195 0.027657 1 
3196 0.024711 1 
3197 0.014517 1 
3198 0.026790 1 
3199 0.021402 1 
3200 0.040075 1 
3201 0.058208 1 
3202 0.042060 1 
3203 0.081069 1 
3204 0.083187 1 
3205 0.066711 1 
3206 0.049042 1 
3207 0.047757 1 
3208 0.057863 1 
3209 0.048109 1 
3210 0.031863 1 
3211 0.020316 1 
3212 0.013082 1 
3213 0.021253 1 
3215 0.022984 1 
3216 0.037526 1 
3217 0.041950 1 
3218 0.047065 1 
3219 0.030582 1 
3220 0.037115 1 
3221 0.020564 1 
3222 0.015359 1 
3224 0.036536 1 
3225 0.020391 1 
3226 0.026108 1 
3227 0.016332 1 
3229 0.019613 1 
3231 0.031087 1 
3232 0.048820 1 
3233 0.057978 1 
3234 0.042252 1 
3237 0.032293 1 
3238 0.031503 1 
3239 0.026827 1 
3240 0.058822 1 
3241 0.042330 1 
3242 0.035679 1 
3243 0.016977 1 
3244 0.048964 1 
3245 0.031464 1 
3246 0.038630 1 
3247 0.022650 1 
3248 0.035526 1 
3250 0.014862 1 
3252 0.018200 1 
3253 0.033856 1 
3254 0.044379 1 
3255 0.028109 1 
3256 0.031067 1 
3257 0.039774 1 
3258 0.024329 1 
3260 0.027897 1 
3261 0.047954 1 
3262 0.031546 1 
3263 0.039973 1 
3264 0.030782 1 
3265 0.036172 1 
3266 0.019420 1 
3267 0.032184 1 
3268 0.016479 1 
3269 0.040301 1 
3270 0.028587 1 
3271 0.016439 1 
3272 0.034035 1 
3273 0.030884 1 
3274 0.026344 1 
3276 0.036263 1 
3277 0.101981 1 
3278 0.085020 1 
3279 0.068593 1 
3280 0.075184 1 
3281 0.058924 1 
3282 0.042808 1 
3283 0.026906 1 
3284 0.048287 1 
3285 0.031597 1 
3287 0.064455 1 
3289 0.041247 1 
3290 0.025137 1 
3291 0.025029 1 
3292 0.022588 1 
3293 0.121237 1 
3294 0.105437 1 
3295 0.096327 1 
3297 0.064025 1 
3298 0.097990 1 
3299 0.116160 1 
3300 0.100247 1 
3302 0.111237 1 
3304 0.076085 1 
3305 0.059876 1 
3306 0.043743 1 
3308 0.110101 1 
3309 0.094731 1 
3310 0.104869 1 
3312 0.072034 1 
3313 0.056010 1 
3314 0.070871 1 
3315 0.086834 1 
3316 0.070810 1 
3317 0.053311 1 
3318 0.054822 1 
3319 0.038629 1 
3320 0.042889 1 
3321 0.026805 1 
3322 0.037539 1 
3323 0.021129 1 
3324 0.017837 1 
3325 0.037204 1 
3326 0.031160 1 
3327 0.042071 1 
3328 0.040391 1 
3329 0.024498 1 
3331 0.045008 1 
3332 0.047219 1 
3333 0.045011 1 
3334 0.033764 1 
3335 0.031249 1 
3336 0.028116 1 
3337 0.065927 1 
3339 0.035043 1 
3340 0.018490 1 
3341 0.041337 1 
3342 0.024728 1 
3343 0.022046 1 
3344 0.027059 1 
3345 0.043880 1 
3346 0.027628 1 
3347 0.024738 1 
3348 0.008864 1 
3349 0.013697 1 
3350 0.022163 1 
3352 0.026244 1 
3353 0.028919 1 
3354 0.058885 1 
3355 0.113747 1 
3356 0.097466 1 
3360 0.166977 1 
3362 0.186530 1 
3363 0.191044 1 
3365 0.186350 1 
3366 0.169895 1 
3367 0.195191 1 
3368 0.178720 1 
3374 0.263949 1 
3375 0.248076 1 
3377 0.317014 1 
3378 0.317744 1 
3379 0.300752 1 
3380 0.283948 1 
3381 0.288204 1 
3397 0.139131 1 
3398 0.123070 1 
3399 0.106683 1 
3400 0.090504 1 
3401 0.141251 1 
3402 0.124736 1 
3403 0.135527 1 
3404 0.147625 1 
3405 0.131456 1 
3406 0.114654 1 
3407 0.098639 1 
3408 0.107149 1 
3409 0.091853 1 
3410 0.075970 1 
3411 0.059918 1 
3412 0.052943 1 
3414 0.019886 1 
3415 0.057899 1 
3416 0.056999 1 
3417 0.053742 1 
3418 0.046955 1 
3419 0.030923 1 
3421 0.053379 1 
3423 0.070560 1 
3424 0.054438 1 
3425 0.038611 1 
3426 0.026202 1 
3428 0.039358 1 
3430 0.030018 1 
3431 0.046520 1 
3432 0.042935 1 
3433 0.036316 1 
3436 0.024955 1 
3437 0.034518 1 
3438 0.025416 1 
3442 0.123135 1 
3443 0.106956 1 
3444 0.162024 1 
3445 0.145846 1 
3446 0.129473 1 
3447 0.113332 1 
3449 0.080823 1 
3451 0.070777 1 
3452 0.054767 1 
3453 0.038148 1 
3454 0.083703 1 
3455 0.067685 1 
3456 0.077705 1 
3457 0.090237 1 
3459 0.057924 1 
3460 0.082530 1 
3461 0.074784 1 
3462 0.058488 1 
3463 0.078200 1 
3464 0.061941 1 
3465 0.080809 1 
3466 0.064846 1 
3467 0.049083 1 
3468 0.060501 1 
3469 0.043767 1 
3470 0.027643 1 
3471 0.044802 1 
3472 0.028628 1 
3473 0.020442 1 
3475 0.054584 1 
3476 0.071774 1 
3477 0.055818 1 
3478 0.039827 1 
3479 0.038618 1 
3480 0.035537 1 
3481 0.028752 1 
3482 0.019892 1 
3483 0.013199 1 
3484 0.021388 1 
3486 0.033872 1 
3488 0.012907 1 
3489 0.019660 1 
3490 0.018881 1 
3491 0.025030 1 
3492 0.120188 1 
3493 0.103728 1 
3494 0.087293 1 
3496 0.066498 1 
3497 0.050247 1 
3498 0.066749 1 
3499 0.050293 1 
3501 0.057207 1 
3503 0.063333 1 
3504 0.047458 1 
3505 0.123622 1 
3509 0.148633 1 
3511 0.132304 1 
3512 0.116090 1 
3513 0.153560 1 
3514 0.137559 1 
3515 0.121041 1 
3516 0.100709 1 
3517 0.112558 1 
3518 0.103914 1 
3519 0.087901 1 
3520 0.071409 1 
3521 0.083337 1 
3522 0.066789 1 
3523 0.050404 1 
3524 0.095797 1 
3525 0.079147 1 
3526 0.072805 1 
3527 0.056278 1 
3528 0.094362 1 
3530 0.061308 1 
3531 0.044859 1 
3532 0.047205 1 
3533 0.031077 1 
3534 0.048318 1 
3535 0.044490 1 
3536 0.037564 1 
3538 0.100320 1 
3539 0.084211 1 
3540 0.098579 1 
3541 0.082107 1 
3542 0.066088 1 
3543 0.049623 1 
3544 0.033293 1 
3545 0.062945 1 
3546 0.048179 1 
3547 0.050655 1 
3548 0.034072 1 
