2024-09-03 16:47:39
../stream-replay/logs/rtt-6206@128.txt
1 0.080349 0 
2 0.064605 0 
4 0.097430 0 
5 0.081004 0 
6 0.193365 0 
7 0.179005 0 
8 0.217691 0 
9 0.199039 0 
10 0.182740 0 
11 0.166760 0 
12 0.261991 0 
13 0.246140 0 
14 0.226954 0 
15 0.211073 0 
16 0.195485 0 
17 0.179447 0 
18 0.211931 0 
19 0.195678 0 
20 0.378921 0 
21 0.363166 0 
22 0.449049 0 
23 0.459251 0 
24 0.442673 0 
25 0.426696 0 
26 0.410821 0 
27 0.455916 0 
28 0.541066 0 
29 0.625217 0 
31 0.592682 0 
32 0.576534 0 
33 0.560140 0 
34 0.538323 0 
35 0.601475 0 
36 0.577630 0 
37 0.561227 0 
38 0.544799 0 
40 0.539798 0 
41 0.518234 0 
42 0.579237 0 
43 0.562981 0 
45 0.530823 0 
47 0.498079 0 
48 0.515779 0 
49 0.705003 0 
50 0.688711 0 
53 0.640298 0 
54 0.624151 0 
55 0.617717 0 
56 0.593792 0 
57 0.582408 0 
58 0.622377 0 
59 0.606175 0 
60 0.583278 0 
61 0.649116 0 
62 0.652861 0 
63 0.635516 0 
64 0.619320 0 
66 0.644605 0 
68 0.604462 0 
69 0.589032 0 
70 0.572970 0 
71 0.556658 0 
72 0.540604 0 
73 0.524039 0 
74 0.502275 0 
76 0.466353 0 
77 0.482032 0 
78 0.462211 0 
79 0.559270 0 
80 0.543280 0 
81 0.526767 0 
82 0.503965 0 
83 0.485907 0 
84 0.469771 0 
85 0.453350 0 
86 0.437143 0 
88 0.546737 0 
89 0.530589 0 
90 0.512579 0 
92 0.517098 0 
93 0.661096 0 
94 0.683220 0 
95 0.669700 0 
96 0.653789 0 
97 0.817569 0 
98 0.799774 0 
99 0.783515 0 
100 0.767583 0 
101 0.751410 0 
103 0.711871 0 
105 0.679837 0 
106 0.663800 0 
107 0.647327 0 
108 0.625228 0 
109 0.609073 0 
110 0.592704 0 
111 0.576517 0 
113 0.543115 0 
114 0.535046 0 
115 0.518909 0 
116 0.502145 0 
120 0.765117 0 
121 0.748660 0 
122 0.764251 0 
124 0.731572 0 
125 0.804017 0 
126 0.788003 0 
128 0.749017 0 
129 0.758272 0 
130 0.741941 0 
131 0.723064 0 
132 0.707038 0 
133 0.749441 0 
134 0.734002 0 
135 0.718096 0 
136 0.701936 0 
137 0.685776 0 
138 0.669317 0 
139 0.650658 0 
140 0.634574 0 
141 0.617543 0 
142 0.601484 0 
143 0.683487 0 
144 0.767637 0 
145 0.751947 0 
147 0.972308 0 
148 1.074865 0 
149 1.059634 0 
150 1.206503 0 
151 1.190350 0 
152 1.211809 0 
153 1.195571 0 
155 1.164061 0 
156 1.148034 0 
157 1.131451 0 
158 1.114783 0 
159 1.101097 0 
160 1.103297 0 
161 1.087316 0 
162 1.256737 0 
165 1.410511 0 
166 1.390760 0 
168 1.350614 0 
169 1.334346 0 
170 1.314259 0 
171 1.297422 0 
172 1.411187 0 
173 1.739065 0 
174 1.720976 0 
176 1.688363 0 
177 1.723422 0 
178 1.706851 0 
179 1.850073 0 
181 1.814736 0 
182 1.799012 0 
183 1.782512 0 
184 1.802999 0 
186 1.836045 0 
187 1.816099 0 
188 1.799439 0 
189 1.783587 0 
190 1.764177 0 
191 1.892190 0 
193 1.857034 0 
194 1.848955 0 
195 1.981343 0 
196 1.965332 0 
197 1.949277 0 
198 2.057326 0 
199 2.041211 0 
200 2.024818 0 
201 2.008485 0 
203 1.975019 0 
204 1.958524 0 
205 2.078788 0 
206 2.062833 0 
207 2.043748 0 
208 2.027969 0 
209 2.012300 0 
210 1.996381 0 
211 2.053693 0 
212 2.037738 0 
213 2.189140 0 
214 2.407077 0 
215 2.391996 0 
216 2.461313 0 
217 2.444897 0 
218 2.428502 0 
219 2.409803 0 
220 2.393687 0 
221 2.377512 0 
222 2.361506 0 
223 2.346070 0 
224 2.330060 0 
225 2.314092 0 
226 2.297524 0 
227 2.294118 0 
228 2.288361 0 
230 2.373410 0 
231 2.356589 0 
232 2.340905 0 
233 2.324734 0 
234 2.359294 0 
235 2.386834 0 
236 2.364716 0 
237 2.345033 0 
239 2.431235 0 
240 2.415788 0 
241 2.399721 0 
242 2.383669 0 
244 2.351349 0 
246 2.307508 0 
247 2.528439 0 
248 2.572002 0 
249 2.556279 0 
252 2.625215 0 
253 2.608920 0 
254 2.914620 0 
255 2.901175 0 
256 2.896693 0 
257 3.113439 0 
258 3.099436 0 
259 3.186595 0 
260 3.170378 0 
261 3.150600 0 
262 3.130428 0 
263 3.114499 0 
265 3.082111 0 
267 3.049201 0 
268 3.059423 0 
269 3.043466 0 
270 3.108464 0 
271 3.092620 0 
272 3.076743 0 
273 3.060875 0 
275 3.028868 0 
276 3.012454 0 
277 3.143341 0 
278 3.127257 0 
279 3.110916 0 
280 3.091426 0 
281 3.074900 0 
282 3.058643 0 
283 3.041857 0 
284 3.117780 0 
285 3.100984 0 
286 3.084026 0 
287 3.067161 0 
288 3.051153 0 
289 3.034892 0 
291 3.001368 0 
292 3.193832 0 
293 3.177401 0 
294 3.244341 0 
295 3.224411 0 
296 3.209166 0 
297 3.192612 0 
298 3.176100 0 
299 3.160075 0 
300 3.143739 0 
302 3.234763 0 
304 3.202183 0 
305 3.186534 0 
306 3.170372 0 
307 3.154323 0 
308 3.138432 0 
309 3.122255 0 
310 3.208379 0 
312 3.216001 0 
313 3.200381 0 
314 3.178544 0 
315 3.173957 0 
319 3.304848 0 
320 3.288855 0 
321 3.272568 0 
323 3.240029 0 
324 3.336929 0 
325 3.320451 0 
328 3.284488 0 
329 3.271524 0 
330 3.308664 0 
331 3.292835 0 
332 3.273004 0 
333 3.321787 0 
334 3.298076 0 
335 3.273966 0 
336 3.250373 0 
337 3.234452 0 
338 3.279254 0 
339 3.262904 0 
340 3.246650 0 
341 3.278316 0 
342 3.313209 0 
344 3.351850 0 
346 3.316284 0 
347 3.299884 0 
348 3.283490 0 
349 3.265859 0 
350 3.249693 0 
351 3.244108 0 
352 3.224795 0 
354 3.235359 0 
355 3.219093 0 
356 3.239136 0 
357 3.222809 0 
358 3.197805 0 
359 3.206914 0 
360 3.205551 0 
361 3.203300 0 
362 3.187498 0 
363 3.174012 0 
364 3.156178 0 
365 3.139202 0 
367 3.124871 0 
368 3.141362 0 
369 3.117871 0 
370 3.097478 0 
371 3.200999 0 
372 3.184608 0 
375 3.143099 0 
376 3.179517 0 
377 3.162987 0 
378 3.156343 0 
380 3.120648 0 
381 3.104207 0 
382 3.099908 0 
383 3.083622 0 
387 3.121253 0 
388 3.104957 0 
389 3.159589 0 
390 3.140402 0 
392 3.137593 0 
393 3.118620 0 
394 3.132079 0 
395 3.112824 0 
396 3.135123 0 
397 3.118665 0 
398 3.160488 0 
399 3.144367 0 
400 3.127837 0 
402 3.102737 0 
403 3.086201 0 
404 3.132138 0 
405 3.130753 0 
406 3.114551 0 
407 3.098342 0 
408 3.082025 0 
409 3.065052 0 
411 3.032054 0 
412 3.015900 0 
413 3.020057 0 
414 3.003374 0 
415 2.986338 0 
416 2.988267 0 
417 2.984203 0 
418 2.964816 0 
419 2.967559 0 
420 2.943974 0 
421 2.923925 0 
422 2.933288 0 
423 2.943909 0 
426 2.991151 0 
427 2.976472 0 
429 2.967870 0 
430 3.042856 0 
431 3.027917 0 
432 3.011467 0 
433 3.043527 0 
434 3.027804 0 
435 3.011241 0 
436 2.995277 0 
438 2.993826 0 
439 2.977450 0 
440 2.961404 0 
441 2.945361 0 
443 2.913086 0 
445 2.880721 0 
446 2.867431 0 
447 2.991038 0 
448 2.975334 0 
451 2.926239 0 
452 2.910163 0 
453 2.945110 0 
454 2.928908 0 
455 2.912437 0 
456 2.894862 0 
457 2.879927 0 
458 2.922891 0 
459 2.902003 0 
460 2.885974 0 
461 2.869976 0 
462 2.853784 0 
464 2.812050 0 
466 2.779764 0 
467 2.763552 0 
468 2.747858 0 
469 2.738633 0 
470 2.722510 0 
471 2.706209 0 
472 2.741514 0 
474 2.709368 0 
475 2.724293 0 
476 2.759131 0 
477 2.735539 0 
478 2.745298 0 
479 2.727337 0 
480 2.710319 0 
481 2.694149 0 
482 2.713328 0 
483 2.731102 0 
484 2.715198 0 
485 2.698879 0 
486 2.681967 0 
487 2.665107 0 
488 2.649260 0 
490 2.669881 0 
491 2.654637 0 
492 2.662682 0 
493 2.642782 0 
494 2.626695 0 
495 2.666826 0 
496 2.649952 0 
497 2.652585 0 
498 2.636222 0 
499 2.619953 0 
501 2.603174 0 
503 2.570311 0 
504 2.554412 0 
505 2.538021 0 
506 2.554231 0 
507 2.536797 0 
508 2.521312 0 
509 2.529950 0 
511 2.511520 0 
512 2.540143 0 
513 2.523676 0 
514 2.505149 0 
516 2.559954 0 
518 2.595218 0 
519 2.578843 0 
520 2.562816 0 
522 2.530177 0 
523 2.513608 0 
524 2.503730 0 
526 2.470478 0 
527 2.454083 0 
528 2.437118 0 
529 2.420527 0 
530 2.456116 0 
531 2.433425 0 
532 2.456851 0 
533 2.438662 0 
534 2.422549 0 
535 2.406634 0 
536 2.390153 0 
537 2.373899 0 
538 2.431960 0 
539 2.415881 0 
540 2.496948 0 
541 2.480791 0 
542 2.472328 0 
543 2.456041 0 
545 2.442702 0 
546 2.473771 0 
547 2.457258 0 
548 2.440827 0 
549 2.421773 0 
550 2.405222 0 
551 2.388658 0 
553 2.356346 0 
554 2.404773 0 
555 2.383135 0 
556 2.363118 0 
557 2.347029 0 
558 2.360691 0 
559 2.344456 0 
560 2.326339 0 
561 2.332254 0 
562 2.312035 0 
563 2.295633 0 
564 2.316558 0 
566 2.280855 0 
567 2.296749 0 
568 2.280207 0 
569 2.296024 0 
570 2.279770 0 
571 2.262561 0 
572 2.287134 0 
574 2.247764 0 
575 2.349950 0 
576 2.333192 0 
577 2.317246 0 
579 2.279353 0 
580 2.263104 0 
581 2.306727 0 
582 2.290805 0 
584 2.258449 0 
585 2.253865 0 
586 2.240362 0 
587 2.252681 0 
588 2.236417 0 
589 2.220599 0 
591 2.188282 0 
592 2.178337 0 
593 2.161291 0 
594 2.223922 0 
595 2.207304 0 
596 2.195254 0 
597 2.186074 0 
598 2.179702 0 
599 2.273261 0 
601 2.239515 0 
602 2.223170 0 
604 2.273761 0 
605 2.257107 0 
606 2.240043 0 
607 2.223972 0 
608 2.201862 0 
609 2.186210 0 
610 2.167656 0 
611 2.146722 0 
612 2.169723 0 
613 2.215405 0 
614 2.199344 0 
615 2.183255 0 
616 2.166960 0 
617 2.186538 0 
618 2.228410 0 
619 2.212205 0 
620 2.195112 0 
621 2.178982 0 
622 2.163036 0 
623 2.181173 0 
624 2.171721 0 
625 2.155284 0 
626 2.139076 0 
628 2.136525 0 
631 2.170465 0 
632 2.185641 0 
633 2.170563 0 
634 2.171233 0 
635 2.154975 0 
639 2.187134 0 
640 2.171029 0 
642 2.138793 0 
644 2.106157 0 
645 2.089749 0 
646 2.296038 0 
647 2.279842 0 
650 2.217563 0 
651 2.258478 0 
652 2.242422 0 
653 2.225915 0 
654 2.207004 0 
655 2.225549 0 
656 2.275552 0 
657 2.267584 0 
658 2.363878 0 
659 2.347920 0 
660 2.331690 0 
661 2.403607 0 
663 2.458006 0 
665 2.419192 0 
666 2.489792 0 
667 2.473466 0 
668 2.457571 0 
669 2.439548 0 
670 2.496098 0 
671 2.479563 0 
673 2.442929 0 
674 2.510058 0 
675 2.494005 0 
676 2.477875 0 
677 2.496843 0 
678 2.474854 0 
679 2.459225 0 
680 2.443086 0 
681 2.426753 0 
682 2.410348 0 
683 2.394116 0 
684 2.376628 0 
685 2.357131 0 
686 2.388219 0 
687 2.371683 0 
689 2.353369 0 
690 2.412143 0 
691 2.413971 0 
692 2.401157 0 
693 2.397416 0 
694 2.380899 0 
695 2.363893 0 
697 2.539473 0 
698 2.523006 0 
700 2.509471 0 
702 2.474023 0 
703 2.457971 0 
704 2.493720 0 
705 2.471571 0 
706 2.455039 0 
707 2.435390 0 
708 2.576051 0 
711 2.749678 0 
712 2.764532 0 
713 2.748296 0 
715 2.784450 0 
717 2.750885 0 
718 2.880201 0 
719 2.865279 0 
721 2.833284 0 
722 2.919467 0 
723 3.059249 0 
725 3.026828 0 
726 3.011847 0 
727 2.995605 0 
728 2.977547 0 
729 2.961391 0 
731 3.011163 0 
732 3.187581 0 
733 3.171582 0 
734 3.153232 0 
735 3.138136 0 
736 3.151241 0 
737 3.134763 0 
739 3.410332 0 
740 3.618031 0 
741 3.602216 0 
742 3.582263 0 
744 3.550756 0 
745 3.534278 0 
746 3.518300 0 
747 3.502432 0 
748 3.818885 0 
749 3.865226 0 
750 3.850217 0 
752 3.818990 0 
753 3.984397 0 
754 3.968336 0 
755 3.959662 0 
756 3.947654 0 
757 4.105499 0 
758 4.155841 0 
759 4.139654 0 
760 4.138738 0 
761 4.154956 0 
762 4.137911 0 
763 4.120712 0 
765 4.161952 0 
767 4.276053 0 
769 4.483401 0 
770 4.503168 0 
771 4.487200 0 
773 4.492153 0 
774 4.476104 0 
775 4.516948 0 
776 4.550899 0 
778 4.512771 0 
779 4.496167 0 
780 4.480011 0 
781 4.463410 0 
783 4.431210 0 
784 4.474013 0 
785 4.457580 0 
786 4.735181 0 
787 4.719246 0 
788 4.703271 0 
790 4.746466 0 
791 4.851654 0 
792 4.832608 0 
793 4.816784 0 
794 4.824366 0 
795 4.808146 0 
796 5.005402 0 
797 5.062005 0 
798 5.044704 0 
800 5.173300 0 
801 5.155239 0 
803 5.304143 0 
804 5.288032 0 
805 5.269622 0 
806 5.253790 0 
807 5.237366 0 
808 5.221444 0 
809 5.430042 0 
810 5.413027 0 
811 5.395410 0 
812 5.477259 0 
813 5.461756 0 
814 5.458869 0 
817 5.636631 0 
818 5.620368 0 
819 5.950932 0 
820 5.935092 0 
823 6.026405 0 
824 6.009889 0 
825 5.988614 0 
827 6.249185 0 
828 6.232752 0 
829 6.240176 0 
830 6.224563 0 
831 6.223570 0 
832 6.206945 0 
833 6.222756 0 
834 6.236849 0 
836 6.198766 0 
837 6.200038 0 
838 6.183905 0 
839 6.167739 0 
841 6.135585 0 
843 6.128932 0 
845 6.480516 0 
846 6.718910 0 
849 6.671196 0 
850 6.655103 0 
851 6.637381 0 
852 6.621117 0 
853 6.605243 0 
854 6.589321 0 
855 6.566823 0 
856 6.550875 0 
857 6.534755 0 
858 6.518715 0 
859 6.499648 0 
860 6.549182 0 
862 6.522031 0 
864 6.827586 0 
865 6.811188 0 
866 6.789460 0 
867 6.774160 0 
873 7.509680 0 
875 7.627908 0 
876 7.612515 0 
877 7.596643 0 
878 7.580512 0 
879 7.558815 0 
880 7.630725 0 
881 7.612907 0 
882 7.592400 0 
883 7.653660 0 
884 7.634491 0 
885 7.618810 0 
886 7.604681 0 
888 7.970857 0 
889 8.109880 0 
890 8.122984 0 
891 8.106834 0 
892 8.090543 0 
893 8.073291 0 
894 8.057673 0 
895 8.037348 0 
896 8.021127 0 
897 8.126903 0 
899 8.094668 0 
901 8.140587 0 
902 8.262915 0 
903 8.246936 0 
904 8.265067 0 
905 8.248106 0 
907 8.458040 0 
909 8.426370 0 
910 8.413551 0 
911 8.397076 0 
912 8.381420 0 
914 8.505854 0 
916 8.499449 0 
918 8.589085 0 
920 8.671451 0 
921 8.681969 0 
922 8.665601 0 
924 8.664643 0 
925 8.648524 0 
926 8.628870 0 
927 8.608267 0 
928 8.632611 0 
930 8.804639 0 
931 8.788975 0 
932 8.772499 0 
933 8.756080 0 
935 8.944181 0 
936 8.928076 0 
937 8.912100 0 
938 8.897046 0 
939 8.882058 0 
940 8.863917 0 
941 8.844146 0 
943 9.020534 0 
944 9.004222 0 
945 8.988118 0 
946 9.067295 0 
947 9.077127 0 
948 9.147377 0 
949 9.129815 0 
951 9.097398 0 
952 9.318715 0 
953 9.302635 0 
956 9.324843 0 
957 9.308162 0 
958 9.722068 0 
959 9.706157 0 
960 9.784676 0 
961 9.768443 0 
962 9.754103 0 
964 9.721373 0 
966 9.897398 0 
968 10.184839 0 
969 10.168760 0 
970 10.152221 0 
972 10.119800 0 
973 10.282726 0 
974 10.296692 0 
977 10.281288 0 
978 10.267612 0 
979 10.263737 0 
980 10.247758 0 
982 10.213633 0 
983 10.279309 0 
984 10.262935 0 
985 10.245787 0 
986 10.327205 0 
987 10.310351 0 
989 10.278134 0 
990 10.260713 0 
991 10.245511 0 
992 10.229457 0 
993 10.213068 0 
994 10.463328 0 
995 10.511167 0 
996 10.495222 0 
997 10.479161 0 
999 10.569808 0 
1000 10.584587 0 
1001 10.568861 0 
1002 10.682332 0 
1003 10.672603 0 
1004 10.652174 0 
1005 10.636360 0 
1006 10.617517 0 
1007 10.601415 0 
1008 10.585645 0 
1009 10.655189 0 
1010 10.639246 0 
1011 10.623064 0 
1012 10.606984 0 
1013 10.587723 0 
1014 10.571554 0 
1015 10.555054 0 
1016 10.538727 0 
1017 10.564304 0 
1018 10.561457 0 
1019 10.545338 0 
1021 10.632937 0 
1022 10.633393 0 
1023 10.617212 0 
1024 10.601003 0 
1026 10.609705 0 
1027 10.593240 0 
1028 10.576789 0 
1029 10.617067 0 
1030 10.600901 0 
1031 10.771875 0 
1032 10.755373 0 
1033 10.738822 0 
1036 10.690879 0 
1037 10.673580 0 
1038 10.656780 0 
1040 10.624404 0 
1042 10.778987 0 
1043 10.809566 0 
1044 11.045114 0 
1045 11.028487 0 
1048 11.047708 0 
1049 11.031679 0 
1050 11.015198 0 
1051 11.270742 0 
1055 11.299635 0 
1056 11.281936 0 
1057 11.394022 0 
1058 11.443605 0 
1059 11.419756 0 
1061 11.386497 0 
1063 11.420615 0 
1064 11.404396 0 
1065 11.382355 0 
1066 11.366218 0 
1068 11.376146 0 
1071 11.794113 0 
1072 11.851820 0 
1073 11.972242 0 
1074 12.025410 0 
1075 12.017773 0 
1076 12.016348 0 
1077 12.163952 0 
1081 12.139014 0 
1082 12.121949 0 
1083 12.100453 0 
1084 12.084551 0 
1085 12.127529 0 
1087 12.220545 0 
1088 12.302044 0 
1089 12.286323 0 
1090 12.270221 0 
1091 12.254095 0 
1092 12.388580 0 
1093 12.372906 0 
1094 12.351044 0 
1095 12.331431 0 
1096 12.315094 0 
1098 12.359846 0 
1100 12.327537 0 
1101 12.313374 0 
1102 12.374059 0 
1103 12.358063 0 
1104 12.341753 0 
1105 12.324950 0 
1106 12.427587 0 
1108 12.394738 0 
1166 11.433847 0 
1167 11.413869 0 
1168 11.397725 0 
1169 11.427701 0 
1171 12.218263 0 
1172 12.199070 0 
1173 12.215881 0 
1174 12.247158 0 
1176 12.214599 0 
1177 12.197389 0 
1178 12.180779 0 
1179 12.170020 0 
1181 12.128452 0 
1182 12.144548 0 
1183 12.128208 0 
1184 12.112122 0 
1185 12.095913 0 
1186 12.079797 0 
1188 12.135571 0 
1189 12.119763 0 
1190 12.104099 0 
1191 12.088142 0 
1192 12.072010 0 
1193 12.478774 0 
1194 12.462804 0 
1195 12.541135 0 
1196 12.525201 0 
1203 12.897128 0 
1204 13.008170 0 
1205 12.991967 0 
1206 12.970220 0 
1207 13.159155 0 
1208 13.143000 0 
1209 13.126827 0 
1210 13.175672 0 
1211 13.169479 0 
1212 13.153161 0 
1213 13.189454 0 
1214 13.166271 0 
1215 13.150098 0 
1216 13.146017 0 
1217 13.129973 0 
1218 13.113770 0 
1219 13.117615 0 
1220 13.144831 0 
1221 13.128674 0 
1222 13.190511 0 
1223 13.174950 0 
1227 13.196959 0 
1228 13.316511 0 
1229 13.300386 0 
1230 13.284194 0 
1231 13.258723 0 
1232 13.254594 0 
1234 13.285675 0 
1235 13.282808 0 
1236 13.265989 0 
1237 13.249760 0 
1239 13.216931 0 
1241 13.196627 0 
1244 13.527957 0 
1247 13.512752 0 
1248 13.504644 0 
1251 13.645204 0 
1252 13.629227 0 
1255 13.823570 0 
1256 13.834722 0 
1257 13.818480 0 
1258 13.802965 0 
1262 14.115198 0 
1263 14.094519 0 
1264 14.078167 0 
1265 14.213439 0 
1266 14.197385 0 
1267 14.180611 0 
1268 14.235038 0 
1270 14.202775 0 
1271 14.186355 0 
1272 14.170267 0 
1273 14.245028 0 
1274 14.228824 0 
1277 14.306468 0 
1278 14.335697 0 
1282 14.584287 0 
1283 14.602171 0 
1284 14.586159 0 
1286 14.757632 0 
1287 15.150652 0 
1288 15.134135 0 
1289 15.114122 0 
1290 15.099864 0 
1291 15.083737 0 
1292 15.178575 0 
1293 15.186977 0 
1294 15.170917 0 
1295 15.154419 0 
1297 15.238449 0 
1299 15.232207 0 
1300 15.216105 0 
1301 15.199400 0 
1302 15.181823 0 
1303 15.174204 0 
1304 15.232498 0 
1305 15.217003 0 
1307 15.185081 0 
1308 15.304981 0 
1309 15.288693 0 
1310 15.272314 0 
1312 15.234804 0 
1314 15.201869 0 
1315 15.186222 0 
1316 15.245241 0 
1318 15.212947 0 
1322 15.509184 0 
1323 15.493784 0 
1324 15.472986 0 
1325 15.457196 0 
1326 15.440718 0 
1327 15.425005 0 
1328 15.408992 0 
1329 15.386564 0 
1331 15.401218 0 
1332 15.385015 0 
1333 15.361472 0 
1334 15.394273 0 
1336 15.404437 0 
1338 15.497563 0 
1339 15.495462 0 
1341 15.461329 0 
1342 15.444674 0 
1343 15.653901 0 
1344 15.638021 0 
1345 15.665498 0 
1346 15.849699 0 
1347 15.833617 0 
1349 16.083067 0 
1350 16.067242 0 
1351 16.051500 0 
1352 16.035567 0 
1353 16.019171 0 
1354 16.003331 0 
1355 15.987183 0 
1356 15.971095 0 
1357 15.955013 0 
1358 15.934677 0 
1359 15.914792 0 
1360 15.898648 0 
1362 15.964265 0 
1363 15.947272 0 
1364 15.931897 0 
1365 15.982751 0 
1366 15.963290 0 
1367 15.947182 0 
1368 15.930792 0 
1370 15.895713 0 
1371 16.021153 0 
1372 16.003937 0 
1373 16.095372 0 
1375 16.062024 0 
1376 16.046359 0 
1377 16.030277 0 
1378 16.014090 0 
1380 16.088192 0 
1381 16.169497 0 
1383 16.182242 0 
1384 16.249390 0 
1385 16.232952 0 
1387 16.222502 0 
1388 16.206935 0 
1389 16.393491 0 
1390 16.377589 0 
1391 16.411927 0 
1392 16.396258 0 
1393 16.380184 0 
1394 16.364112 0 
1395 16.396565 0 
1397 16.633775 0 
1398 16.618329 0 
1400 16.660573 0 
1401 16.644292 0 
1402 16.628200 0 
1403 16.612304 0 
1404 16.608441 0 
1405 16.591506 0 
1406 16.568675 0 
1408 16.738289 0 
1409 16.721989 0 
1410 16.705674 0 
1411 16.858947 0 
1412 16.843059 0 
1413 16.972358 0 
1414 16.957541 0 
1415 16.940938 0 
1416 16.925324 0 
1417 16.909552 0 
1418 16.955676 0 
1419 16.966099 0 
1420 16.950011 0 
1421 16.933576 0 
1422 16.917503 0 
1424 16.884977 0 
1425 17.368623 0 
1426 17.353408 0 
1427 17.335832 0 
1428 17.319825 0 
1429 17.419478 0 
1430 17.403971 0 
1431 17.387591 0 
1433 17.473694 0 
1434 17.457392 0 
1435 17.441295 0 
1436 17.424657 0 
1438 17.413082 0 
1440 17.393945 0 
1441 17.468449 0 
1442 17.656971 0 
1443 17.736303 0 
1446 17.741784 0 
1447 17.775119 0 
1448 17.752366 0 
1449 17.786870 0 
1450 17.773437 0 
1451 17.756594 0 
1452 17.927754 0 
1453 17.925655 0 
1454 17.909700 0 
1455 17.893703 0 
1456 17.998812 0 
1839 11.654003 0 
1840 11.743844 0 
1841 11.725071 0 
1844 11.752818 0 
1845 11.803872 0 
1846 11.788040 0 
1847 11.772206 0 
1848 11.755646 0 
1849 11.770406 0 
1850 11.764718 0 
1851 11.748434 0 
1852 11.928749 0 
1853 11.912910 0 
1854 11.894891 0 
1855 12.027382 0 
1857 11.996059 0 
1860 12.020890 0 
1861 12.005033 0 
1862 11.988600 0 
1863 12.003999 0 
1864 11.987338 0 
1865 11.971237 0 
1867 12.111449 0 
1868 12.095294 0 
1869 12.131327 0 
1870 12.114762 0 
1871 12.155661 0 
1872 12.158244 0 
1873 12.141362 0 
1874 12.125347 0 
1875 12.140201 0 
1876 12.141167 0 
1877 12.124964 0 
1878 12.108958 0 
1879 12.216992 0 
1880 12.200428 0 
1881 12.184618 0 
1883 12.178788 0 
1884 12.258403 0 
1885 12.242977 0 
1886 12.226545 0 
1887 12.210775 0 
1888 12.268053 0 
1889 12.251470 0 
1890 12.235450 0 
1891 12.219045 0 
1892 12.235432 0 
1894 12.211021 0 
1896 12.178828 0 
1897 12.169452 0 
1898 12.153240 0 
1899 12.140231 0 
1900 12.150003 0 
1901 12.133739 0 
1902 12.125087 0 
1904 12.236546 0 
1905 12.220437 0 
1906 12.204045 0 
1907 12.234283 0 
1909 12.197249 0 
1911 12.160972 0 
1912 12.158436 0 
1913 12.142708 0 
1915 12.160382 0 
1916 12.143623 0 
1917 12.126973 0 
1919 12.262265 0 
1920 12.301848 0 
1921 12.286239 0 
1922 12.269973 0 
1923 12.254050 0 
1924 12.237993 0 
1925 12.381561 0 
1926 12.363614 0 
1927 12.347390 0 
1928 12.330566 0 
1929 12.313864 0 
1930 12.297632 0 
1931 12.288924 0 
1932 12.273139 0 
1933 12.320101 0 
1934 12.373278 0 
1935 12.354891 0 
1936 12.338822 0 
1938 12.305456 0 
1939 12.288537 0 
1940 12.272419 0 
1943 12.389190 0 
1944 12.373799 0 
1946 12.341402 0 
1947 12.322668 0 
1948 12.425912 0 
1952 12.455176 0 
1953 12.439025 0 
1954 12.420627 0 
1955 12.404468 0 
1956 12.388312 0 
1957 12.386230 0 
1959 12.389119 0 
1960 12.403302 0 
1961 12.387154 0 
1962 12.371083 0 
1963 12.348652 0 
1964 12.332331 0 
1965 12.315928 0 
1967 12.283721 0 
1968 12.342152 0 
1969 12.427725 0 
1970 12.410468 0 
1972 12.450305 0 
1973 12.434028 0 
1974 12.417212 0 
1975 12.401390 0 
1977 12.375593 0 
1978 12.457527 0 
1979 12.433969 0 
1980 12.417803 0 
1981 12.401479 0 
1982 12.385265 0 
1984 12.465800 0 
1985 12.449652 0 
1986 12.433243 0 
1987 12.458600 0 
1988 12.442756 0 
1989 12.426661 0 
1990 12.497458 0 
1991 12.521985 0 
1992 12.500751 0 
1994 12.507456 0 
1995 12.490989 0 
1996 12.503193 0 
1997 12.573232 0 
1998 12.556990 0 
1999 12.540510 0 
2000 12.561989 0 
2003 12.577893 0 
2004 12.554653 0 
2005 12.538244 0 
2006 12.522389 0 
2007 12.506288 0 
2008 12.553896 0 
2009 12.538014 0 
2010 12.537043 0 
2011 12.532282 0 
2012 12.516359 0 
2013 12.500260 0 
2014 12.484168 0 
2015 12.477487 0 
2016 12.461245 0 
2017 12.444753 0 
2018 12.435548 0 
2019 12.495904 0 
2021 12.463396 0 
2022 12.446414 0 
2023 12.423707 0 
2024 12.407109 0 
2025 12.519160 0 
2026 12.503195 0 
2027 12.486951 0 
2028 12.470948 0 
2030 12.438634 0 
2031 12.422309 0 
2032 12.405858 0 
2033 12.386936 0 
2035 12.346660 0 
2039 12.471021 0 
2040 12.507883 0 
2043 12.542323 0 
2044 12.526364 0 
2045 12.509823 0 
2046 12.507933 0 
2047 12.545886 0 
2048 12.529635 0 
2049 12.549528 0 
2050 12.575088 0 
2051 12.558935 0 
2052 12.543111 0 
2053 12.524872 0 
2054 12.569041 0 
2056 12.537037 0 
2058 12.498312 0 
2059 12.495974 0 
2060 12.480699 0 
2061 12.486017 0 
2062 12.469838 0 
2063 12.453736 0 
2064 12.438035 0 
2066 12.455196 0 
2067 12.439181 0 
2068 12.456150 0 
2069 12.439574 0 
2070 12.448154 0 
2071 12.432210 0 
2072 12.415731 0 
2073 12.399697 0 
2074 12.427083 0 
2075 12.410561 0 
2076 12.415633 0 
2077 12.399173 0 
2078 12.425721 0 
2079 12.410032 0 
2080 12.393801 0 
2082 12.379470 0 
2083 12.385122 0 
2084 12.382036 0 
2085 12.406920 0 
2086 12.388354 0 
2087 12.379817 0 
2088 12.363843 0 
2089 12.355210 0 
2090 12.338667 0 
2091 12.329041 0 
2093 12.313416 0 
2095 12.279509 0 
2096 12.263571 0 
2097 12.280734 0 
2098 12.264620 0 
2099 12.247968 0 
2100 12.317939 0 
2101 12.301975 0 
2103 12.269904 0 
2104 12.269027 0 
2105 12.253060 0 
2106 12.251876 0 
2108 12.216593 0 
2110 12.314711 0 
2111 12.340916 0 
2112 12.324474 0 
2114 12.316369 0 
2115 12.343571 0 
2116 12.328177 0 
2118 12.294818 0 
2119 12.328148 0 
2120 12.315279 0 
2121 12.362731 0 
2122 12.373528 0 
2512 5.937515 0 
2513 6.020415 0 
2514 6.003997 0 
2516 5.967266 0 
2517 5.962513 0 
2518 5.945078 0 
2519 6.023258 0 
2520 6.007304 0 
2521 6.001294 0 
2522 6.026453 0 
2523 6.009324 0 
2524 5.992006 0 
2525 5.975454 0 
2526 5.990920 0 
2527 5.974013 0 
2528 5.954004 0 
2529 5.937612 0 
2530 5.925124 0 
2531 5.934082 0 
2532 5.914374 0 
2533 5.898160 0 
2535 5.942332 0 
2536 5.924567 0 
2537 5.910778 0 
2539 5.920761 0 
2540 5.914507 0 
2541 5.898164 0 
2543 5.865771 0 
2544 5.916207 0 
2545 5.899592 0 
2546 5.883600 0 
2547 5.865824 0 
2548 5.849472 0 
2549 5.832438 0 
2550 5.816309 0 
2551 5.834002 0 
2552 5.817604 0 
2553 5.801202 0 
2554 5.781766 0 
2556 5.865675 0 
2557 5.848865 0 
2558 5.832294 0 
2559 5.816479 0 
2560 5.799116 0 
2561 5.783203 0 
2562 5.765711 0 
2564 5.731214 0 
2565 5.715021 0 
2566 5.762248 0 
2567 5.746170 0 
2569 5.713813 0 
2570 5.695871 0 
2571 5.741781 0 
2572 5.722737 0 
2574 5.690369 0 
2575 5.674586 0 
2576 5.658667 0 
2577 5.642429 0 
2578 5.625866 0 
2579 5.610061 0 
2581 5.624174 0 
2582 5.631659 0 
2583 5.653708 0 
2584 5.641635 0 
2585 5.621970 0 
2586 5.650401 0 
2587 5.681369 0 
2588 5.661287 0 
2589 5.645086 0 
2591 5.612596 0 
2592 5.707054 0 
2593 5.690867 0 
2594 5.675047 0 
2595 5.653278 0 
2596 5.637457 0 
2597 5.621558 0 
2598 5.605459 0 
2599 5.586343 0 
2600 5.596637 0 
2601 5.580220 0 
2602 5.564064 0 
2603 5.547889 0 
2604 5.531858 0 
2605 5.529144 0 
2606 5.511186 0 
2607 5.560006 0 
2608 5.544064 0 
2609 5.529179 0 
2610 5.530916 0 
2611 5.514598 0 
2612 5.498292 0 
2613 5.482177 0 
2614 5.469970 0 
2615 5.453591 0 
2616 5.452682 0 
2618 5.419584 0 
2619 5.425412 0 
2620 5.423775 0 
2621 5.407187 0 
2622 5.391200 0 
2623 5.375023 0 
2624 5.358698 0 
2625 5.341978 0 
2627 5.338616 0 
2628 5.439502 0 
2629 5.422562 0 
2630 5.406271 0 
2632 5.374074 0 
2634 5.354624 0 
2635 5.347513 0 
2636 5.363722 0 
2637 5.347671 0 
2640 5.299269 0 
2641 5.283197 0 
2642 5.312115 0 
2643 5.296135 0 
2644 5.279851 0 
2645 5.263762 0 
2646 5.245926 0 
2647 5.229709 0 
2648 5.227087 0 
2649 5.210782 0 
2650 5.191775 0 
2651 5.175595 0 
2653 5.160906 0 
2655 5.152978 0 
2656 5.136270 0 
2657 5.224428 0 
2658 5.216892 0 
2659 5.205239 0 
2660 5.189189 0 
2661 5.170752 0 
2663 5.194830 0 
2664 5.218870 0 
2665 5.202638 0 
2666 5.186347 0 
2667 5.175876 0 
2668 5.224752 0 
2669 5.208705 0 
2670 5.189179 0 
2671 5.172909 0 
2672 5.156952 0 
2673 5.153554 0 
2674 5.165510 0 
2675 5.149001 0 
2676 5.132810 0 
2677 5.116659 0 
2679 5.100293 0 
2680 5.122606 0 
2681 5.124662 0 
2682 5.104558 0 
2683 5.088224 0 
2684 5.089998 0 
2685 5.083529 0 
2686 5.067644 0 
2687 5.051412 0 
2688 5.035424 0 
2690 5.025891 0 
2692 5.047977 0 
2693 5.031469 0 
2694 5.015492 0 
2695 4.999320 0 
2696 4.982972 0 
2697 4.964948 0 
2698 4.994040 0 
2700 4.964924 0 
2701 4.944884 0 
2702 4.938296 0 
2703 4.930952 0 
2705 4.936534 0 
2707 4.895517 0 
2708 4.878721 0 
2709 4.881293 0 
2711 4.848719 0 
2712 4.839237 0 
2713 4.852702 0 
2715 4.819825 0 
2716 4.803479 0 
2717 4.805100 0 
2718 4.789185 0 
2719 4.773231 0 
2720 4.835345 0 
2721 4.819227 0 
2722 4.842392 0 
2723 4.826347 0 
2724 4.860917 0 
2725 4.844738 0 
2730 4.862899 0 
2731 4.923569 0 
2732 4.907787 0 
2734 4.875683 0 
2735 4.859316 0 
2736 4.842544 0 
2737 4.935864 0 
2738 4.919779 0 
2739 4.942968 0 
2740 4.926865 0 
2742 4.900894 0 
2743 4.925732 0 
2744 4.902669 0 
2745 4.904327 0 
2746 4.881401 0 
2747 4.886575 0 
2748 4.867531 0 
2749 4.846999 0 
2750 4.830641 0 
2751 4.814664 0 
2752 4.804987 0 
2753 4.789141 0 
2755 4.921919 0 
2759 5.191001 0 
2760 5.173724 0 
2761 5.157609 0 
2763 5.124746 0 
2764 5.108063 0 
2765 5.090606 0 
2766 5.165190 0 
2768 5.132679 0 
2769 5.115929 0 
2770 5.099784 0 
2771 5.083830 0 
2773 5.051507 0 
2774 5.051387 0 
2775 5.035092 0 
2777 5.171523 0 
2778 5.284646 0 
2780 5.250897 0 
2781 5.233870 0 
2782 5.341210 0 
2783 5.325207 0 
2784 5.421232 0 
2785 5.404564 0 
2786 5.381832 0 
2787 5.361824 0 
2788 5.479857 0 
2790 5.486508 0 
2791 5.470127 0 
2792 5.452483 0 
2793 5.586994 0 
2794 5.571178 0 
2795 5.555226 0 
2796 5.656926 0 
2797 5.641529 0 
2798 5.625530 0 
2799 5.844098 0 
2852 5.132649 0 
2854 5.298861 0 
2855 5.282241 0 
2856 5.443723 0 
2857 5.428137 0 
2858 5.411974 0 
2859 5.515090 0 
2860 5.497124 0 
2862 5.465346 0 
2863 5.449890 0 
2864 5.440821 0 
2865 5.424840 0 
2866 5.657997 0 
2867 5.641456 0 
2868 5.625289 0 
2869 5.622460 0 
2870 5.640856 0 
2871 5.662204 0 
2872 5.645830 0 
2873 5.625158 0 
2874 5.709818 0 
2875 5.693695 0 
2878 5.940149 0 
2879 6.309873 0 
2880 6.293877 0 
2881 6.278511 0 
2882 6.262763 0 
2883 6.246979 0 
2884 6.230668 0 
2885 6.214535 0 
2886 6.268033 0 
2887 6.251792 0 
2889 6.265547 0 
2891 6.257793 0 
2892 6.266078 0 
2893 6.242923 0 
2894 6.250723 0 
2895 6.282319 0 
2896 6.267441 0 
2897 6.347391 0 
2899 6.315069 0 
2900 6.327088 0 
2901 6.353339 0 
2902 6.338248 0 
2904 6.401700 0 
2906 6.430899 0 
2907 6.535977 0 
2908 6.519634 0 
2910 6.570674 0 
2911 6.708791 0 
2912 6.692803 0 
2914 6.683810 0 
2915 6.669531 0 
2916 6.807102 0 
2917 6.890535 0 
2918 6.873949 0 
2919 6.858773 0 
2920 6.842650 0 
2921 6.822120 0 
2922 6.806749 0 
2923 6.790691 0 
2924 6.847921 0 
2925 6.832042 0 
2926 6.902129 0 
2927 6.945344 0 
2928 7.095583 0 
2929 7.079717 0 
2930 7.064173 0 
2931 7.131818 0 
2933 7.144499 0 
2934 7.128235 0 
2935 7.224363 0 
2936 7.205955 0 
2937 7.188032 0 
2938 7.254108 0 
2939 7.237915 0 
2941 7.205076 0 
2942 7.186589 0 
2943 7.180478 0 
2944 7.164102 0 
2945 7.147709 0 
2946 7.254075 0 
2947 7.261917 0 
2948 7.239822 0 
2949 7.239702 0 
2950 7.219913 0 
2951 7.210611 0 
2952 7.194697 0 
2954 7.190802 0 
2955 7.214067 0 
2956 7.197561 0 
2957 7.181170 0 
2958 7.164961 0 
2959 7.148822 0 
2960 7.168296 0 
2968 7.353288 0 
2969 7.337614 0 
2970 7.321454 0 
2972 7.289356 0 
2973 7.506451 0 
2974 7.490385 0 
2975 7.466877 0 
2976 7.450642 0 
2977 7.434381 0 
2979 7.403052 0 
2982 7.681716 0 
2983 7.729691 0 
2984 7.885960 0 
2985 7.869204 0 
2986 7.853384 0 
2987 7.856144 0 
2989 8.028418 0 
2990 8.012187 0 
2991 7.995975 0 
2992 7.979845 0 
2993 8.035568 0 
2994 8.040367 0 
2995 8.024225 0 
2996 8.028935 0 
2997 8.073728 0 
2998 8.067418 0 
2999 8.274999 0 
3000 8.255689 0 
3001 8.239535 0 
3002 8.272853 0 
3003 8.257610 0 
3004 8.239227 0 
3005 8.222797 0 
3006 8.257843 0 
3007 8.241623 0 
3008 8.287202 0 
3009 8.271235 0 
3010 8.255159 0 
3011 8.238796 0 
3012 8.222893 0 
3013 8.206562 0 
3014 8.190929 0 
3016 8.186236 0 
3017 8.232749 0 
3018 8.216697 0 
3019 8.200274 0 
3020 8.349155 0 
3021 8.333248 0 
3022 8.389786 0 
3023 8.373649 0 
3025 8.418515 0 
3026 8.403080 0 
3027 8.386895 0 
3028 8.370765 0 
3030 8.338028 0 
3032 8.305662 0 
3035 8.653967 0 
3038 8.605299 0 
3039 8.616613 0 
3040 8.632996 0 
3041 8.616973 0 
3042 8.760412 0 
3043 8.744875 0 
3044 8.728597 0 
3045 8.881664 0 
3046 9.128284 0 
3047 9.113152 0 
3048 9.096987 0 
3049 9.078113 0 
3051 9.101143 0 
3053 9.089522 0 
3054 9.200627 0 
3055 9.178129 0 
3056 9.161705 0 
3057 9.145603 0 
3058 9.129148 0 
3059 9.113017 0 
3061 9.105987 0 
3062 9.087871 0 
3063 9.197655 0 
3064 9.179880 0 
3065 9.265240 0 
3066 9.287750 0 
3067 9.271503 0 
3068 9.255592 0 
3069 9.235539 0 
3070 9.219931 0 
3071 9.247308 0 
3072 9.228947 0 
3073 9.341380 0 
3074 9.321970 0 
3075 9.305255 0 
3077 9.590948 0 
3078 9.812569 0 
3079 9.796277 0 
3080 9.780190 0 
3081 9.763248 0 
3082 9.834171 0 
3083 9.816922 0 
3084 9.800649 0 
3085 9.785020 0 
3086 9.785790 0 
3088 9.874608 0 
3090 9.842184 0 
3091 9.826227 0 
3092 9.862852 0 
3093 10.000712 0 
3094 9.983276 0 
3095 9.966969 0 
3096 9.959042 0 
3098 10.130999 0 
3099 10.113945 0 
3100 10.098166 0 
3101 10.081840 0 
3103 10.229734 0 
3105 10.195235 0 
3106 10.197466 0 
3107 10.181150 0 
3109 10.283714 0 
3110 10.267271 0 
3111 10.250971 0 
3113 10.218198 0 
3114 10.268111 0 
3115 10.251781 0 
3116 10.449281 0 
3117 10.435488 0 
3118 10.419382 0 
3119 10.403311 0 
3120 10.387093 0 
3121 10.371055 0 
3122 10.354887 0 
3123 10.338698 0 
3124 10.319139 0 
3125 10.296229 0 
3126 10.447508 0 
3127 10.427967 0 
3128 10.412138 0 
3129 10.395821 0 
3130 10.379248 0 
3132 10.411702 0 
3133 10.395902 0 
3134 10.379491 0 
3135 10.380198 0 
3136 10.366485 0 
3137 10.350694 0 
3138 10.612818 0 
3140 10.580569 0 
3141 10.564022 0 
3142 10.648245 0 
3143 10.669958 0 
3144 10.653655 0 
3145 10.754614 0 
3146 10.732909 0 
3147 10.716734 0 
3148 10.755892 0 
3149 10.739597 0 
3150 10.722974 0 
3151 10.706749 0 
3153 10.673895 0 
3154 10.683129 0 
3155 10.667186 0 
3156 10.797465 0 
3157 10.781783 0 
3158 10.900965 0 
3159 10.884827 0 
3161 10.834238 0 
3162 10.827967 0 
3163 10.810733 0 
3164 10.864392 0 
3166 10.828739 0 
3167 10.812884 0 
3168 10.796123 0 
3169 10.779757 0 
3171 10.766306 0 
3172 10.750253 0 
3173 10.749958 0 
3174 10.732611 0 
3175 10.716585 0 
3176 10.699822 0 
3178 10.691791 0 
3179 10.707385 0 
3180 10.691210 0 
3181 10.731168 0 
3182 10.712333 0 
3183 10.695957 0 
3184 10.729018 0 
3185 10.739888 0 
3186 10.724277 0 
3188 10.850572 0 
3189 10.834146 0 
3190 10.817932 0 
3191 10.801705 0 
3192 10.844295 0 
3193 10.828020 0 
3194 10.811939 0 
3195 10.795846 0 
3196 10.779725 0 
3197 10.827301 0 
3198 10.811276 0 
3199 10.794944 0 
3200 10.779088 0 
3201 10.822185 0 
3202 10.851568 0 
3203 10.835633 0 
3204 10.884969 0 
3205 11.024746 0 
3206 11.008646 0 
3207 10.992018 0 
3208 10.976034 0 
3209 10.959479 0 
3210 10.943322 0 
3211 11.074572 0 
3212 11.058583 0 
3213 11.042461 0 
3215 11.081015 0 
3216 11.064547 0 
3217 11.048882 0 
3218 11.032091 0 
3219 11.028291 0 
3220 11.012528 0 
3221 10.995905 0 
3222 11.082090 0 
3224 11.148031 0 
3225 11.334055 0 
3226 11.315670 0 
3227 11.298893 0 
3229 11.267229 0 
3232 11.474709 0 
3234 11.438157 0 
3237 11.640434 0 
3238 11.621950 0 
3239 11.606117 0 
3240 11.704891 0 
3241 11.864392 0 
3242 11.848435 0 
3243 11.832281 0 
3244 11.817555 0 
3245 11.851882 0 
3246 11.836792 0 
3247 11.816998 0 
3248 11.914801 0 
3250 11.953332 0 
3252 12.146920 0 
3253 12.130978 0 
3254 12.166301 0 
3255 12.150601 0 
3256 12.134349 0 
3257 12.116125 0 
3258 12.262700 0 
3260 12.230400 0 
3261 12.214761 0 
3262 12.196033 0 
3263 12.177717 0 
3264 12.331186 0 
3265 12.315042 0 
3266 12.407199 0 
3267 12.386451 0 
3268 12.370918 0 
3269 12.407645 0 
3270 12.477286 0 
3271 12.460766 0 
3272 12.444453 0 
3273 12.428241 0 
3274 12.412030 0 
3276 12.483581 0 
3278 12.596070 0 
3279 12.579796 0 
3280 12.615547 0 
3281 12.601589 0 
3282 12.581223 0 
3283 12.565037 0 
3284 12.549086 0 
3285 12.622817 0 
3287 12.701239 0 
3289 12.669924 0 
3290 12.791874 0 
3291 12.773942 0 
3292 12.928391 0 
3293 12.912168 0 
3294 12.896124 0 
3295 12.879528 0 
3297 12.902758 0 
3298 12.958123 0 
3299 12.941883 0 
3300 13.030293 0 
3302 12.994464 0 
3304 12.958755 0 
3305 12.942724 0 
3306 12.926737 0 
3308 12.893287 0 
3309 12.904445 0 
3310 12.924600 0 
3312 12.892063 0 
3313 12.875914 0 
3314 12.889375 0 
3315 12.872656 0 
3316 12.856691 0 
3317 12.912471 0 
3318 12.896421 0 
3319 12.941203 0 
3320 12.965095 0 
3321 12.948933 0 
3322 12.956673 0 
3323 13.034491 0 
3324 13.018453 0 
3325 13.002111 0 
3326 13.094190 0 
3327 13.079083 0 
3328 13.061894 0 
3329 13.040906 0 
3331 13.008443 0 
3332 12.990966 0 
3333 12.975732 0 
3334 12.975439 0 
3335 12.976345 0 
3336 12.960265 0 
3337 12.943998 0 
3339 12.911562 0 
3340 12.894729 0 
3341 13.049360 0 
3342 13.081314 0 
3343 13.065181 0 
3345 13.178939 0 
3346 13.162900 0 
3347 13.181824 0 
3348 13.165484 0 
3349 13.148392 0 
3352 13.389697 0 
3353 13.372863 0 
3354 13.457820 0 
3355 13.501827 0 
3356 13.488841 0 
3357 13.472919 0 
3358 13.455673 0 
3360 13.423453 0 
3361 13.495390 0 
3362 13.470466 0 
3363 13.516766 0 
3365 13.493155 0 
3366 13.477526 0 
3367 13.461561 0 
3368 13.445440 0 
3370 13.429433 0 
3371 13.412268 0 
3372 13.438827 0 
3373 13.422371 0 
3374 13.587980 0 
3375 13.571917 0 
3377 13.614386 0 
3378 13.723244 0 
3379 13.707219 0 
3380 13.691267 0 
3381 13.674760 0 
3382 13.694687 0 
3383 13.678488 0 
3384 13.660039 0 
3385 13.643965 0 
3387 13.740613 0 
3388 13.724707 0 
3389 13.708996 0 
3390 13.692842 0 
3391 13.676738 0 
3392 13.660379 0 
3393 13.756866 0 
3394 13.735286 0 
3395 13.719313 0 
3396 13.699795 0 
3397 13.683342 0 
3398 13.663570 0 
3399 13.750863 0 
3400 13.734339 0 
3401 13.718531 0 
3402 13.701232 0 
3403 13.685238 0 
3404 13.669057 0 
3405 13.772164 0 
3406 13.755936 0 
3407 13.739231 0 
3408 13.753857 0 
3409 13.734560 0 
3410 14.000375 0 
3411 13.986411 0 
3412 13.968895 0 
3414 13.997468 0 
3415 13.981412 0 
3416 13.965323 0 
3417 13.949303 0 
3418 13.932203 0 
3419 13.916093 0 
3420 13.900028 0 
3421 13.881969 0 
3747 8.427052 0 
3748 8.411634 0 
3750 8.379023 0 
3751 8.363652 0 
3752 8.347488 0 
3753 8.684692 0 
3754 8.669797 0 
3755 8.654459 0 
3756 8.638215 0 
3758 8.605152 0 
3759 8.589018 0 
3760 8.568441 0 
3761 8.552462 0 
3763 8.519755 0 
3764 8.503820 0 
3765 8.487345 0 
3766 8.472468 0 
3768 8.438363 0 
3769 8.418137 0 
3770 8.402073 0 
3771 8.433690 0 
3772 8.426897 0 
3773 8.681834 0 
3775 8.652354 0 
3776 8.675605 0 
3777 8.658961 0 
3778 8.642703 0 
3779 8.623279 0 
3780 8.604649 0 
3781 8.588233 0 
3782 8.572135 0 
3783 8.556401 0 
3785 8.516945 0 
3786 8.500752 0 
3787 8.484486 0 
3788 8.589511 0 
3789 8.573781 0 
3790 8.557649 0 
3791 8.598062 0 
3792 8.675893 0 
3794 8.714510 0 
3795 8.843246 0 
3796 8.827181 0 
3797 8.810749 0 
3798 8.913160 0 
3799 8.897872 0 
3800 8.881806 0 
3801 8.866091 0 
3802 8.849565 0 
3803 8.926632 0 
3804 8.910790 0 
3805 8.892076 0 
3806 8.875578 0 
3807 9.117302 0 
3808 9.100975 0 
3809 9.084942 0 
3810 9.136310 0 
3812 9.103326 0 
3813 9.245134 0 
3814 9.227670 0 
3815 9.209255 0 
3816 9.192060 0 
3817 9.176775 0 
3818 9.158145 0 
3819 9.162524 0 
3821 9.130304 0 
3822 9.181117 0 
3823 9.164989 0 
3824 9.145918 0 
3826 9.114253 0 
3828 9.081783 0 
3829 9.122022 0 
3830 9.241224 0 
3831 9.217978 0 
3834 9.240552 0 
3836 9.537024 0 
3837 9.520771 0 
3838 9.504786 0 
3839 9.623086 0 
3840 9.686247 0 
3841 9.669182 0 
3842 9.652801 0 
3843 9.636714 0 
3844 9.715144 0 
3845 10.042012 0 
3847 10.006360 0 
3849 10.043666 0 
3850 10.238958 0 
3851 10.220221 0 
3852 10.204033 0 
3853 10.188970 0 
3854 10.182910 0 
3855 10.210284 0 
3857 10.175822 0 
3858 10.266679 0 
3859 10.247117 0 
3860 10.230929 0 
3861 10.210922 0 
3862 10.193830 0 
3863 10.176777 0 
3864 10.160790 0 
3865 10.144703 0 
3866 10.119965 0 
3867 10.222491 0 
3868 10.205468 0 
3869 10.336582 0 
3870 10.383537 0 
3871 10.367569 0 
3873 10.419492 0 
3874 10.613179 0 
3875 10.592412 0 
3876 10.680569 0 
3877 10.665102 0 
3878 10.648765 0 
3879 10.632361 0 
3880 10.616001 0 
3882 10.726534 0 
3884 10.694377 0 
3886 10.661933 0 
3887 10.645831 0 
3888 10.633427 0 
3889 10.616331 0 
3890 10.625877 0 
3891 10.609697 0 
3892 10.593275 0 
3894 10.642830 0 
3895 10.626720 0 
3896 10.610677 0 
3897 10.661783 0 
3899 10.677013 0 
3901 10.644549 0 
3902 10.628805 0 
3903 10.612658 0 
3905 10.601044 0 
3906 10.654598 0 
3907 10.637916 0 
3909 10.602484 0 
3910 10.585886 0 
3911 10.700981 0 
3912 10.685192 0 
3913 10.668926 0 
3914 10.672137 0 
3915 10.699581 0 
3916 10.681990 0 
3917 10.665782 0 
3918 10.721693 0 
3919 10.705131 0 
3920 10.688816 0 
3921 10.672858 0 
3922 10.656763 0 
3923 10.682957 0 
3924 10.666756 0 
3925 10.805195 0 
3926 10.788977 0 
3928 10.757018 0 
3929 10.740745 0 
3930 10.995634 0 
3931 10.979704 0 
3934 10.980233 0 
3936 10.948412 0 
3937 10.929071 0 
3938 10.909572 0 
3939 10.893500 0 
3940 10.877423 0 
3941 10.978066 0 
3942 10.961766 0 
3943 10.945834 0 
3944 11.015136 0 
3945 10.998917 0 
3946 10.982855 0 
3947 10.966702 0 
3950 11.093074 0 
3951 11.076752 0 
3952 11.182811 0 
3953 11.166871 0 
3954 11.430533 0 
3955 11.410618 0 
3957 11.419631 0 
3958 11.566146 0 
3959 11.551358 0 
3960 11.535960 0 
3962 11.504487 0 
3963 11.485929 0 
3964 11.506244 0 
3965 11.490317 0 
3967 11.501119 0 
3968 11.484874 0 
3969 11.602450 0 
3970 11.577915 0 
3971 11.557758 0 
3972 11.541105 0 
3975 11.528445 0 
3976 11.565622 0 
3977 11.547607 0 
3978 11.531428 0 
3979 11.552277 0 
3980 11.534868 0 
3981 11.518281 0 
3982 11.575284 0 
3984 11.551216 0 
3985 11.535228 0 
3986 11.639295 0 
3987 11.740498 0 
3988 11.721052 0 
3989 11.704760 0 
3990 11.705775 0 
3991 11.689709 0 
3992 11.699571 0 
3993 11.683686 0 
3994 11.757463 0 
3995 11.741480 0 
3996 11.725457 0 
3997 11.709606 0 
3998 11.693019 0 
3999 11.764104 0 
4000 11.791065 0 
4001 11.774964 0 
4002 11.800438 0 
4003 11.982409 0 
4004 11.966352 0 
4005 11.977799 0 
4006 11.959939 0 
4007 11.943349 0 
4008 11.927288 0 
4009 11.911827 0 
4011 11.892711 0 
4012 11.876651 0 
4013 11.952091 0 
4015 12.021743 0 
4016 12.005718 0 
4017 11.988334 0 
4018 12.152964 0 
4021 12.298859 0 
4022 12.282928 0 
4023 12.264147 0 
4025 12.231668 0 
4027 12.197633 0 
4028 12.286947 0 
4029 12.311465 0 
4030 12.547382 0 
4033 12.499318 0 
4239 9.189488 0 
4240 9.171271 0 
4241 9.197330 0 
4242 9.181062 0 
4243 9.161442 0 
4245 9.364479 0 
4247 9.332547 0 
4248 9.317547 0 
4249 9.332697 0 
4250 9.381164 0 
4251 9.364975 0 
4252 9.349137 0 
4253 9.332883 0 
4255 9.458166 0 
4256 9.477055 0 
4257 9.461325 0 
4258 9.445076 0 
4259 9.516053 0 
4260 9.575847 0 
4261 9.559891 0 
4262 9.546960 0 
4263 9.530906 0 
4264 9.521517 0 
4265 9.503236 0 
4266 9.483020 0 
4267 9.608982 0 
4268 9.592254 0 
4269 9.572218 0 
4271 9.665508 0 
4272 9.810117 0 
4273 9.915495 0 
4274 9.899906 0 
4275 9.883858 0 
4276 9.884997 0 
4277 9.868892 0 
4278 9.852672 0 
4279 9.898780 0 
4280 9.993119 0 
4282 9.961183 0 
4284 10.090246 0 
4285 10.074196 0 
4286 10.058018 0 
4287 10.163804 0 
4288 10.165065 0 
4289 10.260834 0 
4290 10.244764 0 
4292 10.308093 0 
4293 10.291980 0 
4294 10.276035 0 
4295 10.331239 0 
4297 10.320477 0 
4299 10.329645 0 
4300 10.313658 0 
4301 10.296210 0 
4303 10.406264 0 
4304 10.390321 0 
4305 10.374021 0 
4307 10.398649 0 
4308 10.458282 0 
4309 10.442150 0 
4310 10.547945 0 
4311 10.531790 0 
4312 10.515379 0 
4313 10.663830 0 
4314 10.644225 0 
4315 10.770377 0 
4316 10.754558 0 
4317 10.738098 0 
4318 10.727610 0 
4319 10.712279 0 
4320 10.696367 0 
4321 10.741311 0 
4955 0.009980 1 
4957 0.010220 1 
4958 0.016513 1 
4959 0.017147 1 
4322 10.907615 0 
4323 10.891943 0 
4324 10.875553 0 
4960 0.140775 1 
4963 0.115534 1 
4964 0.099130 1 
4965 0.082941 1 
4966 0.078032 1 
4967 0.061718 1 
4326 10.928506 0 
4327 10.912208 0 
4969 0.032530 1 
4970 0.016817 1 
4971 0.017150 1 
4328 10.918483 0 
4329 10.902539 0 
4972 0.007525 1 
4973 0.006012 1 
4330 10.928564 0 
4331 11.202014 0 
4332 11.185649 0 
4334 11.152928 0 
4975 0.300598 1 
4976 0.284508 1 
4977 0.268586 1 
4979 0.236271 1 
4980 0.217774 1 
4981 0.201442 1 
4982 0.184862 1 
4983 0.169173 1 
4986 0.120702 1 
4987 0.104848 1 
4988 0.088604 1 
4989 0.072676 1 
4990 0.054603 1 
4991 0.038686 1 
4992 0.022395 1 
4993 0.013473 1 
4335 11.181007 0 
4336 11.162359 0 
4994 0.009981 1 
4995 0.012788 1 
4337 11.170022 0 
4338 11.153652 0 
4339 11.134647 0 
4996 0.009290 1 
4997 0.005802 1 
4998 0.011406 1 
4999 0.008092 1 
5000 0.007677 1 
4340 11.197816 0 
5001 0.013001 1 
5002 0.005919 1 
4341 11.215209 0 
4342 11.199404 0 
4343 11.182707 0 
4344 11.275033 0 
4345 11.258770 0 
4347 11.257111 0 
4348 11.239768 0 
4349 11.223921 0 
5007 0.083628 1 
5008 0.063751 1 
5009 0.047361 1 
5010 0.031456 1 
5011 0.014456 1 
5012 0.008393 1 
5013 0.004122 1 
5015 0.006781 1 
5016 0.004427 1 
4350 11.288878 0 
4351 11.321976 0 
4352 11.316173 0 
4353 11.299762 0 
4355 11.267908 0 
4356 11.261596 0 
4357 11.245495 0 
4358 11.275851 0 
4360 11.239639 0 
4361 11.289575 0 
4362 11.273636 0 
4363 11.254966 0 
4365 11.230435 0 
5022 0.149284 1 
5023 0.133095 1 
5024 0.116501 1 
5025 0.100244 1 
5028 0.051522 1 
4366 11.270194 0 
4367 11.254056 0 
5029 0.041870 1 
5030 0.025572 1 
5031 0.033942 1 
5032 0.017535 1 
5033 0.011321 1 
5034 0.010809 1 
5035 0.008660 1 
5036 0.005805 1 
4369 11.314456 0 
4370 11.298530 0 
5037 0.013502 1 
5038 0.005374 1 
5039 0.008165 1 
4372 11.329972 0 
4373 11.318389 0 
5041 0.010341 1 
5043 0.016592 1 
5044 0.005745 1 
5045 0.006214 1 
5046 0.006701 1 
5047 0.005589 1 
5048 0.007745 1 
5049 0.015238 1 
5051 0.005713 1 
5052 0.005443 1 
5053 0.007127 1 
5054 0.006595 1 
4377 11.500186 0 
4378 11.484130 0 
4379 11.465502 0 
4380 11.445464 0 
4382 11.409175 0 
4383 11.392007 0 
4384 11.374083 0 
5055 0.009846 1 
5056 0.005545 1 
4389 11.578317 0 
4390 11.555874 0 
5059 0.337833 1 
5060 0.320810 1 
5061 0.305106 1 
5062 0.289025 1 
5063 0.271146 1 
5064 0.254776 1 
5065 0.238319 1 
5067 0.199471 1 
5068 0.182329 1 
5069 0.163566 1 
5070 0.147343 1 
4391 11.637074 0 
4392 11.621150 0 
5073 0.131128 1 
5074 0.114778 1 
5075 0.097953 1 
5076 0.082013 1 
5078 0.049368 1 
5080 0.030902 1 
5081 0.016728 1 
5082 0.007673 1 
5083 0.006978 1 
5084 0.013081 1 
5085 0.015884 1 
5086 0.011938 1 
5088 0.007620 1 
5089 0.004791 1 
5090 0.008125 1 
5091 0.008680 1 
5093 0.013082 1 
5095 0.011197 1 
5096 0.007057 1 
5097 0.006873 1 
5099 0.012925 1 
4393 11.962765 0 
4394 11.946615 0 
4395 11.929975 0 
4396 11.914446 0 
5100 0.013040 1 
5101 0.007750 1 
5103 0.006827 1 
5104 0.009095 1 
4397 11.977912 0 
5105 0.010460 1 
4398 11.986629 0 
4399 11.971230 0 
4400 11.956081 0 
4401 11.940458 0 
4402 11.922460 0 
4403 11.906509 0 
4404 11.888922 0 
5106 0.015499 1 
5107 0.016242 1 
5108 0.005919 1 
5109 0.005910 1 
5110 0.013721 1 
5111 0.006338 1 
5112 0.010526 1 
5113 0.005203 1 
5114 0.008028 1 
5115 0.011085 1 
5116 0.010223 1 
5117 0.011195 1 
5118 0.015912 1 
4405 12.084047 0 
4406 12.065839 0 
4407 12.040305 0 
4409 12.005238 0 
5119 0.005792 1 
5120 0.007100 1 
4410 12.042940 0 
4411 12.026492 0 
5122 0.013409 1 
5123 0.007279 1 
5124 0.007972 1 
5125 0.009545 1 
5126 0.018141 1 
5127 0.011092 1 
5128 0.006326 1 
4412 12.112003 0 
4413 12.095819 0 
4414 12.079668 0 
5130 0.006961 1 
5131 0.006251 1 
5132 0.012847 1 
5133 0.007225 1 
4415 12.142937 0 
5134 0.007736 1 
5135 0.013254 1 
5136 0.019149 1 
5137 0.006528 1 
5138 0.010045 1 
5139 0.013801 1 
5140 0.007541 1 
4416 12.252268 0 
4418 12.219532 0 
5141 0.014629 1 
4419 12.268163 0 
4420 12.252470 0 
4421 12.236525 0 
5143 0.041877 1 
5144 0.025818 1 
5145 0.018331 1 
5146 0.018913 1 
5147 0.008815 1 
5148 0.007170 1 
5149 0.013752 1 
5151 0.008524 1 
4423 12.334313 0 
5152 0.015223 1 
4425 12.320359 0 
4426 12.304553 0 
5153 0.011657 1 
5154 0.026054 1 
5156 0.012715 1 
5157 0.018667 1 
5158 0.032017 1 
5159 0.013210 1 
5161 0.010251 1 
5162 0.009959 1 
4427 12.510224 0 
4428 12.589150 0 
4431 12.540713 0 
5163 0.154156 1 
5166 0.136180 1 
5168 0.102651 1 
5169 0.086189 1 
5170 0.069157 1 
5171 0.052955 1 
5172 0.037097 1 
5173 0.020851 1 
5174 0.028202 1 
5175 0.021183 1 
4432 12.600658 0 
4433 12.584545 0 
4434 12.565226 0 
4435 12.549332 0 
4436 12.533446 0 
5176 0.017552 1 
5178 0.007814 1 
4437 12.608315 0 
4438 12.624143 0 
4439 12.605013 0 
4440 12.588860 0 
4441 12.572092 0 
4442 12.579564 0 
4444 12.605401 0 
5180 0.175944 1 
5181 0.159849 1 
5182 0.141436 1 
5183 0.125011 1 
5184 0.108739 1 
5185 0.093007 1 
5186 0.076972 1 
5187 0.059969 1 
5188 0.037215 1 
5189 0.052781 1 
5190 0.049910 1 
5191 0.033683 1 
5192 0.050170 1 
5193 0.034647 1 
5194 0.015149 1 
5195 0.008569 1 
4446 12.699841 0 
4447 12.683513 0 
4448 12.666910 0 
4449 12.650707 0 
4450 12.634808 0 
4451 12.617694 0 
4452 12.601257 0 
4454 12.567747 0 
4455 12.550726 0 
4456 12.535211 0 
5196 0.009005 1 
5197 0.010600 1 
5198 0.007707 1 
5199 0.013433 1 
4458 12.589869 0 
5200 0.013079 1 
5201 0.006229 1 
4460 12.575772 0 
5202 0.009002 1 
5203 0.008997 1 
5205 0.017354 1 
5206 0.012034 1 
5207 0.008952 1 
5208 0.010917 1 
5209 0.013232 1 
5210 0.008129 1 
5211 0.009845 1 
5212 0.010220 1 
5214 0.017758 1 
5215 0.019762 1 
5216 0.009565 1 
5219 0.011094 1 
5221 0.024755 1 
5222 0.030970 1 
5223 0.014900 1 
5224 0.024183 1 
5227 0.026283 1 
5228 0.020753 1 
5229 0.025251 1 
5230 0.043394 1 
5231 0.019502 1 
5232 0.012810 1 
5233 0.007388 1 
5234 0.025377 1 
5235 0.015088 1 
5236 0.008651 1 
5237 0.007614 1 
5238 0.007338 1 
5240 0.018146 1 
5242 0.013255 1 
4461 13.272036 0 
5243 0.012377 1 
5244 0.006861 1 
4464 13.257546 0 
4465 13.241752 0 
4466 13.225991 0 
5245 0.009977 1 
5246 0.006761 1 
5247 0.015891 1 
4467 13.256371 0 
4468 13.234800 0 
5248 0.008308 1 
5250 0.018330 1 
4470 13.249771 0 
5251 0.014834 1 
5252 0.013405 1 
5253 0.019981 1 
5254 0.006138 1 
5255 0.010549 1 
4471 13.308815 0 
4472 13.292893 0 
4473 13.276933 0 
4474 13.258164 0 
4475 13.238220 0 
4476 13.222576 0 
4477 13.206101 0 
5256 0.011930 1 
4478 13.205806 0 
5257 0.020496 1 
4479 13.219562 0 
5258 0.011988 1 
5259 0.009245 1 
5260 0.013301 1 
5261 0.008079 1 
4481 13.236768 0 
4483 13.198757 0 
5262 0.006728 1 
4485 13.189611 0 
5263 0.015473 1 
5264 0.012812 1 
5266 0.013784 1 
5267 0.022665 1 
5268 0.015950 1 
5269 0.014925 1 
4487 13.271030 0 
4488 13.251709 0 
5270 0.009717 1 
5271 0.008977 1 
4489 13.282311 0 
4491 13.247350 0 
5272 0.025326 1 
5273 0.013498 1 
5274 0.006638 1 
5275 0.016549 1 
5277 0.015987 1 
5279 0.014214 1 
4492 13.356201 0 
5280 0.007637 1 
4493 13.353636 0 
4494 13.337934 0 
4496 13.298698 0 
4498 13.267755 0 
4499 13.251616 0 
4500 13.235679 0 
5281 0.006131 1 
5282 0.009393 1 
5283 0.011646 1 
5284 0.015026 1 
4502 13.277180 0 
4503 13.260617 0 
5285 0.010073 1 
5287 0.009627 1 
5288 0.012739 1 
4506 13.273659 0 
4507 13.257524 0 
4508 13.238946 0 
5289 0.009255 1 
4510 13.329515 0 
5294 0.129645 1 
5295 0.113840 1 
5296 0.097489 1 
5298 0.064587 1 
5299 0.047926 1 
5300 0.027599 1 
5302 0.037656 1 
5303 0.034917 1 
5304 0.018268 1 
4511 13.474000 0 
5305 0.033718 1 
5306 0.034205 1 
5307 0.029779 1 
4512 13.516958 0 
4513 13.499029 0 
4514 13.483869 0 
5308 0.015483 1 
4515 13.492957 0 
4516 13.509344 0 
4517 13.634309 0 
4518 13.619165 0 
5310 0.216815 1 
5311 0.208255 1 
5312 0.189917 1 
5313 0.174171 1 
5314 0.158065 1 
5315 0.141955 1 
5316 0.177961 1 
5317 0.158933 1 
5318 0.147636 1 
4521 13.683985 0 
4522 13.667554 0 
4523 13.651808 0 
5319 0.156123 1 
5321 0.120162 1 
5322 0.100477 1 
4525 13.684128 0 
4526 13.663754 0 
4771 9.521906 0 
5324 0.129990 1 
5325 0.117408 1 
5326 0.101017 1 
5327 0.080687 1 
5329 0.058561 1 
5330 0.063790 1 
5331 0.044963 1 
5332 0.027917 1 
5333 0.017424 1 
5334 0.012495 1 
5335 0.013333 1 
5336 0.026187 1 
5337 0.032812 1 
5338 0.031130 1 
5339 0.015017 1 
5340 0.010906 1 
5342 0.008353 1 
5343 0.012491 1 
4772 9.740268 0 
5344 0.031149 1 
5345 0.020648 1 
5346 0.010560 1 
5347 0.012596 1 
5348 0.017623 1 
4773 9.843219 0 
4774 9.825337 0 
5350 0.021590 1 
4775 9.808877 0 
4776 9.809151 0 
4777 9.794621 0 
4778 9.778524 0 
5351 0.030852 1 
5352 0.022936 1 
5353 0.021719 1 
5355 0.011374 1 
4780 9.803655 0 
5356 0.013822 1 
5357 0.014144 1 
5358 0.022106 1 
4781 9.844051 0 
4782 9.827856 0 
4783 9.811798 0 
4784 9.795409 0 
4785 9.778857 0 
4786 9.762829 0 
4787 9.746834 0 
5360 0.012656 1 
5361 0.016276 1 
4788 9.786998 0 
4789 9.770752 0 
4790 9.754573 0 
4791 9.738477 0 
5362 0.015675 1 
5363 0.016834 1 
5364 0.010819 1 
5365 0.018498 1 
4793 9.794436 0 
4794 9.776825 0 
5367 0.028662 1 
5368 0.013305 1 
4795 9.785528 0 
4796 9.769377 0 
4797 9.753270 0 
5369 0.030623 1 
5370 0.022474 1 
4798 9.790468 0 
4799 9.775029 0 
4800 9.758800 0 
4801 9.744022 0 
4802 9.727311 0 
4803 9.711957 0 
5371 0.030595 1 
5372 0.019923 1 
5373 0.024582 1 
5374 0.017659 1 
5375 0.016150 1 
5377 0.011737 1 
5378 0.018026 1 
5379 0.011536 1 
4807 9.767655 0 
5380 0.007549 1 
5381 0.009315 1 
5382 0.016159 1 
5383 0.010788 1 
5384 0.017416 1 
5385 0.012961 1 
5386 0.013271 1 
4809 9.851152 0 
5387 0.026403 1 
5388 0.009790 1 
5389 0.013269 1 
5390 0.078584 1 
5391 0.062507 1 
5392 0.045281 1 
5393 0.028700 1 
4810 9.983058 0 
5394 0.035711 1 
5395 0.019532 1 
4811 9.967680 0 
4813 9.951543 0 
4814 9.931692 0 
5396 0.026735 1 
5397 0.020260 1 
5398 0.012327 1 
5399 0.010981 1 
5400 0.019893 1 
5401 0.010100 1 
4816 9.964004 0 
5402 0.007204 1 
5404 0.016535 1 
5405 0.013394 1 
5406 0.011629 1 
5407 0.013205 1 
5408 0.019156 1 
4817 10.081116 0 
4818 10.062694 0 
4819 10.042641 0 
4821 10.006466 0 
4824 9.961228 0 
5409 0.012509 1 
5410 0.013649 1 
5411 0.018830 1 
5413 0.014143 1 
5414 0.021702 1 
5415 0.009320 1 
5418 0.022844 1 
4825 10.113412 0 
4826 10.097313 0 
4830 10.031378 0 
4831 10.015427 0 
4832 9.991995 0 
5420 0.023753 1 
5421 0.013874 1 
4833 10.014561 0 
4834 9.998320 0 
4835 9.987300 0 
5422 0.030247 1 
5423 0.017324 1 
4836 10.096138 0 
4837 10.080313 0 
4838 10.064603 0 
4839 10.048462 0 
4840 10.032304 0 
5426 0.059329 1 
5427 0.043175 1 
5428 0.053065 1 
5429 0.033638 1 
5430 0.017641 1 
5431 0.015145 1 
5432 0.032609 1 
5433 0.015678 1 
4842 10.087083 0 
5434 0.013450 1 
5435 0.016490 1 
5436 0.014289 1 
5437 0.015556 1 
5439 0.018814 1 
4846 10.136003 0 
5441 0.028035 1 
5442 0.023651 1 
4848 10.147354 0 
4849 10.131353 0 
4850 10.115230 0 
5443 0.031165 1 
5444 0.014758 1 
4852 10.120774 0 
5445 0.024605 1 
5446 0.015167 1 
4853 10.117836 0 
5447 0.008243 1 
4854 10.118114 0 
4855 10.101734 0 
4856 10.085656 0 
5449 0.016655 1 
5450 0.061066 1 
5451 0.058861 1 
5452 0.036946 1 
5453 0.020831 1 
5454 0.017685 1 
4858 10.206056 0 
4859 10.188797 0 
5455 0.038098 1 
5456 0.042864 1 
5457 0.026442 1 
4860 10.226946 0 
5458 0.048693 1 
4861 10.227544 0 
5459 0.040693 1 
5460 0.024569 1 
5461 0.030505 1 
4862 10.254960 0 
5462 0.044603 1 
5463 0.028654 1 
4865 10.248107 0 
4866 10.324974 0 
4868 10.373767 0 
4869 10.384655 0 
4870 10.379554 0 
5471 0.277952 1 
4871 10.534727 0 
4872 10.518492 0 
4873 10.502589 0 
4874 10.485752 0 
4875 10.461379 0 
4876 10.444463 0 
5472 0.319075 1 
5473 0.300339 1 
5474 0.282406 1 
5476 0.249075 1 
5481 0.168130 1 
4877 10.473184 0 
4879 10.434170 0 
5482 0.182294 1 
5486 0.133994 1 
5487 0.110865 1 
5488 0.094157 1 
5489 0.078182 1 
5491 0.058415 1 
4881 10.444724 0 
4882 10.428987 0 
4883 10.412694 0 
4884 10.485843 0 
4885 10.546596 0 
4886 10.526279 0 
4887 10.544863 0 
5493 0.348017 1 
5494 0.331475 1 
5497 0.369558 1 
4889 10.720923 0 
4890 10.704849 0 
4891 10.689125 0 
4892 10.672951 0 
4894 10.640875 0 
5498 0.369695 1 
5508 0.280203 1 
5509 0.264169 1 
4896 10.748497 0 
4897 10.727423 0 
4898 10.710859 0 
4900 10.678686 0 
4901 10.662481 0 
4902 10.646228 0 
4904 10.613658 0 
4905 10.597599 0 
4906 10.581441 0 
4907 10.681426 0 
4908 10.665289 0 
4909 10.644117 0 
5513 0.433763 1 
5514 0.411126 1 
5515 0.394699 1 
5516 0.378343 1 
5526 0.198419 1 
5528 0.164219 1 
5529 0.144539 1 
4910 10.741944 0 
4911 10.725774 0 
4912 10.709856 0 
4913 10.692805 0 
4914 10.675091 0 
4915 10.659121 0 
4916 10.642692 0 
4917 10.627158 0 
4918 10.610704 0 
4919 10.593937 0 
5530 0.165615 1 
5531 0.149368 1 
4920 10.587803 0 
5532 0.146945 1 
5533 0.139304 1 
4921 10.592803 0 
4923 10.558693 0 
4924 10.542574 0 
4925 10.526230 0 
4926 10.509918 0 
4927 10.611991 0 
4928 10.596771 0 
4929 10.581447 0 
4931 10.549205 0 
4932 10.532731 0 
4933 10.517017 0 
4934 10.501013 0 
4935 10.485140 0 
5534 0.263395 1 
5535 0.247152 1 
5536 0.230003 1 
5537 0.218950 1 
4936 10.509318 0 
5538 0.240432 1 
5539 0.223756 1 
5541 0.191422 1 
5543 0.216058 1 
5544 0.199749 1 
5545 0.183341 1 
4938 10.563646 0 
4939 10.547681 0 
4940 10.529113 0 
4941 10.512938 0 
5555 0.052031 1 
4942 10.537962 0 
4944 10.505753 0 
4945 10.489920 0 
4946 10.473489 0 
5556 0.070493 1 
5557 0.049978 1 
4947 10.476871 0 
4948 10.459104 0 
4949 10.453777 0 
4950 10.520446 0 
4952 10.488147 0 
4953 10.552917 0 
4954 10.537323 0 
4955 10.520392 0 
4957 10.488009 0 
4958 10.471284 0 
4959 10.455008 0 
4960 10.439020 0 
4962 10.427249 0 
5559 0.247483 1 
5560 0.231112 1 
5561 0.215123 1 
5562 0.199395 1 
5563 0.182954 1 
5564 0.167186 1 
4963 10.485448 0 
4964 10.469124 0 
4965 10.452999 0 
4966 10.437053 0 
4967 10.420797 0 
4969 10.388403 0 
4970 10.372613 0 
4971 10.378423 0 
5567 0.212533 1 
5570 0.163445 1 
4972 10.434459 0 
4973 10.414623 0 
4974 10.390880 0 
4975 10.374218 0 
4976 10.358087 0 
4977 10.342087 0 
4979 10.309732 0 
5571 0.221871 1 
5572 0.211132 1 
5573 0.195341 1 
5574 0.179146 1 
5576 0.144080 1 
5577 0.124139 1 
5578 0.107985 1 
5579 0.091881 1 
4980 10.332271 0 
4981 10.315930 0 
4982 10.411608 0 
4983 10.395521 0 
4984 10.379591 0 
4985 10.363449 0 
4986 10.347164 0 
4987 10.330963 0 
4988 10.314710 0 
4989 10.298778 0 
4990 10.323970 0 
4991 10.308069 0 
4992 10.291813 0 
5582 0.217326 1 
5583 0.212674 1 
5584 0.196222 1 
5585 0.178738 1 
4994 10.426632 0 
4995 10.410443 0 
4996 10.394337 0 
4997 10.378535 0 
5588 0.351143 1 
5589 0.334788 1 
5590 0.317031 1 
5591 0.344759 1 
4998 10.518740 0 
4999 10.502427 0 
5000 10.486712 0 
5001 10.465289 0 
5002 10.449438 0 
5003 10.431217 0 
5600 0.296114 1 
5601 0.273224 1 
5603 0.248651 1 
5612 0.113590 1 
5613 0.129553 1 
5614 0.113763 1 
5615 0.095958 1 
5617 0.062878 1 
5619 0.042051 1 
5620 0.049939 1 
5621 0.076431 1 
5622 0.061288 1 
5006 10.634655 0 
5007 10.618682 0 
5008 10.599611 0 
5009 10.583319 0 
5010 10.567459 0 
5011 10.550621 0 
5012 10.534682 0 
5013 10.518623 0 
5625 0.081314 1 
5626 0.079008 1 
5015 10.544042 0 
5016 10.528846 0 
5017 10.510445 0 
5018 10.494402 0 
5020 10.459983 0 
5627 0.087205 1 
5628 0.067295 1 
5629 0.048722 1 
5630 0.163049 1 
5631 0.164899 1 
5022 10.621850 0 
5023 10.607402 0 
5024 10.797877 0 
5025 10.782113 0 
5028 10.733414 0 
5029 10.715772 0 
5030 10.699575 0 
5031 10.683398 0 
5032 10.667267 0 
5033 10.670593 0 
5034 10.677928 0 
5035 10.765897 0 
5036 10.749170 0 
5037 10.727524 0 
5038 10.770169 0 
5039 10.754329 0 
5041 10.720728 0 
5634 0.709446 1 
5635 0.693742 1 
5043 10.857322 0 
5044 10.841128 0 
5045 10.825017 0 
5046 10.808790 0 
5047 10.789916 0 
5048 10.773737 0 
5636 0.713665 1 
5650 0.508703 1 
5670 0.176310 1 
5049 10.831031 0 
5051 10.798740 0 
5052 10.839416 0 
5053 10.823667 0 
5054 10.807470 0 
5055 10.788956 0 
5056 10.773048 0 
5057 10.756832 0 
5058 10.776558 0 
5059 10.760299 0 
5060 10.743232 0 
5061 10.727533 0 
5062 10.853001 0 
5063 10.834950 0 
5671 0.435125 1 
5672 0.419096 1 
5673 0.401678 1 
5064 10.842268 0 
5065 10.908407 0 
5067 11.003582 0 
5068 10.986948 0 
5069 10.968188 0 
5070 10.952109 0 
5071 10.928693 0 
5072 10.912499 0 
5073 10.896304 0 
5074 10.889348 0 
5075 10.872529 0 
5076 10.856543 0 
5329 6.525682 0 
5330 6.509382 0 
5331 6.490541 0 
5332 6.537535 0 
5333 6.521732 0 
5334 6.505579 0 
5335 6.489627 0 
5336 6.473455 0 
5337 6.457039 0 
5338 6.440987 0 
5339 6.424726 0 
5340 6.408453 0 
5342 6.373814 0 
5343 6.346359 0 
5344 6.353371 0 
5678 0.685976 1 
5679 0.666902 1 
5345 6.386729 0 
5346 6.366768 0 
5347 6.350589 0 
5348 6.334177 0 
5350 6.294691 0 
5351 6.278222 0 
5352 6.261446 0 
5353 6.245163 0 
5355 6.206686 0 
5356 6.189185 0 
5357 6.173639 0 
5358 6.157465 0 
5360 6.122505 0 
5361 6.107357 0 
5362 6.084573 0 
5363 6.068414 0 
5364 6.052288 0 
5365 6.032051 0 
5367 5.999332 0 
5368 5.983238 0 
5369 5.967112 0 
5370 5.950783 0 
5371 5.934776 0 
5372 5.918583 0 
5373 5.902558 0 
5374 5.886074 0 
5375 5.869998 0 
5377 5.837012 0 
5378 5.820749 0 
5379 5.804667 0 
5380 5.788217 0 
5381 5.772253 0 
5382 5.755806 0 
5383 5.739590 0 
5384 5.723458 0 
5385 5.706736 0 
5386 5.691043 0 
5387 5.674899 0 
5388 5.658240 0 
5389 5.641864 0 
5390 5.625990 0 
5391 5.609737 0 
5392 5.592456 0 
5393 5.575891 0 
5394 5.560068 0 
5395 5.543858 0 
5396 5.527751 0 
5397 5.511239 0 
5398 5.495268 0 
5399 5.477889 0 
5400 5.461473 0 
5401 5.445180 0 
5402 5.429142 0 
5692 0.467693 1 
5404 5.423816 0 
5405 5.407641 0 
5406 5.391405 0 
5407 5.375277 0 
5408 5.358920 0 
5409 5.340179 0 
5410 5.322520 0 
5411 5.307496 0 
5413 5.275094 0 
5414 5.256472 0 
5706 0.282346 1 
5707 0.266281 1 
5708 0.262093 1 
5709 0.245503 1 
5710 0.256635 1 
5711 0.240604 1 
5712 0.224088 1 
5415 5.316315 0 
5416 5.300177 0 
5418 5.267724 0 
5420 5.228750 0 
5421 5.212258 0 
5422 5.195934 0 
5423 5.179736 0 
5714 0.368609 1 
5715 0.352332 1 
5723 1.075754 1 
5724 1.059113 1 
5725 1.043269 1 
5727 1.010010 1 
5733 0.951351 1 
5742 1.036658 1 
5743 1.036294 1 
5744 1.163087 1 
5745 1.146955 1 
5746 1.131026 1 
5751 1.128958 1 
5753 1.095428 1 
5756 1.046603 1 
5758 1.014060 1 
5759 1.223875 1 
5768 1.137532 1 
5769 1.121420 1 
5770 1.105209 1 
5771 1.104429 1 
5780 1.011862 1 
5781 0.995607 1 
5782 0.979066 1 
5786 0.909932 1 
5789 1.030962 1 
5790 1.107834 1 
5797 0.982712 1 
5798 0.966488 1 
5799 0.966460 1 
5813 0.784550 1 
5814 0.768560 1 
5816 0.732896 1 
5818 0.744359 1 
5821 0.824011 1 
5829 0.727261 1 
5830 0.711301 1 
5843 0.566920 1 
5847 0.499458 1 
5850 0.449564 1 
5851 0.430983 1 
5852 0.413848 1 
5853 0.424883 1 
5854 0.446552 1 
5855 0.431438 1 
5856 0.443910 1 
5857 0.426769 1 
5858 0.410584 1 
5861 0.361618 1 
5863 0.328902 1 
5864 0.509472 1 
5865 0.492294 1 
5866 0.476138 1 
5867 0.459960 1 
5868 0.443816 1 
5869 0.427629 1 
5870 0.405711 1 
5871 0.412420 1 
5872 0.396292 1 
5874 0.389444 1 
5876 0.355330 1 
5878 0.366277 1 
5879 0.346632 1 
5882 0.460374 1 
5896 0.471069 1 
5897 0.454814 1 
5899 0.426315 1 
5900 0.409793 1 
5914 0.530789 1 
5915 0.514423 1 
5916 0.498478 1 
5923 0.408379 1 
5924 0.425127 1 
5926 0.404117 1 
5933 0.321774 1 
5934 0.314465 1 
5935 0.298151 1 
5936 0.314547 1 
5937 0.293969 1 
5948 0.102759 1 
5949 0.085768 1 
5950 0.069468 1 
5952 0.202742 1 
5953 0.186556 1 
5954 0.168531 1 
5955 0.184124 1 
5958 0.221271 1 
5959 0.208264 1 
5960 0.632931 1 
5961 0.616320 1 
5962 0.611187 1 
5967 0.620572 1 
5969 0.588116 1 
5975 0.493102 1 
5986 0.329001 1 
5987 0.312801 1 
5993 0.443260 1 
5994 0.427080 1 
5995 0.410705 1 
5996 0.394431 1 
5997 0.393394 1 
5998 0.376242 1 
5999 0.360068 1 
6010 0.376205 1 
6024 0.309263 1 
6027 0.260453 1 
6028 0.243990 1 
6029 0.247383 1 
6030 0.231465 1 
6031 0.213897 1 
6032 0.192214 1 
6033 0.192240 1 
6034 0.172876 1 
6041 0.191896 1 
6042 0.175560 1 
6043 0.203846 1 
6046 0.193882 1 
6047 0.371874 1 
6048 0.350786 1 
6049 0.334644 1 
6050 0.369306 1 
6051 0.353095 1 
6052 0.355775 1 
6053 0.336124 1 
6054 0.320265 1 
6060 0.549657 1 
6064 0.584698 1 
6065 0.626964 1 
6066 0.610753 1 
6067 0.594440 1 
6076 0.448761 1 
6077 0.433185 1 
6078 0.417133 1 
6079 0.399161 1 
6080 0.404124 1 
6083 0.549418 1 
6084 0.533054 1 
6086 0.540015 1 
6088 0.597029 1 
6100 0.575999 1 
6101 0.559798 1 
6102 0.544107 1 
6103 0.555760 1 
6104 0.537965 1 
6118 0.301410 1 
6119 0.312678 1 
6123 0.299376 1 
6125 0.260083 1 
6126 0.243795 1 
6127 0.227696 1 
6128 0.245849 1 
6133 0.161836 1 
6135 0.314342 1 
6136 0.297971 1 
6138 0.281410 1 
6139 0.265181 1 
6144 0.249098 1 
6146 0.216947 1 
6147 0.219669 1 
6148 0.203472 1 
6153 0.287287 1 
6154 0.271544 1 
6156 0.238509 1 
6157 0.260420 1 
6158 0.455667 1 
6159 0.438000 1 
6161 0.405573 1 
6163 0.373394 1 
6168 0.356927 1 
6169 0.340822 1 
6175 0.249959 1 
6178 0.235830 1 
6179 0.218581 1 
6180 0.203604 1 
6181 0.246969 1 
6183 0.214896 1 
6184 0.198770 1 
6185 0.182294 1 
6186 0.214603 1 
6187 0.198031 1 
6188 0.179832 1 
6189 0.328692 1 
6192 0.286556 1 
6193 0.269758 1 
6194 0.277658 1 
6197 0.226578 1 
6198 0.210377 1 
6201 0.182965 1 
6202 0.200281 1 
6203 0.182947 1 
6204 0.166878 1 
6205 0.150473 1 
6206 0.134600 1 
6211 0.047959 1 
6212 0.167803 1 
6214 0.172581 1 
6216 0.137048 1 
6217 0.163678 1 
6218 0.196008 1 
6219 0.180048 1 
6222 0.196741 1 
6223 0.180425 1 
6224 0.164468 1 
6225 0.147460 1 
6231 0.114732 1 
6232 0.096184 1 
6233 0.101541 1 
6235 0.068888 1 
6237 0.047627 1 
6238 0.028659 1 
6239 0.183207 1 
6240 0.190639 1 
6241 0.174263 1 
6243 0.348956 1 
6245 0.492124 1 
6252 0.543565 1 
6253 0.527617 1 
6263 0.473825 1 
6264 0.519664 1 
6268 0.453009 1 
6269 0.436622 1 
6270 0.420460 1 
6278 0.410775 1 
6279 0.394591 1 
6280 0.390989 1 
6282 0.412903 1 
6294 0.209509 1 
6295 0.247214 1 
6297 0.214715 1 
6301 0.317544 1 
6302 0.345750 1 
6309 0.270378 1 
6313 0.295729 1 
6314 0.279488 1 
6326 0.172692 1 
6327 0.174567 1 
6330 0.125819 1 
6331 0.147502 1 
6332 0.167873 1 
6333 0.150260 1 
6334 0.149237 1 
6335 0.132837 1 
6337 0.117570 1 
6338 0.101328 1 
6339 0.101490 1 
6340 0.084909 1 
6341 0.068547 1 
6342 0.049401 1 
6343 0.033609 1 
6345 0.015152 1 
6346 0.033551 1 
6347 0.020353 1 
6348 0.022629 1 
6350 0.141351 1 
6352 0.141505 1 
6353 0.124454 1 
6355 0.101615 1 
6356 0.129958 1 
6357 0.113895 1 
6358 0.097778 1 
6359 0.080875 1 
6360 0.064321 1 
6362 0.035128 1 
6363 0.025316 1 
6364 0.019482 1 
6365 0.014745 1 
6366 0.013444 1 
6367 0.009772 1 
6368 0.014102 1 
6369 0.025235 1 
6370 0.016454 1 
6372 0.010346 1 
6373 0.008973 1 
6374 0.031226 1 
6375 0.015103 1 
6376 0.009241 1 
6377 0.007427 1 
6378 0.010601 1 
6379 0.009521 1 
6380 0.020439 1 
6381 0.023098 1 
6382 0.011724 1 
6383 0.010372 1 
6384 0.011592 1 
6385 0.014687 1 
6386 0.021000 1 
6387 0.012233 1 
6388 0.011547 1 
6389 0.015223 1 
6390 0.012634 1 
6391 0.013080 1 
6392 0.014045 1 
6393 0.016749 1 
6394 0.015723 1 
6395 0.010720 1 
6396 0.008257 1 
6397 0.010450 1 
6399 0.027143 1 
6400 0.013335 1 
6401 0.009255 1 
6402 0.024298 1 
6403 0.011049 1 
6404 0.010953 1 
6405 0.014731 1 
6406 0.011211 1 
6408 0.030079 1 
6409 0.013421 1 
6410 0.007114 1 
6411 0.015567 1 
6413 0.005416 1 
6415 0.021919 1 
6416 0.014215 1 
6417 0.029534 1 
6418 0.017720 1 
6421 0.024851 1 
6422 0.019686 1 
6423 0.029243 1 
6424 0.032433 1 
6425 0.018400 1 
6426 0.010091 1 
6427 0.018490 1 
6428 0.013763 1 
6429 0.017777 1 
6430 0.015147 1 
6431 0.013412 1 
6432 0.010968 1 
6434 0.012746 1 
6436 0.013574 1 
6437 0.015479 1 
6438 0.017798 1 
6439 0.007268 1 
6440 0.016308 1 
6441 0.006400 1 
6442 0.018190 1 
6444 0.011518 1 
6445 0.021610 1 
6446 0.013360 1 
6447 0.026850 1 
6448 0.019370 1 
6449 0.010661 1 
6450 0.405291 1 
6452 0.456140 1 
6453 0.439935 1 
6454 0.423613 1 
6455 0.406935 1 
6462 0.324523 1 
6463 0.346166 1 
6464 0.326655 1 
6465 0.310328 1 
6466 0.292293 1 
6467 0.276141 1 
6468 0.259959 1 
6469 0.243847 1 
6471 0.230420 1 
6473 0.198278 1 
6479 0.099357 1 
6481 0.087068 1 
6482 0.069124 1 
6483 0.052781 1 
6484 0.052120 1 
6486 0.157843 1 
6488 0.158088 1 
6489 0.141795 1 
6490 0.148957 1 
6492 0.113457 1 
6493 0.097170 1 
6494 0.080568 1 
6496 0.044317 1 
6497 0.034952 1 
6498 0.021376 1 
6499 0.016541 1 
6500 0.014292 1 
6501 0.011869 1 
6502 0.015666 1 
6503 0.018182 1 
6504 0.012464 1 
6505 0.011289 1 
6506 0.008432 1 
6507 0.010543 1 
6508 0.021632 1 
6509 0.010358 1 
6510 0.019171 1 
6511 0.012521 1 
6512 0.011079 1 
6513 0.011042 1 
6515 0.014895 1 
6516 0.011123 1 
6517 0.011616 1 
6518 0.008763 1 
6519 0.013985 1 
6520 0.018687 1 
6521 0.035683 1 
6523 0.008933 1 
6524 0.013809 1 
6525 0.014350 1 
6526 0.015891 1 
6527 0.011758 1 
6528 0.007667 1 
6529 0.011490 1 
6530 0.020133 1 
6531 0.010865 1 
6532 0.009023 1 
6533 0.017554 1 
6534 0.007113 1 
6536 0.015085 1 
6537 0.025235 1 
6538 0.010852 1 
6539 0.019876 1 
6540 0.008174 1 
6541 0.006514 1 
6542 0.014663 1 
6544 0.009677 1 
6545 0.020555 1 
6546 0.016873 1 
6547 0.013673 1 
6549 0.011716 1 
6550 0.010910 1 
6551 0.017617 1 
6552 0.010864 1 
6554 0.022213 1 
6555 0.013972 1 
6556 0.008714 1 
6557 0.013896 1 
6558 0.013523 1 
6559 0.015436 1 
6561 0.010773 1 
6562 0.023259 1 
6563 0.024254 1 
6564 0.016834 1 
6565 0.010285 1 
6566 0.009934 1 
6567 0.018124 1 
6568 0.008400 1 
6569 0.011210 1 
6571 0.015357 1 
6572 0.016582 1 
6573 0.009917 1 
6574 0.012475 1 
6575 0.013508 1 
6576 0.010365 1 
6577 0.011264 1 
6578 0.018351 1 
6579 0.025465 1 
6580 0.017501 1 
6581 0.025325 1 
6582 0.016259 1 
6583 0.011159 1 
6584 0.010310 1 
6585 0.010659 1 
6586 0.015930 1 
6587 0.012109 1 
6588 0.012469 1 
6589 0.016160 1 
6590 0.008838 1 
6591 0.016146 1 
6592 0.011029 1 
6593 0.014288 1 
6594 0.014442 1 
6595 0.009821 1 
6596 0.013789 1 
6598 0.012974 1 
6599 0.016874 1 
6600 0.016578 1 
6601 0.015797 1 
6602 0.008760 1 
6603 0.015015 1 
6604 0.010765 1 
6605 0.011467 1 
6607 0.024996 1 
6608 0.017137 1 
6609 0.007178 1 
6610 0.004977 1 
6612 0.012208 1 
6614 0.017722 1 
6615 0.014250 1 
6616 0.018656 1 
6617 0.016758 1 
6620 0.014090 1 
6621 0.013268 1 
6622 0.016889 1 
6623 0.036103 1 
6624 0.028827 1 
6625 0.014733 1 
6626 0.013346 1 
6627 0.014197 1 
6628 0.014591 1 
6629 0.012830 1 
6630 0.008069 1 
6631 0.014743 1 
6633 0.021747 1 
6635 0.017381 1 
6636 0.006160 1 
6637 0.015241 1 
6638 0.010898 1 
6639 0.007330 1 
6640 0.006760 1 
6641 0.012138 1 
6643 0.009155 1 
6644 0.015924 1 
6645 0.011526 1 
6646 0.012788 1 
6647 0.010766 1 
6648 0.012290 1 
6649 0.013455 1 
6650 0.008722 1 
6651 0.014182 1 
6652 0.010411 1 
6653 0.013754 1 
6654 0.011787 1 
6655 0.013312 1 
6656 0.011597 1 
6657 0.006875 1 
6659 0.020836 1 
6660 0.025933 1 
6661 0.020897 1 
6662 0.017887 1 
6663 0.011730 1 
6664 0.013680 1 
6665 0.013330 1 
6666 0.010278 1 
6667 0.014840 1 
6668 0.014378 1 
6670 0.015692 1 
6672 0.008403 1 
6673 0.010502 1 
6674 0.010625 1 
6675 0.013233 1 
6676 0.015867 1 
6677 0.012957 1 
6678 0.013322 1 
6680 0.021611 1 
6681 0.013626 1 
6682 0.012696 1 
6683 0.012604 1 
6685 0.012317 1 
6687 0.013113 1 
6688 0.013495 1 
6689 0.009961 1 
6691 0.016363 1 
6692 0.012498 1 
6693 0.008723 1 
6695 0.009546 1 
6696 0.010491 1 
6697 0.018790 1 
6698 0.014724 1 
6699 0.010580 1 
6700 0.009889 1 
6701 0.008588 1 
6702 0.012060 1 
6703 0.013455 1 
6704 0.017902 1 
6705 0.011058 1 
6706 0.012787 1 
6707 0.008838 1 
6708 0.012280 1 
6709 0.025711 1 
6710 0.017006 1 
6711 0.007390 1 
6712 0.012989 1 
6714 0.011127 1 
6715 0.010867 1 
6716 0.017442 1 
6717 0.009898 1 
6718 0.009580 1 
6719 0.008444 1 
6720 0.007681 1 
6722 0.012904 1 
6723 0.015351 1 
6724 0.014430 1 
6725 0.013477 1 
6726 0.007398 1 
6727 0.009636 1 
6728 0.009465 1 
6729 0.011936 1 
6730 0.014429 1 
6731 0.009798 1 
6732 0.008446 1 
6733 0.007017 1 
6735 0.014651 1 
6736 0.009339 1 
6737 0.010736 1 
6738 0.011386 1 
6739 0.020068 1 
6740 0.007005 1 
6741 0.008421 1 
6743 0.012723 1 
6744 0.015753 1 
6745 0.014543 1 
6746 0.139807 1 
6749 0.230161 1 
6750 0.209105 1 
6751 0.188824 1 
6753 0.148897 1 
6754 0.128980 1 
6760 0.028341 1 
6761 0.038063 1 
6762 0.022530 1 
6763 0.016560 1 
6764 0.011769 1 
6765 0.009712 1 
6766 0.010918 1 
6767 0.013786 1 
6768 0.020252 1 
6770 0.010216 1 
6771 0.017263 1 
6772 0.008707 1 
6773 0.014606 1 
6774 0.006733 1 
6775 0.009351 1 
6776 0.010128 1 
6777 0.009706 1 
6778 0.020170 1 
6779 0.012123 1 
6780 0.016305 1 
6781 0.010688 1 
6782 0.009947 1 
6783 0.019564 1 
6784 0.140052 1 
6787 0.193039 1 
6788 0.177092 1 
6789 0.160898 1 
6790 0.144550 1 
6791 0.128276 1 
6794 0.101429 1 
6795 0.080352 1 
6798 0.037368 1 
6799 0.036078 1 
6800 0.023974 1 
6801 0.010506 1 
6802 0.012731 1 
6803 0.010030 1 
6804 0.008509 1 
6807 0.224614 1 
6808 0.208364 1 
6809 0.192322 1 
6811 0.158542 1 
6819 0.035518 1 
6820 0.019184 1 
6821 0.027613 1 
6822 0.163552 1 
6825 0.142159 1 
6826 0.125754 1 
6827 0.142490 1 
6828 0.126383 1 
6829 0.109435 1 
6830 0.093295 1 
6832 0.056173 1 
6834 0.038452 1 
6835 0.035664 1 
6836 0.020181 1 
6837 0.014654 1 
6838 0.007420 1 
6839 0.019556 1 
6840 0.014622 1 
6842 0.013399 1 
6843 0.012963 1 
6844 0.012008 1 
6845 0.010666 1 
6846 0.017156 1 
6847 0.014546 1 
6848 0.027373 1 
6849 0.016172 1 
6850 0.008531 1 
6851 0.139530 1 
6854 0.131298 1 
6855 0.114799 1 
6856 0.104896 1 
6858 0.144768 1 
6859 0.128526 1 
6860 0.112077 1 
6861 0.095872 1 
6862 0.079650 1 
6863 0.063513 1 
6864 0.045125 1 
6865 0.030814 1 
6866 0.023422 1 
6867 0.014933 1 
6869 0.013907 1 
6871 0.012234 1 
6872 0.017709 1 
6873 0.009302 1 
6874 0.017252 1 
6875 0.006763 1 
6876 0.015561 1 
6877 0.009961 1 
6880 0.149141 1 
6881 0.132793 1 
6882 0.116758 1 
6884 0.108760 1 
6886 0.076197 1 
6887 0.072202 1 
6888 0.056552 1 
6890 0.023727 1 
6891 0.015306 1 
6892 0.013597 1 
6894 0.006325 1 
6895 0.008814 1 
6896 0.011077 1 
6897 0.019908 1 
6898 0.010001 1 
6899 0.034271 1 
6900 0.020973 1 
6901 0.009340 1 
6902 0.014990 1 
6903 0.010786 1 
6904 0.020145 1 
6905 0.016190 1 
6906 0.026007 1 
6907 0.010189 1 
6908 0.033439 1 
6909 0.021732 1 
6913 0.127483 1 
6914 0.111275 1 
6915 0.094572 1 
6916 0.078346 1 
6917 0.081578 1 
6918 0.075355 1 
6919 0.058866 1 
6921 0.034017 1 
6922 0.013500 1 
6923 0.008849 1 
6924 0.008913 1 
6925 0.006532 1 
6926 0.015575 1 
6927 0.013886 1 
6928 0.009870 1 
6929 0.007788 1 
6930 0.008966 1 
6931 0.010929 1 
6932 0.011773 1 
6934 0.013432 1 
6935 0.010113 1 
6936 0.008699 1 
6937 0.018337 1 
6938 0.015480 1 
6939 0.026405 1 
6940 0.141362 1 
6942 0.173099 1 
6943 0.156466 1 
6944 0.139078 1 
6945 0.138221 1 
6952 0.027880 1 
6953 0.022488 1 
6954 0.009245 1 
6957 0.156626 1 
6959 0.140666 1 
6960 0.124507 1 
6961 0.127361 1 
6962 0.110327 1 
6963 0.094145 1 
6964 0.077975 1 
6966 0.060231 1 
6967 0.042496 1 
6969 0.015367 1 
6970 0.011584 1 
6971 0.012073 1 
6972 0.018835 1 
6973 0.008056 1 
6974 0.013398 1 
6975 0.012907 1 
6976 0.016884 1 
6977 0.015125 1 
6978 0.009089 1 
6979 0.013259 1 
6980 0.017076 1 
6981 0.011264 1 
6982 0.011113 1 
6983 0.011539 1 
6984 0.008497 1 
6985 0.021976 1 
6986 0.013166 1 
6987 0.008455 1 
6988 0.011716 1 
6989 0.009878 1 
6990 0.015595 1 
6991 0.013890 1 
6996 0.114370 1 
6997 0.098482 1 
6998 0.084868 1 
6999 0.068875 1 
7000 0.052908 1 
7001 0.055737 1 
7002 0.039255 1 
7003 0.023221 1 
7005 0.027892 1 
7006 0.009798 1 
7008 0.186942 1 
7010 0.151984 1 
7012 0.113123 1 
7018 0.048078 1 
7019 0.037740 1 
7020 0.027448 1 
7021 0.029262 1 
7022 0.012980 1 
7023 0.009938 1 
7024 0.007842 1 
7025 0.148982 1 
7027 0.132614 1 
7028 0.116606 1 
7029 0.148796 1 
7031 0.116718 1 
7033 0.084343 1 
7034 0.067792 1 
7035 0.051721 1 
7036 0.035627 1 
7037 0.017302 1 
7038 0.010492 1 
7039 0.011858 1 
7041 0.008308 1 
7042 0.009305 1 
7043 0.010086 1 
7044 0.016944 1 
7045 0.010078 1 
7046 0.014055 1 
7047 0.009788 1 
7048 0.015408 1 
7049 0.012396 1 
7050 0.021402 1 
7051 0.014410 1 
7052 0.010404 1 
7053 0.012703 1 
7054 0.012993 1 
7055 0.008720 1 
7057 0.028018 1 
7058 0.019212 1 
7059 0.014381 1 
7060 0.009338 1 
7061 0.008061 1 
7062 0.013935 1 
7063 0.018397 1 
7064 0.021782 1 
7065 0.028099 1 
7066 0.018291 1 
7068 0.014448 1 
7070 0.039747 1 
7071 0.024697 1 
7072 0.008653 1 
7073 0.012042 1 
7074 0.016165 1 
7075 0.011673 1 
7076 0.013324 1 
7078 0.011384 1 
7079 0.011891 1 
7080 0.009386 1 
7081 0.016115 1 
7083 0.030716 1 
7085 0.137907 1 
7087 0.214462 1 
7089 0.181225 1 
7090 0.164870 1 
7091 0.160248 1 
7093 0.122118 1 
7094 0.102163 1 
7095 0.086294 1 
7099 0.041405 1 
7100 0.024987 1 
7101 0.018409 1 
7102 0.009060 1 
7103 0.013314 1 
7104 0.012427 1 
7105 0.011197 1 
7106 0.010188 1 
7109 0.138525 1 
7110 0.119086 1 
7112 0.086445 1 
7113 0.075236 1 
7114 0.058954 1 
7115 0.042702 1 
7116 0.033178 1 
7117 0.023375 1 
7118 0.017576 1 
7120 0.014165 1 
7121 0.010677 1 
7122 0.009376 1 
7125 0.218557 1 
7126 0.214524 1 
7127 0.198696 1 
7128 0.182241 1 
7138 0.017459 1 
7139 0.020099 1 
7141 0.008573 1 
7142 0.014800 1 
7143 0.013617 1 
7144 0.013455 1 
7146 0.011537 1 
7147 0.040349 1 
7148 0.163313 1 
7151 0.190433 1 
7152 0.180798 1 
7153 0.163617 1 
7154 0.147484 1 
7155 0.145832 1 
7156 0.128658 1 
7158 0.094329 1 
7159 0.090166 1 
7161 0.051885 1 
7162 0.035705 1 
7163 0.019286 1 
7164 0.019180 1 
7165 0.014297 1 
7166 0.008851 1 
7168 0.009335 1 
7169 0.014491 1 
7170 0.015138 1 
7171 0.017611 1 
7172 0.019546 1 
7173 0.144056 1 
7176 0.158137 1 
7177 0.142244 1 
7178 0.126008 1 
7179 0.109041 1 
7180 0.093383 1 
7183 0.037532 1 
7184 0.027862 1 
7185 0.154817 1 
7188 0.209743 1 
7189 0.192245 1 
7190 0.177064 1 
7191 0.163138 1 
7192 0.142594 1 
7199 0.024178 1 
7200 0.019708 1 
7201 0.010894 1 
7202 0.019721 1 
7204 0.019245 1 
7205 0.014788 1 
7206 0.012438 1 
7207 0.007199 1 
7209 0.014151 1 
7211 0.012780 1 
7212 0.017476 1 
7213 0.036488 1 
7214 0.018467 1 
7217 0.027839 1 
7218 0.011324 1 
7219 0.017473 1 
7220 0.034893 1 
7221 0.021771 1 
7222 0.009141 1 
7223 0.009004 1 
7224 0.009593 1 
7225 0.009903 1 
7226 0.006895 1 
7227 0.017372 1 
7228 0.013969 1 
7230 0.013722 1 
7232 0.028671 1 
7233 0.017776 1 
7234 0.015155 1 
7235 0.012151 1 
7236 0.009870 1 
7237 0.007037 1 
7238 0.006155 1 
7240 0.014157 1 
7241 0.013546 1 
7242 0.007212 1 
7243 0.013072 1 
7244 0.010144 1 
7245 0.010233 1 
7246 0.012809 1 
7247 0.006824 1 
7248 0.009959 1 
7249 0.015105 1 
7250 0.014895 1 
7251 0.015996 1 
7252 0.011215 1 
7253 0.015630 1 
7254 0.007805 1 
7256 0.024911 1 
7257 0.017791 1 
7258 0.010927 1 
7259 0.011249 1 
7260 0.010585 1 
7261 0.007911 1 
7262 0.024892 1 
7263 0.016379 1 
7264 0.014894 1 
7265 0.009197 1 
7267 0.013938 1 
7269 0.012542 1 
7270 0.007680 1 
7271 0.009467 1 
7272 0.009228 1 
7273 0.019617 1 
7274 0.012978 1 
7275 0.022763 1 
7277 0.010966 1 
7278 0.007989 1 
7279 0.008018 1 
7280 0.016497 1 
7282 0.015135 1 
7284 0.026849 1 
7285 0.016179 1 
7286 0.009855 1 
7288 0.018306 1 
7289 0.013643 1 
7290 0.011700 1 
7292 0.009618 1 
7293 0.008060 1 
7294 0.008698 1 
7295 0.010330 1 
7296 0.010460 1 
7297 0.010318 1 
7298 0.020252 1 
7299 0.016458 1 
7300 0.013316 1 
7301 0.012517 1 
7302 0.008491 1 
7303 0.009557 1 
7304 0.009070 1 
7305 0.012814 1 
7306 0.016155 1 
7307 0.010140 1 
7308 0.007565 1 
7309 0.008143 1 
7311 0.021350 1 
7312 0.011064 1 
7313 0.015735 1 
7314 0.017784 1 
7315 0.014510 1 
7316 0.017474 1 
7317 0.014713 1 
7319 0.013284 1 
7320 0.014599 1 
7321 0.016388 1 
7322 0.009066 1 
7323 0.021755 1 
7324 0.019010 1 
7325 0.027314 1 
7326 0.011153 1 
7327 0.011624 1 
7330 0.194914 1 
7332 0.163981 1 
7341 0.026784 1 
7342 0.010298 1 
7343 0.015506 1 
7345 0.009955 1 
7346 0.008509 1 
7347 0.029573 1 
7348 0.016684 1 
7350 0.014522 1 
7351 0.013510 1 
7352 0.016208 1 
7353 0.008548 1 
7354 0.014615 1 
7355 0.010731 1 
7357 0.013769 1 
7358 0.013990 1 
7359 0.012460 1 
7360 0.014536 1 
7361 0.010494 1 
7362 0.008513 1 
7363 0.010800 1 
7364 0.014217 1 
7365 0.013594 1 
7367 0.011974 1 
7368 0.011368 1 
7369 0.011743 1 
7370 0.014402 1 
7371 0.011348 1 
7372 0.018204 1 
7373 0.008941 1 
7374 0.014265 1 
7375 0.016268 1 
7376 0.016828 1 
7377 0.007574 1 
7378 0.011701 1 
7379 0.010681 1 
7380 0.012647 1 
7381 0.008174 1 
7382 0.015954 1 
7383 0.019079 1 
7384 0.015435 1 
7385 0.017525 1 
7386 0.008533 1 
7387 0.016082 1 
7388 0.009010 1 
7389 0.007048 1 
7390 0.013057 1 
7391 0.008617 1 
7392 0.011410 1 
7394 0.013376 1 
7395 0.012941 1 
7396 0.009923 1 
7397 0.014718 1 
7398 0.008974 1 
7399 0.010814 1 
7400 0.016001 1 
7401 0.009461 1 
7403 0.025107 1 
7404 0.015303 1 
7405 0.008821 1 
7406 0.013095 1 
7408 0.007255 1 
7410 0.029069 1 
7411 0.042242 1 
7412 0.045925 1 
7413 0.030012 1 
7416 0.010376 1 
7417 0.010398 1 
7418 0.013666 1 
7419 0.043970 1 
7420 0.043877 1 
7421 0.026193 1 
7422 0.010715 1 
7423 0.013176 1 
7424 0.009522 1 
7425 0.016726 1 
7426 0.013065 1 
7427 0.011398 1 
7429 0.013840 1 
7431 0.024436 1 
7432 0.008648 1 
7433 0.018665 1 
7434 0.015352 1 
7435 0.012102 1 
7436 0.007254 1 
7437 0.018368 1 
7439 0.018832 1 
7440 0.014938 1 
7441 0.021827 1 
7442 0.014429 1 
7443 0.012980 1 
7444 0.018906 1 
7445 0.012777 1 
7446 0.007020 1 
7447 0.013022 1 
7448 0.016013 1 
7449 0.011873 1 
7450 0.027692 1 
7451 0.014375 1 
7452 0.008848 1 
7453 0.012734 1 
7455 0.019290 1 
7456 0.021076 1 
7457 0.015480 1 
7458 0.013713 1 
7459 0.144205 1 
7461 0.166225 1 
7462 0.149990 1 
7463 0.161331 1 
7464 0.145274 1 
7468 0.084511 1 
7470 0.084657 1 
7471 0.068373 1 
7472 0.055630 1 
7473 0.183412 1 
7474 0.167402 1 
7478 0.168462 1 
7479 0.150438 1 
7487 0.046730 1 
7488 0.168859 1 
7489 0.148975 1 
7492 0.176217 1 
7493 0.160349 1 
7494 0.144181 1 
7495 0.128148 1 
7496 0.111857 1 
7497 0.107490 1 
7500 0.058679 1 
7501 0.038014 1 
7502 0.025797 1 
7503 0.019457 1 
7504 0.011896 1 
7505 0.020083 1 
7506 0.020138 1 
7507 0.021169 1 
7508 0.011800 1 
7510 0.023893 1 
7511 0.012825 1 
7512 0.144176 1 
7514 0.137867 1 
7515 0.121654 1 
7516 0.125979 1 
7518 0.093623 1 
7519 0.077592 1 
7520 0.074184 1 
7521 0.058473 1 
7522 0.054222 1 
7523 0.037284 1 
7524 0.023631 1 
7525 0.013116 1 
7526 0.014340 1 
7527 0.011204 1 
7528 0.014322 1 
7529 0.014598 1 
7531 0.009982 1 
7532 0.014301 1 
7533 0.013792 1 
7534 0.027395 1 
7535 0.013139 1 
7539 0.236906 1 
7540 0.220452 1 
7541 0.203279 1 
7551 0.041567 1 
7552 0.021482 1 
7553 0.025816 1 
7554 0.015228 1 
7556 0.012188 1 
7557 0.021379 1 
7558 0.026018 1 
7559 0.015324 1 
7560 0.020131 1 
7561 0.013468 1 
7562 0.023729 1 
7563 0.008172 1 
7564 0.016903 1 
7566 0.015489 1 
7567 0.014720 1 
7568 0.014509 1 
7569 0.019623 1 
7570 0.015772 1 
7571 0.020822 1 
7572 0.012767 1 
7573 0.008339 1 
7574 0.016859 1 
7575 0.010854 1 
7576 0.141268 1 
7578 0.200828 1 
7579 0.186177 1 
7580 0.162831 1 
7581 0.146814 1 
7582 0.159788 1 
7583 0.143776 1 
7584 0.124335 1 
7585 0.104543 1 
7589 0.039402 1 
7590 0.034739 1 
7591 0.030439 1 
7593 0.024983 1 
7594 0.021756 1 
7595 0.014162 1 
7596 0.011468 1 
7597 0.010598 1 
7598 0.011709 1 
7599 0.014175 1 
7600 0.016779 1 
7602 0.026470 1 
7603 0.012571 1 
7604 0.007932 1 
7605 0.007290 1 
7607 0.010946 1 
7609 0.016703 1 
7610 0.033172 1 
7611 0.026121 1 
7612 0.019895 1 
7615 0.010041 1 
7616 0.007389 1 
7617 0.021352 1 
7618 0.057759 1 
7619 0.041427 1 
7620 0.028057 1 
7621 0.023076 1 
7622 0.012749 1 
7623 0.140915 1 
7624 0.165696 1 
7625 0.149789 1 
7626 0.133699 1 
7628 0.136094 1 
7630 0.120696 1 
7631 0.104751 1 
7632 0.097091 1 
7633 0.078957 1 
7634 0.062671 1 
7635 0.042970 1 
7636 0.026942 1 
7638 0.012971 1 
7639 0.037750 1 
7640 0.021592 1 
7641 0.012175 1 
7642 0.011450 1 
7643 0.011571 1 
7644 0.013437 1 
7645 0.008878 1 
7646 0.018683 1 
7647 0.014829 1 
7650 0.167707 1 
7651 0.148442 1 
7652 0.132015 1 
7654 0.108240 1 
7655 0.099694 1 
7656 0.086826 1 
7659 0.037694 1 
7660 0.022025 1 
7661 0.008477 1 
