2024-09-03 16:32:59
../stream-replay/logs/rtt-6208@128.txt
1 0.262483 0 
2 0.246315 0 
4 0.260205 0 
5 0.243310 0 
6 0.226881 0 
7 0.264723 0 
8 0.248544 0 
9 0.232185 0 
10 0.216117 0 
11 0.238920 0 
12 0.236121 0 
13 0.216297 0 
14 0.196295 0 
15 0.179980 0 
16 0.317698 0 
17 0.301240 0 
18 0.285464 0 
19 0.268149 0 
20 0.252157 0 
21 0.233791 0 
22 0.231237 0 
23 0.208125 0 
24 0.187581 0 
25 0.182114 0 
26 0.165497 0 
27 0.149343 0 
28 0.133100 0 
29 0.177962 0 
31 0.144564 0 
32 0.126671 0 
33 0.106342 0 
34 0.090164 0 
35 0.071102 0 
36 0.050928 0 
37 0.030964 0 
38 0.048086 0 
41 0.005304 1 
40 0.036263 0 
41 0.019323 0 
42 0.036049 0 
47 0.005664 1 
48 0.009112 1 
43 0.104236 0 
45 0.071527 0 
47 0.037980 0 
49 0.007841 1 
50 0.006127 1 
48 0.062137 0 
49 0.045327 0 
50 0.034966 0 
53 0.005789 1 
54 0.005220 1 
53 0.060866 0 
54 0.044352 0 
55 0.028700 0 
55 0.035624 1 
56 0.019403 1 
57 0.012327 1 
56 0.034636 0 
57 0.018364 0 
58 0.007510 1 
59 0.006954 1 
58 0.024299 0 
60 0.006301 1 
61 0.006017 1 
62 0.005963 1 
63 0.013272 1 
60 0.074323 0 
61 0.053886 0 
64 0.011180 1 
62 0.067716 0 
63 0.051580 0 
66 0.005373 1 
64 0.049538 0 
68 0.009102 1 
66 0.056307 0 
69 0.007388 1 
70 0.005917 1 
68 0.054152 0 
69 0.037678 0 
71 0.005365 1 
72 0.005951 1 
70 0.045124 0 
71 0.029166 0 
72 0.012861 0 
73 0.005540 1 
74 0.008302 1 
73 0.027595 0 
76 0.008504 1 
74 0.063652 0 
76 0.021576 0 
77 0.006881 1 
78 0.006173 1 
77 0.032359 0 
78 0.016260 0 
79 0.005124 1 
80 0.004798 1 
79 0.031657 0 
81 0.009982 1 
80 0.038543 0 
81 0.022037 0 
82 0.005855 1 
83 0.007370 1 
84 0.006028 1 
82 0.056524 0 
83 0.040231 0 
85 0.010113 1 
84 0.032659 0 
85 0.015797 0 
86 0.006491 1 
87 0.006524 1 
88 0.033387 1 
89 0.008903 1 
90 0.005388 1 
87 0.090463 0 
88 0.074417 0 
89 0.049849 0 
90 0.033727 0 
92 0.009143 1 
93 0.005376 1 
94 0.009845 1 
95 0.005714 1 
96 0.007308 1 
97 0.007066 1 
92 0.106610 0 
98 0.006679 1 
93 0.103403 0 
94 0.086883 0 
95 0.068104 0 
96 0.051880 0 
99 0.007869 1 
100 0.006917 1 
97 0.070334 0 
98 0.053798 0 
99 0.037412 0 
101 0.005276 1 
103 0.006760 1 
100 0.065297 0 
101 0.047412 0 
103 0.015132 0 
105 0.005452 1 
106 0.004911 1 
107 0.009799 1 
108 0.005056 1 
105 0.064114 0 
106 0.047755 0 
107 0.031062 0 
109 0.005590 1 
110 0.008141 1 
111 0.006823 1 
113 0.008453 1 
114 0.006269 1 
115 0.006143 1 
116 0.010111 1 
108 0.141917 0 
109 0.125647 0 
110 0.108699 0 
111 0.092909 0 
113 0.073383 0 
114 0.057301 0 
115 0.041198 0 
116 0.025155 0 
118 0.006474 1 
120 0.008862 1 
121 0.009052 1 
122 0.010981 1 
124 0.008230 1 
118 0.125256 0 
125 0.006414 1 
126 0.009536 1 
120 0.118057 0 
121 0.094769 0 
122 0.078281 0 
124 0.045260 0 
125 0.051889 0 
126 0.035426 0 
128 0.006137 1 
129 0.006270 1 
130 0.006238 1 
128 0.055663 0 
131 0.004875 1 
129 0.042348 0 
132 0.005604 1 
130 0.049720 0 
131 0.030828 0 
133 0.006308 1 
134 0.006356 1 
135 0.008031 1 
136 0.010317 1 
137 0.007752 1 
132 0.093303 0 
133 0.077409 0 
134 0.060199 0 
135 0.044075 0 
136 0.028055 0 
138 0.005666 1 
139 0.005481 1 
137 0.050270 0 
138 0.033039 0 
139 0.016874 0 
140 0.005934 1 
141 0.009399 1 
140 0.030053 0 
141 0.013940 0 
142 0.005870 1 
142 0.013370 0 
143 0.007180 1 
144 0.006521 1 
143 0.036538 0 
145 0.010909 1 
147 0.006808 1 
148 0.005486 1 
149 0.005402 1 
150 0.011929 1 
151 0.017122 1 
144 0.150576 0 
145 0.133555 0 
147 0.101086 0 
152 0.010463 1 
148 0.084706 0 
149 0.068189 0 
153 0.005587 1 
150 0.084932 0 
151 0.060910 0 
152 0.044706 0 
153 0.033128 0 
155 0.008234 1 
156 0.008738 1 
157 0.006040 1 
158 0.008096 1 
155 0.061075 0 
156 0.044698 0 
157 0.028563 0 
159 0.006808 1 
160 0.005749 1 
158 0.056144 0 
159 0.039787 0 
160 0.023513 0 
161 0.004954 1 
161 0.012886 0 
162 0.004941 1 
162 0.024603 0 
163 0.009927 1 
163 0.020446 0 
164 0.006734 1 
165 0.009222 1 
166 0.005812 1 
164 0.072404 0 
165 0.056146 0 
166 0.036794 0 
168 0.006454 1 
169 0.012349 1 
170 0.008302 1 
168 0.054422 0 
171 0.005071 1 
169 0.051687 0 
170 0.035565 0 
172 0.008641 1 
173 0.009278 1 
171 0.054223 0 
174 0.006665 1 
176 0.006978 1 
172 0.088123 0 
173 0.072130 0 
174 0.055562 0 
177 0.008040 1 
178 0.009392 1 
176 0.048831 0 
179 0.007126 1 
181 0.009004 1 
177 0.084625 0 
178 0.068266 0 
182 0.005791 1 
183 0.007702 1 
184 0.005984 1 
179 0.110654 0 
181 0.078234 0 
182 0.061795 0 
183 0.045839 0 
184 0.029664 0 
186 0.008798 1 
187 0.009819 1 
188 0.005701 1 
186 0.044879 0 
187 0.029004 0 
189 0.008915 1 
190 0.006245 1 
191 0.006316 1 
193 0.008457 1 
188 0.097596 0 
189 0.088885 0 
190 0.071177 0 
191 0.055130 0 
193 0.024400 0 
194 0.011942 1 
195 0.008862 1 
196 0.006355 1 
197 0.005411 1 
198 0.006705 1 
194 0.072977 0 
195 0.056836 0 
196 0.040363 0 
197 0.024140 0 
198 0.007833 0 
199 0.010077 1 
200 0.005445 1 
201 0.010318 1 
200 0.038990 0 
201 0.022697 0 
203 0.016096 1 
204 0.011428 1 
205 0.017478 1 
203 0.055150 0 
204 0.039633 0 
205 0.023876 0 
206 0.007745 0 
206 0.008346 1 
207 0.006735 1 
207 0.014819 0 
208 0.005294 1 
208 0.017438 0 
209 0.008150 1 
210 0.006300 1 
211 0.010090 1 
212 0.006865 1 
213 0.007378 1 
209 0.083134 0 
210 0.066316 0 
211 0.050342 0 
212 0.034095 0 
214 0.005472 1 
215 0.010239 1 
216 0.004622 1 
217 0.005122 1 
218 0.005663 1 
213 0.101460 0 
214 0.085377 0 
219 0.006637 1 
215 0.083643 0 
216 0.066898 0 
220 0.008742 1 
217 0.072400 0 
218 0.056152 0 
221 0.007361 1 
219 0.039977 0 
220 0.023805 0 
222 0.004871 1 
221 0.034566 0 
222 0.018460 0 
223 0.006826 1 
224 0.006941 1 
223 0.038993 0 
224 0.020135 0 
225 0.008062 1 
226 0.005867 1 
227 0.005563 1 
225 0.053054 0 
226 0.037095 0 
227 0.021281 0 
228 0.005814 1 
230 0.007251 1 
231 0.012510 1 
232 0.011272 1 
233 0.009485 1 
230 0.067650 0 
231 0.051611 0 
232 0.035751 0 
234 0.007588 1 
233 0.039610 0 
234 0.023627 0 
235 0.007995 1 
236 0.008680 1 
235 0.032866 0 
236 0.016802 0 
237 0.005503 1 
239 0.011672 1 
240 0.005428 1 
237 0.065348 0 
239 0.038498 0 
241 0.004550 1 
244 0.006316 1 
240 0.093134 0 
241 0.077308 0 
242 0.057198 0 
244 0.024746 0 
246 0.014053 1 
247 0.041482 1 
248 0.053695 1 
246 0.090285 0 
249 0.042555 1 
248 0.082211 0 
249 0.065571 0 
252 0.009448 1 
253 0.007951 1 
254 0.007114 1 
255 0.022611 1 
256 0.006559 1 
257 0.008059 1 
258 0.006618 1 
259 0.008341 1 
260 0.014389 1 
261 0.011246 1 
252 0.164106 0 
253 0.147923 0 
254 0.132052 0 
255 0.116234 0 
256 0.100203 0 
262 0.008085 1 
257 0.108280 0 
258 0.089072 0 
259 0.072666 0 
260 0.055693 0 
261 0.039617 0 
262 0.017066 0 
263 0.006289 1 
263 0.021769 0 
265 0.010132 1 
267 0.011165 1 
268 0.010077 1 
269 0.006824 1 
265 0.076939 0 
267 0.044730 0 
268 0.026390 0 
269 0.010598 0 
270 0.008891 1 
271 0.009050 1 
272 0.007347 1 
273 0.007951 1 
275 0.018843 1 
276 0.008847 1 
271 0.096244 0 
272 0.076959 0 
273 0.060196 0 
277 0.008527 1 
278 0.007849 1 
275 0.062981 0 
276 0.047057 0 
277 0.031646 0 
279 0.010483 1 
280 0.008039 1 
279 0.030267 0 
281 0.008342 1 
282 0.008658 1 
280 0.055291 0 
281 0.038101 0 
283 0.008276 1 
283 0.024029 0 
284 0.007738 1 
285 0.005311 1 
286 0.007070 1 
287 0.014062 1 
288 0.011127 1 
289 0.007276 1 
284 0.115642 0 
285 0.098763 0 
286 0.082747 0 
287 0.066683 0 
288 0.045934 0 
291 0.012728 1 
289 0.054670 0 
291 0.021939 0 
292 0.014745 1 
293 0.008833 1 
294 0.005772 1 
295 0.007289 1 
296 0.008022 1 
297 0.011155 1 
298 0.007561 1 
299 0.005331 1 
300 0.012766 1 
292 0.167856 0 
293 0.151318 0 
294 0.135033 0 
295 0.118780 0 
296 0.099490 0 
297 0.083405 0 
298 0.066481 0 
299 0.048130 0 
300 0.030815 0 
302 0.011036 1 
304 0.009598 1 
305 0.007878 1 
306 0.012287 1 
302 0.086044 0 
304 0.053248 0 
305 0.037193 0 
306 0.021353 0 
307 0.011558 1 
308 0.013644 1 
309 0.008718 1 
310 0.009939 1 
312 0.008722 1 
313 0.008979 1 
314 0.010421 1 
315 0.007382 1 
307 0.145325 0 
308 0.129194 0 
309 0.109047 0 
310 0.092738 0 
312 0.059667 0 
313 0.043940 0 
314 0.043956 0 
315 0.027452 0 
317 0.009318 1 
319 0.022900 1 
320 0.012154 1 
317 0.066204 0 
319 0.033146 0 
321 0.007055 1 
320 0.034119 0 
323 0.018964 1 
324 0.023327 1 
325 0.012208 1 
323 0.067582 0 
324 0.050372 0 
325 0.033446 0 
327 0.007133 1 
328 0.008179 1 
329 0.010532 1 
330 0.007721 1 
331 0.009312 1 
332 0.008059 1 
333 0.010893 1 
334 0.008593 1 
335 0.006349 1 
327 0.144589 0 
328 0.128359 0 
329 0.112295 0 
336 0.006546 1 
337 0.005642 1 
338 0.024295 1 
339 0.012146 1 
330 0.166671 0 
331 0.149123 0 
332 0.132691 0 
333 0.114801 0 
334 0.098177 0 
335 0.082219 0 
336 0.065691 0 
340 0.012427 1 
337 0.063657 0 
338 0.047769 0 
339 0.031286 0 
341 0.016673 1 
342 0.015817 1 
343 0.010597 1 
344 0.010883 1 
346 0.012895 1 
341 0.102843 0 
342 0.086783 0 
343 0.070426 0 
344 0.054100 0 
347 0.011255 1 
348 0.005944 1 
349 0.013708 1 
350 0.020072 1 
351 0.011825 1 
352 0.016187 1 
354 0.015522 1 
355 0.006831 1 
356 0.006599 1 
346 0.175847 0 
347 0.155128 0 
348 0.139273 0 
349 0.123194 0 
350 0.106858 0 
351 0.091578 0 
357 0.005108 1 
358 0.009451 1 
359 0.006839 1 
360 0.007354 1 
361 0.010781 1 
362 0.011785 1 
363 0.009930 1 
364 0.010914 1 
365 0.009211 1 
367 0.013899 1 
354 0.238744 0 
355 0.222228 0 
356 0.205830 0 
357 0.189538 0 
358 0.173588 0 
359 0.157220 0 
360 0.142165 0 
361 0.125763 0 
362 0.114704 0 
363 0.098463 0 
364 0.082381 0 
365 0.065981 0 
367 0.033595 0 
368 0.016812 0 
368 0.017066 1 
369 0.019749 1 
370 0.016256 1 
371 0.013744 1 
372 0.021859 1 
373 0.010070 1 
369 0.108464 0 
370 0.091686 0 
371 0.075723 0 
372 0.059463 0 
373 0.043164 0 
375 0.015765 1 
375 0.027610 0 
376 0.010761 0 
376 0.012610 1 
377 0.014709 1 
378 0.013692 1 
380 0.011949 1 
377 0.065928 0 
378 0.049389 0 
381 0.006758 1 
382 0.009869 1 
383 0.018151 1 
381 0.054186 0 
382 0.037918 0 
385 0.010526 1 
386 0.017466 1 
387 0.012437 1 
385 0.049905 0 
386 0.033858 0 
388 0.016250 1 
389 0.011440 1 
388 0.039116 0 
389 0.023116 0 
390 0.008215 1 
392 0.010888 1 
390 0.050126 0 
393 0.011533 1 
394 0.010794 1 
395 0.010207 1 
396 0.008568 1 
397 0.010478 1 
392 0.100298 0 
393 0.084292 0 
394 0.067482 0 
395 0.051499 0 
396 0.035490 0 
398 0.007849 1 
399 0.014563 1 
400 0.011279 1 
398 0.055338 0 
399 0.038618 0 
400 0.022094 0 
402 0.011036 1 
403 0.009002 1 
402 0.029070 0 
404 0.006363 1 
405 0.007797 1 
403 0.054645 0 
404 0.038520 0 
405 0.022354 0 
406 0.015137 1 
407 0.010615 1 
408 0.010950 1 
409 0.009058 1 
410 0.016941 1 
411 0.011006 1 
406 0.094576 0 
407 0.078247 0 
408 0.061320 0 
409 0.045117 0 
412 0.009378 1 
411 0.030120 0 
412 0.029206 0 
413 0.012770 0 
413 0.012887 1 
414 0.021043 1 
415 0.009537 1 
416 0.007688 1 
417 0.008486 1 
414 0.071814 0 
415 0.056034 0 
418 0.014883 1 
419 0.015180 1 
420 0.007962 1 
417 0.066191 0 
418 0.050117 0 
421 0.006165 1 
422 0.006613 1 
423 0.011928 1 
420 0.065629 0 
421 0.049966 0 
422 0.033095 0 
424 0.007398 1 
425 0.009776 1 
426 0.009282 1 
423 0.062908 0 
424 0.046683 0 
425 0.030307 0 
427 0.005879 1 
429 0.009465 1 
430 0.020143 1 
431 0.029104 1 
432 0.027318 1 
426 0.132500 0 
427 0.116477 0 
429 0.085449 0 
430 0.069556 0 
431 0.053049 0 
433 0.020984 1 
434 0.007540 1 
432 0.048918 0 
433 0.032989 0 
435 0.021788 1 
435 0.028156 0 
436 0.011857 0 
436 0.018909 1 
438 0.022411 1 
439 0.008954 1 
438 0.040056 0 
439 0.023709 0 
440 0.007351 0 
441 0.040142 0 
443 0.004948 1 
445 0.022820 1 
446 0.026380 1 
443 0.091879 0 
445 0.059308 0 
447 0.025119 1 
448 0.014149 1 
451 0.017815 1 
447 0.084003 0 
448 0.069240 0 
451 0.029505 0 
452 0.013213 0 
452 0.014468 1 
453 0.010666 1 
453 0.022642 0 
454 0.044941 0 
455 0.028801 0 
454 0.045225 1 
456 0.024316 0 
455 0.041593 1 
456 0.025511 1 
457 0.009317 1 
457 0.018590 0 
458 0.020053 1 
458 0.028124 0 
459 0.012046 0 
459 0.018122 1 
460 0.014677 1 
461 0.012433 1 
462 0.015576 1 
464 0.015134 1 
466 0.019213 1 
467 0.019603 1 
468 0.021461 1 
469 0.010650 1 
460 0.162861 0 
461 0.146540 0 
462 0.130751 0 
464 0.097653 0 
466 0.065452 0 
467 0.048854 0 
468 0.033237 0 
470 0.014088 1 
471 0.009179 1 
470 0.038656 0 
471 0.028371 0 
472 0.012019 0 
472 0.016929 1 
474 0.033032 1 
475 0.034835 1 
474 0.067189 0 
475 0.050958 0 
476 0.034255 0 
477 0.017317 0 
476 0.038797 1 
477 0.021929 1 
478 0.013224 1 
479 0.012551 1 
480 0.019980 1 
481 0.014692 1 
478 0.072891 0 
479 0.056438 0 
480 0.040334 0 
481 0.023576 0 
482 0.014430 1 
482 0.016311 0 
483 0.016431 1 
483 0.022630 0 
484 0.013545 1 
485 0.012980 1 
485 0.025901 0 
486 0.016455 1 
487 0.011337 1 
486 0.032306 0 
488 0.014199 1 
488 0.069084 0 
490 0.033530 0 
491 0.013515 0 
490 0.043018 1 
492 0.012294 0 
491 0.036747 1 
492 0.028232 1 
493 0.017912 1 
494 0.007624 1 
493 0.036130 0 
495 0.012791 1 
496 0.010039 1 
497 0.011661 1 
498 0.011544 1 
496 0.052496 0 
497 0.036573 0 
498 0.020461 0 
499 0.007995 1 
501 0.012746 0 
501 0.016763 1 
503 0.026626 1 
504 0.010908 1 
503 0.030979 0 
505 0.010456 1 
506 0.016813 1 
507 0.016813 1 
508 0.016343 1 
509 0.015070 1 
511 0.026586 1 
512 0.010814 1 
513 0.009863 1 
514 0.013412 1 
516 0.019389 1 
518 0.012421 1 
519 0.010473 1 
520 0.008249 1 
522 0.024115 1 
523 0.024799 1 
524 0.025793 1 
526 0.014265 1 
527 0.010894 1 
528 0.014056 1 
529 0.005181 1 
530 0.015735 1 
531 0.014508 1 
532 0.022875 1 
533 0.023777 1 
534 0.017497 1 
535 0.022841 1 
536 0.010263 1 
537 0.010825 1 
538 0.010101 1 
539 0.016177 1 
540 0.010912 1 
541 0.014847 1 
542 0.013025 1 
543 0.015067 1 
545 0.018265 1 
546 0.009595 1 
547 0.014940 1 
548 0.013617 1 
549 0.007286 1 
550 0.016954 1 
551 0.014638 1 
553 0.019267 1 
554 0.014604 1 
555 0.017425 1 
556 0.015463 1 
557 0.006845 1 
558 0.014854 1 
559 0.020365 1 
560 0.023010 1 
561 0.010433 1 
562 0.008746 1 
563 0.010146 1 
564 0.014806 1 
566 0.014240 1 
567 0.009652 1 
568 0.013533 1 
569 0.026414 1 
570 0.026011 1 
571 0.015585 1 
572 0.017677 1 
574 0.008636 1 
575 0.027288 1 
576 0.025945 1 
577 0.018933 1 
579 0.012734 1 
580 0.013664 1 
581 0.011759 1 
582 0.008575 1 
584 0.025638 1 
585 0.020326 1 
586 0.014615 1 
587 0.015685 1 
588 0.013222 1 
589 0.010959 1 
591 0.016086 1 
592 0.023634 1 
593 0.022580 1 
594 0.017648 1 
595 0.012165 1 
596 0.015726 1 
597 0.016356 1 
598 0.015212 1 
599 0.014059 1 
601 0.024448 1 
602 0.022568 1 
603 0.017668 1 
604 0.012442 1 
605 0.012220 1 
606 0.015517 1 
607 0.006382 1 
608 0.013566 1 
609 0.013577 1 
610 0.020270 1 
611 0.025718 1 
612 0.045484 1 
613 0.029288 1 
614 0.018490 1 
615 0.014355 1 
616 0.010604 1 
617 0.018363 1 
618 0.014130 1 
619 0.011008 1 
620 0.032794 1 
621 0.016135 1 
622 0.009372 1 
623 0.012181 1 
624 0.010407 1 
625 0.006898 1 
626 0.007292 1 
628 0.010225 1 
629 0.039762 1 
630 0.028708 1 
631 0.024436 1 
632 0.011332 1 
633 0.016423 1 
634 0.015302 1 
635 0.015570 1 
637 0.023275 1 
638 0.026528 1 
639 0.017447 1 
640 0.009311 1 
642 0.005279 1 
644 0.013032 1 
645 0.023818 1 
646 0.036402 1 
647 0.028386 1 
650 0.015854 1 
651 0.023814 1 
652 0.025416 1 
653 0.031682 1 
654 0.010756 1 
655 0.009608 1 
656 0.017025 1 
657 0.044081 1 
658 0.028041 1 
659 0.016359 1 
660 0.016732 1 
661 0.008893 1 
663 0.011882 1 
665 0.013070 1 
666 0.013407 1 
667 0.012727 1 
668 0.010698 1 
669 0.015739 1 
670 0.016303 1 
671 0.007935 1 
673 0.028372 1 
674 0.056430 1 
675 0.039377 1 
676 0.023136 1 
677 0.014624 1 
678 0.013810 1 
679 0.012621 1 
680 0.011328 1 
681 0.014031 1 
682 0.010870 1 
683 0.023474 1 
684 0.009517 1 
685 0.010435 1 
686 0.011220 1 
687 0.012671 1 
689 0.019070 1 
690 0.043541 1 
691 0.027577 1 
692 0.031555 1 
693 0.021195 1 
694 0.016567 1 
695 0.009418 1 
696 0.006857 1 
697 0.009949 1 
698 0.010695 1 
700 0.023424 1 
702 0.008644 1 
703 0.018045 1 
704 0.022021 1 
705 0.024040 1 
706 0.016792 1 
707 0.012561 1 
708 0.018256 1 
710 0.015913 1 
711 0.014451 1 
712 0.024652 1 
713 0.015258 1 
715 0.016418 1 
717 0.019003 1 
718 0.011661 1 
719 0.019298 1 
721 0.012558 1 
722 0.012388 1 
723 0.025557 1 
725 0.022736 1 
726 0.013709 1 
727 0.010959 1 
728 0.007269 1 
729 0.021006 1 
730 0.024348 1 
731 0.018388 1 
732 0.009957 1 
733 0.014022 1 
734 0.024323 1 
735 0.013162 1 
736 0.012497 1 
737 0.016984 1 
738 0.013372 1 
739 0.017599 1 
740 0.017464 1 
741 0.027402 1 
742 0.011093 1 
744 0.008893 1 
745 0.009446 1 
746 0.029977 1 
747 0.035303 1 
748 0.019526 1 
749 0.020130 1 
750 0.015540 1 
752 0.011763 1 
753 0.016549 1 
754 0.017515 1 
755 0.023159 1 
756 0.014630 1 
757 0.016452 1 
758 0.015767 1 
759 0.017370 1 
760 0.011015 1 
761 0.008336 1 
762 0.011521 1 
763 0.025072 1 
765 0.023694 1 
766 0.017282 1 
767 0.008253 1 
768 0.012010 1 
769 0.020080 1 
770 0.015268 1 
771 0.021811 1 
773 0.010271 1 
774 0.025509 1 
775 0.020075 1 
776 0.019321 1 
778 0.018828 1 
779 0.021599 1 
780 0.021677 1 
781 0.011646 1 
783 0.011619 1 
784 0.017428 1 
785 0.020441 1 
786 0.012106 1 
787 0.022083 1 
788 0.023568 1 
790 0.016330 1 
791 0.013630 1 
792 0.012860 1 
793 0.010531 1 
794 0.010279 1 
795 0.012553 1 
796 0.023618 1 
797 0.013783 1 
798 0.017984 1 
800 0.021981 1 
801 0.013198 1 
802 0.019055 1 
803 0.008015 1 
804 0.008896 1 
805 0.022014 1 
806 0.018484 1 
807 0.014863 1 
808 0.017748 1 
809 0.015198 1 
810 0.013835 1 
811 0.012472 1 
812 0.013098 1 
813 0.030615 1 
814 0.020792 1 
815 0.015529 1 
816 0.011741 1 
817 0.008922 1 
818 0.022903 1 
819 0.008680 1 
820 0.017669 1 
821 0.044887 1 
822 0.033974 1 
823 0.032697 1 
824 0.037056 1 
825 0.019979 1 
827 0.015005 1 
828 0.026063 1 
829 0.009926 1 
830 0.024034 1 
831 0.022240 1 
832 0.013726 1 
833 0.019503 1 
834 0.018802 1 
836 0.038014 1 
837 0.022326 1 
838 0.007926 1 
839 0.011128 1 
841 0.014205 1 
843 0.027230 1 
844 0.033250 1 
845 0.030098 1 
846 0.027475 1 
849 0.030478 1 
850 0.052187 1 
851 0.053302 1 
852 0.053201 1 
853 0.036726 1 
854 0.043196 1 
855 0.027046 1 
856 0.013388 1 
857 0.008536 1 
858 0.007828 1 
859 0.017446 1 
860 0.012181 1 
862 0.016867 1 
864 0.016516 1 
865 0.023078 1 
866 0.015831 1 
867 0.041939 1 
868 0.021783 1 
869 0.011982 1 
870 0.007697 1 
872 0.017950 1 
873 0.011993 1 
874 0.025986 1 
875 0.011534 1 
876 0.009171 1 
877 0.013336 1 
878 0.013392 1 
879 0.013318 1 
880 0.014451 1 
881 0.015638 1 
882 0.014538 1 
883 0.014599 1 
884 0.010815 1 
885 0.008569 1 
886 0.036347 1 
888 0.020653 1 
889 0.025019 1 
890 0.009283 1 
891 0.022512 1 
892 0.011559 1 
893 0.027859 1 
894 0.029018 1 
895 0.022040 1 
896 0.009976 1 
897 0.014371 1 
899 0.021431 1 
901 0.009272 1 
902 0.014760 1 
903 0.008684 1 
904 0.015226 1 
905 0.020961 1 
906 0.025828 1 
907 0.023321 1 
909 0.029608 1 
910 0.022145 1 
911 0.022472 1 
912 0.014120 1 
914 0.024067 1 
916 0.024525 1 
917 0.011054 1 
918 0.006041 1 
920 0.017464 1 
921 0.010746 1 
922 0.023512 1 
924 0.012356 1 
925 0.016221 1 
926 0.011904 1 
927 0.015062 1 
928 0.013916 1 
929 0.020522 1 
930 0.016116 1 
931 0.014378 1 
932 0.021251 1 
933 0.010851 1 
934 0.021848 1 
935 0.012009 1 
936 0.020234 1 
937 0.016130 1 
938 0.016366 1 
939 0.014371 1 
940 0.033729 1 
941 0.017592 1 
943 0.040734 1 
944 0.023368 1 
945 0.015268 1 
946 0.021724 1 
947 0.011581 1 
948 0.030360 1 
949 0.018594 1 
951 0.021170 1 
952 0.019630 1 
953 0.027835 1 
954 0.022777 1 
955 0.012937 1 
956 0.013889 1 
957 0.013178 1 
958 0.016537 1 
959 0.019361 1 
960 0.029146 1 
961 0.015316 1 
962 0.014319 1 
964 0.032218 1 
965 0.019590 1 
966 0.022647 1 
967 0.024072 1 
968 0.016083 1 
969 0.013270 1 
970 0.014261 1 
972 0.017119 1 
973 0.014781 1 
974 0.016299 1 
975 0.018426 1 
977 0.011043 1 
978 0.013176 1 
979 0.016356 1 
980 0.012340 1 
982 0.012691 1 
983 0.027700 1 
984 0.021226 1 
985 0.017545 1 
986 0.009005 1 
987 0.014821 1 
989 0.016079 1 
990 0.014497 1 
991 0.024470 1 
992 0.021119 1 
993 0.017465 1 
994 0.016967 1 
995 0.017542 1 
996 0.020565 1 
997 0.015579 1 
999 0.018188 1 
1000 0.011988 1 
1001 0.007306 1 
1002 0.036844 1 
1003 0.026043 1 
1004 0.016151 1 
1005 0.015901 1 
1006 0.009700 1 
1007 0.012350 1 
1008 0.014600 1 
1009 0.012695 1 
1010 0.005658 1 
1011 0.022978 1 
1012 0.012114 1 
1013 0.013727 1 
1014 0.017676 1 
1015 0.010043 1 
1016 0.009570 1 
1017 0.006980 1 
1018 0.027473 1 
1019 0.052539 1 
1020 0.036283 1 
1021 0.020167 1 
1022 0.006848 1 
1023 0.031539 1 
1024 0.026113 1 
1026 0.013306 1 
1027 0.022685 1 
1028 0.024523 1 
1029 0.014602 1 
1030 0.025269 1 
1031 0.027938 1 
1032 0.014135 1 
1033 0.014281 1 
1035 0.030595 1 
1036 0.012162 1 
1037 0.010328 1 
1038 0.013534 1 
1040 0.012893 1 
1042 0.012462 1 
1043 0.016927 1 
1044 0.018243 1 
1045 0.014715 1 
1048 0.022089 1 
1049 0.033175 1 
1050 0.022217 1 
1051 0.030987 1 
1052 0.017730 1 
1053 0.017297 1 
1054 0.009837 1 
1055 0.013171 1 
1056 0.012468 1 
1057 0.008062 1 
1058 0.007689 1 
1059 0.015379 1 
1061 0.030342 1 
1063 0.032342 1 
1064 0.018267 1 
1065 0.006657 1 
1066 0.009242 1 
1067 0.010556 1 
1068 0.015763 1 
1069 0.016001 1 
1071 0.008855 1 
1072 0.016117 1 
1073 0.015052 1 
1074 0.016367 1 
1075 0.009172 1 
1076 0.005225 1 
1077 0.033817 1 
1078 0.017742 1 
1079 0.014661 1 
1080 0.013367 1 
1081 0.021200 1 
1082 0.014504 1 
1083 0.013781 1 
1084 0.022799 1 
1085 0.025897 1 
1087 0.017375 1 
1088 0.026141 1 
1089 0.020912 1 
1090 0.016709 1 
1091 0.031149 1 
1092 0.021424 1 
1093 0.031480 1 
1094 0.017708 1 
1095 0.012601 1 
1096 0.012138 1 
1098 0.016594 1 
1100 0.010338 1 
1101 0.023632 1 
1102 0.014977 1 
1103 0.035110 1 
1104 0.018949 1 
1105 0.014926 1 
1106 0.013125 1 
1108 0.012695 1 
1109 0.013060 1 
1110 0.016068 1 
1111 0.023012 1 
1113 0.034652 1 
1115 0.028038 1 
1116 0.011796 1 
1117 0.009548 1 
1119 0.015217 1 
1120 0.016810 1 
1121 0.012088 1 
1123 0.019104 1 
1124 0.008085 1 
1125 0.018394 1 
1126 0.015868 1 
1127 0.025942 1 
1128 0.018659 1 
1129 0.019625 1 
1130 0.016487 1 
1131 0.013674 1 
1132 0.010790 1 
1133 0.011745 1 
1134 0.018545 1 
1135 0.024344 1 
1136 0.016832 1 
1137 0.021265 1 
1138 0.014614 1 
1139 0.020434 1 
1140 0.011702 1 
1142 0.013674 1 
1143 0.015781 1 
1144 0.025671 1 
1145 0.021082 1 
1146 0.015208 1 
1147 0.015489 1 
1148 0.010324 1 
1150 0.007596 1 
1151 0.008877 1 
1152 0.008699 1 
1153 0.021499 1 
1154 0.025962 1 
1155 0.014635 1 
1156 0.016099 1 
1157 0.008302 1 
1158 0.016470 1 
1159 0.032751 1 
1160 0.016520 1 
1161 0.021024 1 
1163 0.013332 1 
1164 0.027757 1 
1165 0.017252 1 
1166 0.014926 1 
1167 0.011277 1 
1168 0.011248 1 
1169 0.008297 1 
1171 0.012695 1 
1172 0.016290 1 
1173 0.013665 1 
1174 0.032526 1 
1176 0.016057 1 
1177 0.010607 1 
1178 0.014958 1 
1179 0.022249 1 
1181 0.027258 1 
1182 0.022221 1 
1183 0.011531 1 
1184 0.013571 1 
1185 0.010359 1 
1186 0.010707 1 
1188 0.014218 1 
1189 0.012664 1 
1190 0.018199 1 
1191 0.015478 1 
1192 0.010858 1 
1193 0.012455 1 
1194 0.010707 1 
1195 0.018922 1 
1196 0.027955 1 
1198 0.014815 1 
1199 0.016512 1 
1200 0.013358 1 
1201 0.013013 1 
1202 0.010867 1 
1203 0.023480 1 
1204 0.022667 1 
1205 0.027503 1 
1206 0.011255 1 
1207 0.011205 1 
1208 0.010062 1 
1209 0.015829 1 
1210 0.023630 1 
1211 0.045410 1 
1212 0.028732 1 
1213 0.018775 1 
1214 0.012141 1 
1215 0.019555 1 
1216 0.014709 1 
1217 0.017064 1 
1218 0.012635 1 
1219 0.018391 1 
1220 0.013888 1 
1221 0.019830 1 
1222 0.013132 1 
1223 0.018116 1 
1225 0.010645 1 
1226 0.015402 1 
1227 0.007684 1 
1228 0.019971 1 
1229 0.014511 1 
1230 0.015059 1 
1231 0.009872 1 
1232 0.013751 1 
1234 0.020662 1 
1235 0.028246 1 
1236 0.012172 1 
1237 0.013796 1 
1239 0.018681 1 
1241 0.024745 1 
1242 0.033632 1 
1243 0.039826 1 
1244 0.023770 1 
1247 0.017122 1 
1248 0.018424 1 
1249 0.021831 1 
1250 0.044776 1 
1251 0.028598 1 
1252 0.011936 1 
1253 0.023985 1 
1254 0.053947 1 
1255 0.037901 1 
1256 0.044445 1 
1257 0.025597 1 
1258 0.018381 1 
1260 0.020447 1 
1262 0.020789 1 
1263 0.016061 1 
1264 0.022957 1 
1265 0.009144 1 
1266 0.009719 1 
1267 0.011755 1 
1268 0.006630 1 
1270 0.021817 1 
1271 0.027910 1 
1272 0.013685 1 
1273 0.020049 1 
1274 0.010389 1 
1275 0.014274 1 
1276 0.014017 1 
1277 0.021549 1 
1278 0.022019 1 
1279 0.025219 1 
1280 0.023600 1 
1281 0.031527 1 
1282 0.024189 1 
1283 0.017126 1 
1284 0.012141 1 
1286 0.024989 1 
1287 0.036877 1 
1288 0.028162 1 
1289 0.022466 1 
1290 0.009936 1 
1291 0.016789 1 
1292 0.011210 1 
1293 0.020565 1 
1294 0.021259 1 
1295 0.015472 1 
1297 0.028181 1 
1299 0.011478 1 
1300 0.015292 1 
1301 0.010804 1 
1302 0.009561 1 
1303 0.010423 1 
1304 0.012353 1 
1305 0.017699 1 
1307 0.010910 1 
1308 0.019855 1 
1309 0.021266 1 
1310 0.011984 1 
1312 0.021207 1 
1314 0.032933 1 
1315 0.019777 1 
1316 0.013277 1 
1318 0.019999 1 
1319 0.025991 1 
1320 0.018487 1 
1322 0.025389 1 
1323 0.021617 1 
1324 0.011955 1 
1325 0.021766 1 
1326 0.014550 1 
1327 0.012400 1 
1328 0.013785 1 
1329 0.008787 1 
1330 0.011235 1 
1331 0.021626 1 
1332 0.019457 1 
1333 0.020847 1 
1334 0.014174 1 
1335 0.020480 1 
1336 0.025100 1 
1337 0.016396 1 
1338 0.012335 1 
1339 0.019768 1 
1341 0.015486 1 
1342 0.009223 1 
1343 0.017314 1 
1344 0.015855 1 
1345 0.019356 1 
1346 0.016094 1 
1347 0.012705 1 
1349 0.015788 1 
1350 0.012247 1 
1351 0.009986 1 
1352 0.011544 1 
1353 0.012021 1 
1354 0.014594 1 
1355 0.012271 1 
1356 0.010639 1 
1357 0.020600 1 
1358 0.017829 1 
1359 0.020079 1 
1360 0.013479 1 
1362 0.013037 1 
1363 0.017640 1 
1364 0.016919 1 
1365 0.024742 1 
1366 0.012450 1 
1367 0.012185 1 
1368 0.014609 1 
1370 0.017454 1 
1371 0.032263 1 
1372 0.015321 1 
1373 0.018945 1 
1375 0.009473 1 
1376 0.019622 1 
1377 0.013314 1 
1378 0.016461 1 
1380 0.017577 1 
1381 0.015381 1 
1382 0.018054 1 
1383 0.017221 1 
1384 0.017040 1 
1385 0.014867 1 
1387 0.019998 1 
1388 0.020310 1 
1389 0.020663 1 
1390 0.040145 1 
1391 0.040606 1 
1392 0.024022 1 
1393 0.035364 1 
1394 0.018970 1 
1395 0.014670 1 
1397 0.015847 1 
1398 0.012830 1 
1399 0.025386 1 
1400 0.012670 1 
1401 0.023212 1 
1402 0.014871 1 
1403 0.006059 1 
1404 0.011301 1 
1405 0.011631 1 
1406 0.014788 1 
1407 0.019303 1 
1408 0.035959 1 
1409 0.031896 1 
1410 0.015912 1 
1411 0.015040 1 
1412 0.012915 1 
1413 0.017546 1 
1414 0.008473 1 
1415 0.007901 1 
1416 0.020872 1 
1417 0.014012 1 
1418 0.017094 1 
1419 0.020598 1 
1420 0.027920 1 
1421 0.014684 1 
1422 0.019257 1 
1424 0.016464 1 
1425 0.012748 1 
1426 0.022741 1 
1427 0.021322 1 
1428 0.015359 1 
1429 0.016817 1 
1430 0.015481 1 
1431 0.019242 1 
1433 0.052176 1 
1434 0.052197 1 
1435 0.035609 1 
1436 0.019198 1 
1438 0.016464 1 
1440 0.016763 1 
1441 0.026175 1 
1442 0.023564 1 
1443 0.029759 1 
1446 0.031467 1 
1447 0.030246 1 
1448 0.024607 1 
1449 0.051357 1 
1450 0.032463 1 
1451 0.040021 1 
1452 0.023928 1 
1453 0.028862 1 
1454 0.015943 1 
1455 0.011961 1 
1456 0.009990 1 
1457 0.016742 1 
1459 0.018970 1 
1461 0.025206 1 
1462 0.025664 1 
1463 0.011017 1 
1464 0.010448 1 
1465 0.008917 1 
1466 0.012969 1 
1467 0.008885 1 
1469 0.015627 1 
1470 0.015110 1 
1471 0.013457 1 
1472 0.013397 1 
1473 0.026390 1 
1474 0.015960 1 
1475 0.007806 1 
1476 0.020760 1 
1477 0.014315 1 
1478 0.013026 1 
1479 0.013644 1 
1480 0.013977 1 
1481 0.011130 1 
1482 0.010289 1 
1483 0.014749 1 
1485 0.024426 1 
1486 0.028883 1 
1487 0.018718 1 
1488 0.016887 1 
1489 0.017412 1 
1490 0.013538 1 
1491 0.013229 1 
1492 0.021891 1 
1493 0.023946 1 
1494 0.026676 1 
1496 0.023253 1 
1498 0.029669 1 
1499 0.013670 1 
1500 0.012142 1 
1501 0.012558 1 
1502 0.018001 1 
1503 0.026682 1 
1504 0.013198 1 
1506 0.024210 1 
1507 0.013989 1 
1508 0.021097 1 
1509 0.008919 1 
1511 0.030558 1 
1513 0.017384 1 
1514 0.009109 1 
1515 0.013029 1 
1517 0.014841 1 
1518 0.011915 1 
1519 0.015786 1 
1521 0.016014 1 
1522 0.011410 1 
1523 0.018048 1 
1524 0.008922 1 
1525 0.012594 1 
1526 0.011994 1 
1527 0.030513 1 
1528 0.022528 1 
1529 0.013038 1 
1530 0.016861 1 
1531 0.010741 1 
1532 0.011333 1 
1533 0.011410 1 
1534 0.008725 1 
1535 0.024215 1 
1536 0.022689 1 
1537 0.022594 1 
1538 0.016697 1 
1540 0.013802 1 
1541 0.025139 1 
1542 0.011318 1 
1543 0.038277 1 
1544 0.021885 1 
1545 0.026222 1 
1546 0.019527 1 
1548 0.022143 1 
1549 0.012940 1 
1550 0.009098 1 
1551 0.007350 1 
1552 0.012424 1 
1553 0.015408 1 
1554 0.027111 1 
1555 0.013819 1 
1556 0.010925 1 
1557 0.015917 1 
1558 0.016697 1 
1559 0.025573 1 
1561 0.017800 1 
1562 0.029003 1 
1563 0.019304 1 
1564 0.024970 1 
1565 0.011197 1 
1566 0.014370 1 
1567 0.014685 1 
1569 0.021630 1 
1570 0.026079 1 
1571 0.016182 1 
1572 0.023294 1 
1574 0.017438 1 
1575 0.016160 1 
1576 0.009471 1 
1577 0.010884 1 
1579 0.015919 1 
1580 0.022099 1 
1581 0.010505 1 
1582 0.011021 1 
1583 0.011152 1 
1584 0.009312 1 
1586 0.013652 1 
1587 0.013397 1 
1588 0.024622 1 
1589 0.014020 1 
1590 0.025346 1 
1591 0.013542 1 
1592 0.011247 1 
1593 0.009528 1 
1594 0.009484 1 
1596 0.028942 1 
1597 0.027125 1 
1598 0.016567 1 
1599 0.014162 1 
1600 0.012655 1 
1601 0.007776 1 
1602 0.010740 1 
1603 0.016177 1 
1604 0.024354 1 
1605 0.028737 1 
1606 0.035099 1 
1607 0.030014 1 
1608 0.020524 1 
1609 0.012854 1 
1610 0.007823 1 
1611 0.017333 1 
1612 0.014832 1 
1613 0.014073 1 
1614 0.009243 1 
1615 0.009499 1 
1616 0.027554 1 
1617 0.014618 1 
1618 0.011602 1 
1619 0.010990 1 
1620 0.015558 1 
1621 0.008910 1 
1623 0.011052 1 
1624 0.014747 1 
1625 0.012364 1 
1626 0.013141 1 
1627 0.010753 1 
1628 0.014051 1 
1629 0.016279 1 
1630 0.008486 1 
1632 0.037311 1 
1633 0.018125 1 
1634 0.014907 1 
1635 0.014830 1 
1637 0.009245 1 
1639 0.016687 1 
1640 0.035438 1 
1641 0.059157 1 
1642 0.048262 1 
1645 0.010503 1 
1646 0.012304 1 
1647 0.019069 1 
1648 0.049351 1 
1649 0.027328 1 
1650 0.047064 1 
1651 0.033949 1 
1652 0.019078 1 
1653 0.014895 1 
1654 0.013354 1 
1655 0.015913 1 
1656 0.015732 1 
1658 0.012895 1 
1660 0.024518 1 
1661 0.013759 1 
1662 0.015148 1 
1663 0.016623 1 
1664 0.024779 1 
1665 0.024197 1 
1666 0.010840 1 
1668 0.009100 1 
1669 0.032320 1 
1670 0.020939 1 
1671 0.015250 1 
1672 0.025786 1 
1673 0.009802 1 
1674 0.016826 1 
1675 0.010509 1 
1676 0.012964 1 
1677 0.011127 1 
1678 0.016448 1 
1679 0.026940 1 
1680 0.010646 1 
1681 0.007532 1 
1682 0.013525 1 
1684 0.030336 1 
1685 0.030336 1 
1686 0.050951 1 
1687 0.047642 1 
1688 0.031949 1 
1689 0.020778 1 
1690 0.013466 1 
1691 0.012730 1 
1692 0.012187 1 
1693 0.031677 1 
1695 0.034891 1 
1697 0.019461 1 
1698 0.019432 1 
1699 0.011712 1 
1700 0.021202 1 
1701 0.013297 1 
1702 0.017484 1 
1703 0.015630 1 
1705 0.037098 1 
1706 0.020596 1 
1707 0.020297 1 
1708 0.016102 1 
1710 0.011310 1 
1712 0.022650 1 
1713 0.011407 1 
1714 0.019872 1 
1716 0.015827 1 
1717 0.018267 1 
1718 0.014471 1 
1720 0.007806 1 
1721 0.013977 1 
1722 0.011423 1 
1723 0.028643 1 
1724 0.013334 1 
1725 0.017071 1 
1726 0.022619 1 
1727 0.011072 1 
1728 0.006500 1 
1729 0.010771 1 
1730 0.009793 1 
1731 0.019303 1 
1732 0.012504 1 
1733 0.008754 1 
1734 0.013571 1 
1735 0.028770 1 
1736 0.012897 1 
1737 0.010169 1 
1739 0.027720 1 
1740 0.019855 1 
1741 0.021192 1 
1742 0.013643 1 
1743 0.009492 1 
1744 0.016595 1 
1745 0.007139 1 
1747 0.017175 1 
1748 0.012540 1 
1749 0.011841 1 
1750 0.056723 1 
1751 0.040617 1 
1752 0.028744 1 
1753 0.016032 1 
1754 0.008759 1 
1755 0.031802 1 
1756 0.016608 1 
1757 0.014106 1 
1758 0.011304 1 
1760 0.015090 1 
1761 0.029305 1 
1762 0.012970 1 
1763 0.021748 1 
1764 0.010127 1 
1765 0.014429 1 
1766 0.018006 1 
1768 0.020179 1 
1769 0.010915 1 
1770 0.023597 1 
1771 0.017809 1 
1773 0.008785 1 
1774 0.015214 1 
1775 0.011536 1 
1776 0.009091 1 
1778 0.015894 1 
1779 0.010273 1 
1780 0.007506 1 
1781 0.013575 1 
1782 0.007903 1 
1783 0.015967 1 
1785 0.020726 1 
1786 0.015293 1 
1787 0.014535 1 
1788 0.016023 1 
1789 0.010349 1 
1790 0.032595 1 
1791 0.030229 1 
1792 0.019348 1 
1793 0.012431 1 
1795 0.020364 1 
1796 0.016227 1 
1797 0.012758 1 
1798 0.019457 1 
1799 0.039064 1 
1800 0.023421 1 
1801 0.019218 1 
1802 0.023748 1 
1803 0.015079 1 
1804 0.012076 1 
1805 0.017819 1 
1806 0.008675 1 
1807 0.011623 1 
1808 0.019586 1 
1809 0.019784 1 
1810 0.011936 1 
1811 0.013106 1 
1812 0.016546 1 
1813 0.027217 1 
1814 0.027996 1 
1815 0.010581 1 
1816 0.013924 1 
1817 0.011678 1 
1818 0.016758 1 
1819 0.012357 1 
1820 0.033462 1 
1822 0.019748 1 
1823 0.017105 1 
1824 0.012489 1 
1825 0.009329 1 
1826 0.015375 1 
1827 0.023309 1 
1828 0.015127 1 
1829 0.014172 1 
1831 0.024676 1 
1832 0.014034 1 
1833 0.016948 1 
1834 0.006979 1 
1836 0.008416 1 
1838 0.018028 1 
1839 0.016758 1 
1840 0.044289 1 
1841 0.029052 1 
1844 0.034015 1 
1845 0.022126 1 
1846 0.025127 1 
1847 0.037934 1 
1848 0.021767 1 
1849 0.014389 1 
1850 0.023387 1 
1851 0.014303 1 
1852 0.015253 1 
1853 0.011225 1 
1854 0.017275 1 
1855 0.010429 1 
1857 0.019016 1 
1859 0.013483 1 
1860 0.012911 1 
1861 0.017512 1 
1862 0.026273 1 
1863 0.016993 1 
1864 0.020544 1 
1865 0.009093 1 
1867 0.019350 1 
1868 0.010284 1 
1869 0.036640 1 
1870 0.020492 1 
1871 0.013153 1 
1872 0.010363 1 
1873 0.016469 1 
1874 0.011589 1 
1875 0.019306 1 
1876 0.013911 1 
1877 0.016436 1 
1878 0.008218 1 
1879 0.016437 1 
1880 0.008793 1 
1881 0.014171 1 
1883 0.039291 1 
1884 0.031608 1 
1885 0.024622 1 
1886 0.015684 1 
1887 0.021925 1 
1888 0.015553 1 
1889 0.011342 1 
1890 0.006503 1 
1891 0.007454 1 
1892 0.006927 1 
1894 0.023950 1 
1896 0.017740 1 
1897 0.017709 1 
1898 0.014596 1 
1899 0.018829 1 
1900 0.017308 1 
1901 0.020516 1 
1902 0.009966 1 
1904 0.015109 1 
1905 0.018995 1 
1906 0.019302 1 
1907 0.018920 1 
1909 0.022182 1 
1911 0.023050 1 
1912 0.012533 1 
1913 0.012568 1 
1915 0.020253 1 
1916 0.013555 1 
1917 0.012180 1 
1919 0.011943 1 
1920 0.017473 1 
1921 0.011110 1 
1922 0.007474 1 
1923 0.013711 1 
1924 0.017166 1 
1925 0.019037 1 
1926 0.025560 1 
1927 0.009202 1 
1928 0.010894 1 
1929 0.021671 1 
1930 0.007594 1 
1931 0.014055 1 
1932 0.012444 1 
1933 0.011589 1 
1934 0.021111 1 
1935 0.022698 1 
1936 0.017896 1 
1938 0.034472 1 
1939 0.018668 1 
1940 0.016587 1 
1941 0.010703 1 
1942 0.036791 1 
1943 0.020954 1 
1944 0.013288 1 
1946 0.009492 1 
1947 0.007143 1 
1948 0.010386 1 
1949 0.014647 1 
1950 0.015492 1 
1951 0.017783 1 
1952 0.019640 1 
1953 0.018624 1 
1954 0.017465 1 
1955 0.013079 1 
1956 0.015605 1 
1957 0.014161 1 
1959 0.010267 1 
1960 0.017920 1 
1961 0.012750 1 
1962 0.013963 1 
1963 0.012102 1 
1964 0.009381 1 
1965 0.017848 1 
1967 0.014970 1 
1968 0.020901 1 
1969 0.018761 1 
1970 0.018353 1 
1972 0.020489 1 
1973 0.020473 1 
1974 0.013128 1 
1975 0.011315 1 
1977 0.038481 1 
1978 0.032905 1 
1979 0.019439 1 
1980 0.019445 1 
1981 0.012436 1 
1982 0.009053 1 
1984 0.024493 1 
1985 0.029511 1 
1986 0.017016 1 
1987 0.021867 1 
1988 0.011100 1 
1989 0.011380 1 
1990 0.012839 1 
1991 0.018885 1 
1992 0.013018 1 
1994 0.063726 1 
1995 0.047604 1 
1996 0.043845 1 
1997 0.027683 1 
1998 0.021581 1 
1999 0.024920 1 
2000 0.016432 1 
2001 0.012295 1 
2002 0.016702 1 
2003 0.015842 1 
2004 0.019111 1 
2005 0.015234 1 
2006 0.019155 1 
2007 0.011354 1 
2008 0.014609 1 
2009 0.008402 1 
2010 0.020119 1 
2011 0.013636 1 
2012 0.014776 1 
2013 0.011046 1 
2014 0.016390 1 
2015 0.024115 1 
2016 0.013244 1 
2017 0.015105 1 
2018 0.009823 1 
2019 0.017209 1 
2021 0.011771 1 
2022 0.012362 1 
2023 0.014616 1 
2024 0.013291 1 
2025 0.051024 1 
2026 0.057790 1 
2027 0.041529 1 
2028 0.025755 1 
2030 0.041415 1 
2031 0.039001 1 
2032 0.022931 1 
2033 0.013232 1 
2035 0.013168 1 
2037 0.032915 1 
2038 0.058857 1 
2039 0.058684 1 
2040 0.043163 1 
2043 0.013440 1 
2044 0.009103 1 
2045 0.014727 1 
2046 0.041996 1 
2047 0.024519 1 
2048 0.018533 1 
2049 0.040353 1 
2050 0.023894 1 
2051 0.012892 1 
2052 0.018490 1 
2053 0.013946 1 
2054 0.011857 1 
2056 0.025797 1 
2058 0.013158 1 
2059 0.019809 1 
2060 0.012548 1 
2061 0.016674 1 
2062 0.013481 1 
2063 0.017700 1 
2064 0.011147 1 
2066 0.020416 1 
2067 0.023221 1 
2068 0.020732 1 
2069 0.021409 1 
2070 0.013958 1 
2071 0.014482 1 
2072 0.010801 1 
2073 0.008089 1 
2074 0.017549 1 
2075 0.024849 1 
2076 0.024184 1 
2077 0.015507 1 
2078 0.016895 1 
2079 0.014190 1 
2080 0.023928 1 
2082 0.020600 1 
2083 0.032004 1 
2084 0.023322 1 
2085 0.016425 1 
2086 0.009718 1 
2087 0.013483 1 
2088 0.008842 1 
2089 0.016138 1 
2090 0.020689 1 
2091 0.022754 1 
2093 0.023044 1 
2095 0.015469 1 
2096 0.016218 1 
2097 0.013639 1 
2098 0.016731 1 
2099 0.010256 1 
2100 0.035495 1 
2101 0.022170 1 
2103 0.032889 1 
2104 0.016732 1 
2105 0.020055 1 
2106 0.012157 1 
2108 0.013005 1 
2110 0.020214 1 
2111 0.014232 1 
2112 0.007146 1 
2114 0.017920 1 
2115 0.018098 1 
2116 0.013009 1 
2118 0.012575 1 
2119 0.012991 1 
2120 0.009955 1 
2121 0.012987 1 
2122 0.014729 1 
2123 0.031312 1 
2124 0.014486 1 
2125 0.011550 1 
2126 0.010630 1 
2127 0.008888 1 
2128 0.009825 1 
2129 0.016837 1 
2130 0.021917 1 
2131 0.019155 1 
2132 0.030775 1 
2133 0.014419 1 
2134 0.011918 1 
2135 0.024485 1 
2137 0.021093 1 
2138 0.012500 1 
2139 0.017720 1 
2140 0.021042 1 
2141 0.011607 1 
2142 0.029841 1 
2143 0.017193 1 
2145 0.011384 1 
2146 0.013949 1 
2147 0.013414 1 
2148 0.016063 1 
2149 0.024917 1 
2150 0.027693 1 
2151 0.028882 1 
2152 0.022109 1 
2153 0.010242 1 
2154 0.019871 1 
2155 0.014672 1 
2156 0.015890 1 
2158 0.014155 1 
2159 0.014747 1 
2160 0.013798 1 
2161 0.020886 1 
2162 0.017375 1 
2163 0.009593 1 
2164 0.022297 1 
2166 0.021490 1 
2167 0.014670 1 
2168 0.009006 1 
2169 0.021806 1 
2171 0.008719 1 
2172 0.010111 1 
2173 0.009241 1 
2174 0.010191 1 
2176 0.023186 1 
2177 0.038825 1 
2178 0.023005 1 
2179 0.013425 1 
2180 0.010476 1 
2181 0.020320 1 
2183 0.008212 1 
2184 0.023892 1 
2185 0.020207 1 
2186 0.012725 1 
2187 0.006324 1 
2188 0.016111 1 
2189 0.013525 1 
2190 0.047818 1 
2191 0.029213 1 
2193 0.020136 1 
2194 0.021199 1 
2195 0.006886 1 
2196 0.014541 1 
2197 0.011422 1 
2198 0.031204 1 
2199 0.013726 1 
2200 0.014628 1 
2201 0.021349 1 
2202 0.030869 1 
2203 0.031734 1 
2204 0.019687 1 
2205 0.017561 1 
2206 0.018169 1 
2207 0.009076 1 
2208 0.007669 1 
2209 0.034401 1 
2210 0.026789 1 
2211 0.022477 1 
2212 0.020866 1 
2213 0.015689 1 
2214 0.019595 1 
2215 0.029317 1 
2216 0.013056 1 
2217 0.007604 1 
2218 0.020025 1 
2220 0.049851 1 
2221 0.055780 1 
2222 0.039570 1 
2223 0.045152 1 
2224 0.029303 1 
2225 0.023237 1 
2226 0.016297 1 
2227 0.021514 1 
2229 0.030696 1 
2230 0.031518 1 
2231 0.019315 1 
2232 0.010615 1 
2234 0.018183 1 
2236 0.041663 1 
2237 0.046187 1 
2238 0.042065 1 
2239 0.041701 1 
2242 0.016125 1 
2243 0.017919 1 
2244 0.013734 1 
2245 0.032424 1 
2246 0.037630 1 
2247 0.017534 1 
2248 0.087838 1 
2249 0.071624 1 
2250 0.053201 1 
2251 0.037278 1 
2252 0.030831 1 
2253 0.029638 1 
2255 0.020781 1 
2257 0.020809 1 
2258 0.025056 1 
2259 0.008486 1 
2260 0.026766 1 
2261 0.018063 1 
2262 0.017917 1 
2263 0.027423 1 
2265 0.017967 1 
2266 0.029452 1 
2267 0.032231 1 
2268 0.016086 1 
2269 0.029955 1 
2270 0.022887 1 
2271 0.020198 1 
2272 0.026713 1 
2273 0.015158 1 
2274 0.019695 1 
2275 0.034272 1 
2276 0.028973 1 
2277 0.027907 1 
2278 0.030291 1 
2279 0.014467 1 
2281 0.039557 1 
2282 0.023428 1 
2283 0.036707 1 
2284 0.029521 1 
2285 0.014524 1 
2286 0.020347 1 
2287 0.024562 1 
2288 0.018110 1 
2289 0.025879 1 
2290 0.018653 1 
2292 0.039835 1 
2294 0.013581 1 
2295 0.021886 1 
2296 0.014247 1 
2297 0.010419 1 
2298 0.017614 1 
2299 0.021823 1 
2300 0.020707 1 
2302 0.022309 1 
2303 0.015378 1 
2304 0.020627 1 
2305 0.012412 1 
2307 0.030725 1 
2309 0.015433 1 
2310 0.046257 1 
2313 0.023314 1 
2314 0.012451 1 
2315 0.015519 1 
2317 0.019260 1 
2318 0.012127 1 
2319 0.027744 1 
2320 0.012018 1 
2321 0.006938 1 
2322 0.015926 1 
2323 0.013929 1 
2324 0.014386 1 
2325 0.042283 1 
2326 0.026088 1 
2327 0.065724 1 
2328 0.050638 1 
2329 0.062553 1 
2330 0.046489 1 
2331 0.041117 1 
2332 0.024575 1 
2333 0.037623 1 
2334 0.045593 1 
2336 0.029910 1 
2337 0.020331 1 
2338 0.013959 1 
2339 0.019974 1 
2340 0.032052 1 
2341 0.021089 1 
2342 0.031880 1 
2344 0.026580 1 
2346 0.033422 1 
2347 0.022306 1 
2348 0.020546 1 
2349 0.039320 1 
2350 0.023030 1 
2351 0.008381 1 
2352 0.015740 1 
2353 0.018802 1 
2354 0.009837 1 
2355 0.016222 1 
2357 0.010849 1 
2358 0.029942 1 
2359 0.013872 1 
2360 0.021355 1 
2361 0.016382 1 
2362 0.026204 1 
2363 0.023621 1 
2365 0.016824 1 
2366 0.017674 1 
2367 0.024527 1 
2368 0.033273 1 
2370 0.056727 1 
2371 0.040101 1 
2372 0.032700 1 
2373 0.046365 1 
2375 0.029912 1 
2376 0.033249 1 
2377 0.068021 1 
2378 0.051626 1 
2379 0.035638 1 
2380 0.024499 1 
2382 0.014076 1 
2383 0.037377 1 
2384 0.071856 1 
2385 0.055921 1 
2386 0.039685 1 
2387 0.043610 1 
2388 0.037614 1 
2389 0.039023 1 
2390 0.022360 1 
2392 0.047778 1 
2393 0.031693 1 
2394 0.022780 1 
2395 0.039415 1 
2396 0.062380 1 
2397 0.046137 1 
2398 0.043300 1 
2399 0.027108 1 
2400 0.025652 1 
2401 0.043834 1 
2402 0.054509 1 
2403 0.037988 1 
2404 0.044023 1 
2405 0.027077 1 
2406 0.037504 1 
2407 0.046691 1 
2408 0.036128 1 
2409 0.020195 1 
2410 0.021173 1 
2411 0.021163 1 
2412 0.013786 1 
2413 0.015560 1 
2414 0.043388 1 
2415 0.027217 1 
2416 0.059490 1 
2417 0.043139 1 
2419 0.034693 1 
2420 0.027420 1 
2421 0.045487 1 
2422 0.049099 1 
2423 0.033170 1 
2424 0.018035 1 
2425 0.023733 1 
2426 0.027287 1 
2428 0.051756 1 
2429 0.043440 1 
2430 0.027536 1 
2431 0.053911 1 
2433 0.028892 1 
2435 0.033152 1 
2436 0.079510 1 
2437 0.088375 1 
2438 0.079203 1 
2441 0.042529 1 
2442 0.026708 1 
2443 0.034326 1 
2444 0.102022 1 
2445 0.085946 1 
2446 0.069046 1 
2447 0.076101 1 
2448 0.060136 1 
2449 0.065065 1 
2450 0.048761 1 
2451 0.032102 1 
2452 0.038475 1 
2454 0.051722 1 
2456 0.043224 1 
2457 0.027390 1 
2458 0.055300 1 
2459 0.038873 1 
2460 0.027574 1 
2461 0.045505 1 
2462 0.029380 1 
2464 0.043622 1 
2465 0.040257 1 
2466 0.020969 1 
2467 0.016167 1 
2468 0.023171 1 
2469 0.016969 1 
2470 0.027547 1 
2471 0.021543 1 
2472 0.014330 1 
2473 0.029897 1 
2474 0.048399 1 
2475 0.032526 1 
2476 0.030432 1 
2477 0.014232 1 
2478 0.016994 1 
2480 0.041264 1 
2481 0.039977 1 
2482 0.032155 1 
2483 0.036440 1 
2484 0.020348 1 
2485 0.013744 1 
2486 0.016035 1 
2487 0.012934 1 
2488 0.012312 1 
2487 0.038300 0 
2489 0.006899 1 
2491 0.018298 1 
2489 0.060971 0 
2493 0.019627 0 
2493 0.025188 1 
2494 0.017419 1 
2495 0.010460 1 
2494 0.049731 0 
2495 0.033853 0 
2496 0.021217 1 
2497 0.010648 1 
2498 0.010159 1 
2496 0.046812 0 
2497 0.030115 0 
2499 0.011725 0 
2501 0.011914 1 
2502 0.015328 1 
2503 0.012748 1 
2504 0.011380 1 
2502 0.067994 0 
2503 0.051856 0 
2504 0.035342 0 
2506 0.025277 1 
2508 0.012686 1 
2506 0.061899 0 
2508 0.030058 0 
2509 0.020316 1 
2509 0.037652 0 
2510 0.021609 0 
2512 0.017946 1 
2513 0.019777 1 
2514 0.014451 1 
2516 0.005626 1 
2517 0.015343 1 
2514 0.074558 0 
2516 0.034968 0 
2518 0.021676 1 
2519 0.013575 1 
2520 0.016600 1 
2521 0.014895 1 
2517 0.097086 0 
2518 0.080009 0 
2519 0.063640 0 
2520 0.047477 0 
2522 0.016080 1 
2521 0.059317 0 
2522 0.043678 0 
2523 0.037822 1 
2524 0.021672 1 
2525 0.012228 1 
2526 0.013592 1 
2527 0.012046 1 
2528 0.010404 1 
2529 0.016481 1 
2530 0.028707 1 
2531 0.028136 1 
2532 0.024467 1 
2533 0.023460 1 
2535 0.026719 1 
2536 0.028445 1 
2537 0.012660 1 
2523 0.265980 0 
2524 0.249790 0 
2525 0.233236 0 
2526 0.218504 0 
2527 0.202339 0 
2528 0.186222 0 
2529 0.169554 0 
2530 0.153357 0 
2531 0.137075 0 
2532 0.120458 0 
2533 0.104031 0 
2538 0.023893 1 
2539 0.024775 1 
2535 0.092325 0 
2536 0.076311 0 
2537 0.060314 0 
2538 0.044403 0 
2540 0.027615 1 
2541 0.020475 1 
2540 0.075940 0 
2541 0.059693 0 
2543 0.029596 1 
2544 0.038883 1 
2543 0.069592 0 
2544 0.053698 0 
2545 0.033056 0 
2546 0.016904 0 
2545 0.042910 1 
2546 0.026736 1 
2547 0.040611 1 
2548 0.032088 1 
2549 0.015864 1 
2550 0.021781 1 
2549 0.051670 0 
2551 0.028170 1 
2552 0.016192 1 
2553 0.040868 1 
2554 0.024797 1 
2556 0.032549 1 
2557 0.032727 1 
2558 0.026623 1 
2559 0.046206 1 
2560 0.030051 1 
2561 0.015147 1 
2562 0.033676 1 
2564 0.024085 1 
2565 0.020051 1 
2566 0.026886 1 
2567 0.026407 1 
2569 0.033628 1 
2570 0.017281 1 
2571 0.015131 1 
2572 0.010987 1 
2574 0.016112 1 
2575 0.040369 1 
2576 0.026228 1 
2577 0.015815 1 
2578 0.012825 1 
2579 0.011469 1 
2581 0.090901 1 
2582 0.074484 1 
2583 0.058076 1 
2584 0.062338 1 
2585 0.044601 1 
2586 0.028206 1 
2587 0.065958 1 
2588 0.049401 1 
2589 0.032471 1 
2591 0.039470 1 
2592 0.023374 1 
2593 0.023630 1 
2594 0.022032 1 
2595 0.017312 1 
2596 0.025276 1 
2597 0.022085 1 
2598 0.025593 1 
2599 0.009177 1 
2600 0.006797 1 
2601 0.019886 1 
2602 0.012557 1 
2603 0.030410 1 
2604 0.028301 1 
2605 0.021585 1 
2606 0.015178 1 
2607 0.012535 1 
2608 0.033106 1 
2609 0.026479 1 
2610 0.053532 1 
2611 0.030188 1 
2612 0.023740 1 
2613 0.024038 1 
2614 0.014221 1 
2615 0.021191 1 
2616 0.028734 1 
2618 0.028429 1 
2619 0.022278 1 
2620 0.041980 1 
2621 0.123550 1 
2622 0.100075 1 
2623 0.093386 1 
2624 0.073616 1 
2625 0.057469 1 
2627 0.095914 1 
2628 0.095800 1 
2629 0.079746 1 
2630 0.063592 1 
2632 0.031460 1 
2634 0.062652 1 
2635 0.052632 1 
2636 0.074809 1 
2637 0.058412 1 
2640 0.023990 1 
2641 0.020971 1 
2642 0.051923 1 
2643 0.035963 1 
2644 0.046369 1 
2645 0.037995 1 
2646 0.046696 1 
2647 0.030445 1 
2648 0.033644 1 
2649 0.017437 1 
2650 0.020130 1 
2651 0.010331 1 
2653 0.011769 1 
2655 0.019027 1 
2656 0.021419 1 
2657 0.016977 1 
2658 0.024477 1 
2659 0.015827 1 
2660 0.015050 1 
2661 0.021396 1 
2663 0.031803 1 
2664 0.015773 1 
2665 0.053601 1 
2666 0.037277 1 
2667 0.033538 1 
2668 0.019793 1 
2669 0.025332 1 
2670 0.016908 1 
2671 0.029805 1 
2672 0.036356 1 
2673 0.042435 1 
2674 0.050568 1 
2675 0.034788 1 
2676 0.042606 1 
2677 0.025517 1 
2681 0.065196 1 
2682 0.064193 1 
2683 0.048090 1 
2684 0.031634 1 
2685 0.025111 1 
2686 0.022986 1 
2687 0.021883 1 
2688 0.014746 1 
2690 0.034174 1 
2692 0.053367 1 
2693 0.043419 1 
2694 0.046357 1 
2695 0.029997 1 
2696 0.013862 1 
2697 0.021274 1 
2698 0.020977 1 
2700 0.026946 1 
2701 0.036998 1 
2702 0.020191 1 
2703 0.025388 1 
2705 0.025414 1 
2707 0.016450 1 
2708 0.019550 1 
2709 0.030336 1 
2711 0.032779 1 
2712 0.016727 1 
2713 0.022950 1 
2715 0.011393 1 
2716 0.031883 1 
2717 0.061589 1 
2718 0.045559 1 
2719 0.029287 1 
2720 0.082057 1 
2721 0.065946 1 
2722 0.066491 1 
2723 0.054106 1 
2724 0.035868 1 
2725 0.044931 1 
2726 0.028798 1 
2727 0.027376 1 
2728 0.023136 1 
2729 0.029749 1 
2730 0.019692 1 
2731 0.017558 1 
2732 0.049437 1 
2734 0.037473 1 
2735 0.021255 1 
2736 0.023862 1 
2737 0.017921 1 
2738 0.036772 1 
2739 0.091733 1 
2740 0.075290 1 
2742 0.069026 1 
2743 0.055270 1 
2744 0.054674 1 
2745 0.038830 1 
2746 0.051239 1 
2747 0.132702 1 
2748 0.141835 1 
2749 0.220869 1 
2750 0.228595 1 
2751 0.247514 1 
2752 0.231261 1 
2753 0.214988 1 
2755 0.210151 1 
2756 0.212508 1 
2757 0.196335 1 
2763 0.165143 1 
2764 0.148645 1 
2765 0.132454 1 
2766 0.138001 1 
2768 0.105414 1 
2769 0.102103 1 
2770 0.086130 1 
2771 0.073958 1 
2773 0.041620 1 
2774 0.035550 1 
2775 0.025902 1 
2776 0.038714 1 
2777 0.079766 1 
2778 0.063980 1 
2780 0.031857 1 
2781 0.046967 1 
2782 0.049489 1 
2783 0.065067 1 
2784 0.050752 1 
2785 0.034292 1 
2786 0.017514 1 
2787 0.095490 1 
2788 0.079162 1 
2790 0.064903 1 
2791 0.063200 1 
2792 0.046892 1 
2793 0.035579 1 
2794 0.030365 1 
2795 0.014162 1 
2796 0.027996 1 
2797 0.012128 1 
2798 0.035787 1 
2799 0.019809 1 
2800 0.104257 1 
2801 0.088340 1 
2802 0.072057 1 
2803 0.067164 1 
2804 0.094558 1 
2805 0.078099 1 
2806 0.061972 1 
2807 0.045770 1 
2808 0.068972 1 
2809 0.052709 1 
2810 0.036626 1 
2811 0.067975 1 
2812 0.049649 1 
2813 0.096022 1 
2814 0.080228 1 
2815 0.063884 1 
2817 0.031262 1 
2818 0.045661 1 
2819 0.029413 1 
2820 0.096193 1 
2821 0.080406 1 
2822 0.085721 1 
2823 0.069576 1 
2824 0.065515 1 
2826 0.052615 1 
2827 0.036534 1 
2828 0.020403 1 
2829 0.012066 1 
2831 0.021596 1 
2833 0.041401 1 
2834 0.059651 1 
2835 0.069688 1 
2836 0.063749 1 
2839 0.049397 1 
2840 0.033409 1 
2841 0.054551 1 
2842 0.037639 1 
2843 0.032108 1 
2844 0.020005 1 
2845 0.009480 1 
2846 0.014037 1 
2847 0.100532 1 
2848 0.082987 1 
2849 0.064695 1 
2850 0.093168 1 
2852 0.072187 1 
2854 0.039675 1 
2855 0.049444 1 
2856 0.032638 1 
2857 0.050814 1 
2858 0.036440 1 
2859 0.020400 1 
2860 0.014651 1 
2862 0.033628 1 
2863 0.020074 1 
2864 0.031798 1 
2865 0.021913 1 
2866 0.024745 1 
2867 0.020523 1 
2868 0.068851 1 
2869 0.052381 1 
2871 0.130907 1 
2872 0.110278 1 
2873 0.094037 1 
2874 0.077774 1 
2875 0.058582 1 
2876 0.038266 1 
2878 0.083148 1 
2879 0.066173 1 
2880 0.065698 1 
2881 0.066599 1 
2882 0.050540 1 
2883 0.060549 1 
2884 0.044404 1 
2885 0.028178 1 
2886 0.029796 1 
2887 0.027342 1 
2889 0.080551 1 
2891 0.048324 1 
2892 0.039176 1 
2893 0.052341 1 
2894 0.036223 1 
2895 0.044032 1 
2896 0.045444 1 
2897 0.042888 1 
2899 0.021073 1 
2900 0.014023 1 
2901 0.016829 1 
2902 0.034415 1 
2904 0.030043 1 
2906 0.038714 1 
2907 0.022357 1 
2908 0.026489 1 
2910 0.016487 1 
2911 0.037718 1 
2912 0.024055 1 
2914 0.031406 1 
2915 0.019919 1 
2916 0.018152 1 
2917 0.031272 1 
2918 0.014977 1 
2919 0.034939 1 
2920 0.038736 1 
2921 0.057466 1 
2922 0.041231 1 
2923 0.017759 1 
2924 0.018775 1 
2925 0.017363 1 
2926 0.021963 1 
2927 0.015776 1 
2928 0.024140 1 
2929 0.022115 1 
2930 0.030239 1 
2931 0.018043 1 
2933 0.039464 1 
2934 0.041361 1 
2935 0.085495 1 
2936 0.069547 1 
2937 0.065104 1 
2938 0.072473 1 
2939 0.056047 1 
2941 0.027910 1 
2942 0.029892 1 
2943 0.034822 1 
2945 0.199165 1 
2946 0.191664 1 
2947 0.234368 1 
2948 0.215719 1 
2949 0.217826 1 
2950 0.200182 1 
2951 0.182303 1 
2952 0.220692 1 
2954 0.227046 1 
2955 0.211097 1 
2956 0.194900 1 
2958 0.162352 1 
2959 0.145666 1 
2967 0.037721 1 
2968 0.138243 1 
2969 0.116560 1 
2970 0.104988 1 
2972 0.072918 1 
2975 0.038074 1 
2976 0.027247 1 
2977 0.031761 1 
2979 0.033776 1 
2980 0.074603 1 
2981 0.102296 1 
2982 0.085918 1 
2983 0.069138 1 
2984 0.052932 1 
2985 0.052787 1 
2986 0.058313 1 
2987 0.042303 1 
2989 0.026071 1 
2990 0.009703 1 
2991 0.038746 1 
2992 0.022635 1 
2993 0.019140 1 
2994 0.012737 1 
2995 0.022547 1 
2996 0.019547 1 
2997 0.039567 1 
2998 0.023514 1 
2999 0.029454 1 
3000 0.038740 1 
3001 0.038162 1 
3002 0.021873 1 
3003 0.019172 1 
3004 0.018517 1 
3005 0.029276 1 
3006 0.028733 1 
3007 0.024825 1 
3008 0.022336 1 
3009 0.020868 1 
3010 0.016407 1 
3011 0.009871 1 
3012 0.042065 1 
3013 0.036563 1 
3014 0.023153 1 
3016 0.035003 1 
3017 0.035297 1 
3018 0.019280 1 
3019 0.029412 1 
3020 0.025884 1 
3021 0.035166 1 
3022 0.018909 1 
3023 0.025325 1 
3025 0.034286 1 
3026 0.018623 1 
3027 0.024176 1 
3028 0.022653 1 
3030 0.008355 1 
3032 0.037272 1 
3033 0.045212 1 
3034 0.051931 1 
3035 0.036734 1 
3038 0.027521 1 
3039 0.019311 1 
3040 0.063137 1 
3041 0.046858 1 
3042 0.030396 1 
3043 0.014197 1 
3044 0.020154 1 
3045 0.013679 1 
3046 0.020204 1 
3047 0.020166 1 
3048 0.012623 1 
3049 0.020918 1 
3051 0.028626 1 
3053 0.019053 1 
3054 0.021368 1 
3055 0.021379 1 
3056 0.013290 1 
3057 0.016486 1 
3058 0.020851 1 
3059 0.015179 1 
3061 0.023532 1 
3062 0.026778 1 
3063 0.018972 1 
3064 0.026792 1 
3065 0.018324 1 
3066 0.012562 1 
3067 0.016304 1 
3068 0.062936 1 
3069 0.417814 1 
3070 0.401913 1 
3071 0.439805 1 
3072 0.423682 1 
3073 0.407503 1 
3074 0.390939 1 
3075 0.374682 1 
3079 0.492233 1 
3080 0.479904 1 
3081 0.463780 1 
3082 0.467652 1 
3086 0.405322 1 
3109 0.132557 1 
3110 0.116324 1 
3111 0.171000 1 
3113 0.138127 1 
3114 0.121739 1 
3116 0.171422 1 
3117 0.155211 1 
3118 0.138736 1 
3119 0.124258 1 
3120 0.107752 1 
3121 0.135101 1 
3123 0.152848 1 
3126 0.104294 1 
3127 0.092132 1 
3128 0.076210 1 
3129 0.059561 1 
3130 0.074599 1 
3132 0.123991 1 
3133 0.155924 1 
3134 0.151771 1 
3135 0.135757 1 
3136 0.119735 1 
3137 0.121215 1 
3138 0.139497 1 
3140 0.197961 1 
3141 0.241795 1 
3142 0.228664 1 
3143 0.215823 1 
3144 0.199911 1 
3145 0.239978 1 
3146 0.223820 1 
3147 0.207763 1 
3148 0.191377 1 
3151 0.142384 1 
3155 0.095994 1 
3156 0.128021 1 
3157 0.128537 1 
3158 0.111755 1 
3159 0.095282 1 
3161 0.062462 1 
3162 0.056832 1 
3163 0.040675 1 
3164 0.043380 1 
3166 0.033211 1 
3167 0.017148 1 
3168 0.013788 1 
3169 0.051020 1 
3171 0.038742 1 
3172 0.040976 1 
3173 0.057566 1 
3174 0.041221 1 
3175 0.038611 1 
3176 0.022620 1 
3178 0.032209 1 
3179 0.062944 1 
3180 0.101455 1 
3181 0.084853 1 
3182 0.068725 1 
3183 0.052489 1 
3184 0.035904 1 
3185 0.025350 1 
3186 0.024745 1 
3188 0.018976 1 
3189 0.032126 1 
3190 0.026959 1 
3191 0.040089 1 
3192 0.023701 1 
3193 0.011929 1 
3194 0.022997 1 
3195 0.049790 1 
3196 0.033141 1 
3197 0.038580 1 
3198 0.022937 1 
3199 0.032325 1 
3200 0.019332 1 
3201 0.019495 1 
3202 0.023241 1 
3203 0.025969 1 
3204 0.032912 1 
3205 0.024601 1 
3206 0.032302 1 
3207 0.033720 1 
3208 0.026770 1 
3209 0.025945 1 
3210 0.043018 1 
3211 0.026511 1 
3212 0.023182 1 
3213 0.013608 1 
3215 0.020188 1 
3216 0.073087 1 
3217 0.057111 1 
3218 0.042740 1 
3219 0.080463 1 
3220 0.064453 1 
3221 0.066448 1 
3222 0.049911 1 
3224 0.035573 1 
3225 0.043313 1 
3226 0.034006 1 
3227 0.022138 1 
3229 0.009792 1 
3231 0.025489 1 
3232 0.040214 1 
3233 0.065640 1 
3234 0.049350 1 
3237 0.022475 1 
3238 0.015776 1 
3239 0.052881 1 
3240 0.058359 1 
3241 0.041824 1 
3242 0.026120 1 
3243 0.015513 1 
3244 0.021234 1 
3245 0.018664 1 
3246 0.013384 1 
3247 0.030347 1 
3248 0.047674 1 
3250 0.041499 1 
3252 0.038713 1 
3253 0.031928 1 
3254 0.031298 1 
3255 0.016021 1 
3256 0.018578 1 
3257 0.041324 1 
3258 0.034697 1 
3260 0.041029 1 
3261 0.031161 1 
3262 0.038314 1 
3263 0.022527 1 
3264 0.035682 1 
3265 0.024533 1 
3266 0.014274 1 
3267 0.025335 1 
3268 0.017583 1 
3269 0.033732 1 
3270 0.044002 1 
3271 0.027858 1 
3272 0.030288 1 
3273 0.039900 1 
3274 0.023345 1 
3276 0.026911 1 
3277 0.047132 1 
3278 0.038292 1 
3279 0.039496 1 
3280 0.030345 1 
3281 0.018756 1 
3282 0.025576 1 
3283 0.031983 1 
3284 0.015749 1 
3285 0.038360 1 
3287 0.028205 1 
3289 0.028002 1 
3290 0.025403 1 
3291 0.021961 1 
3292 0.026069 1 
3293 0.027419 1 
3294 0.092091 1 
3295 0.071204 1 
3297 0.064425 1 
3298 0.047947 1 
3299 0.031638 1 
3300 0.052998 1 
3302 0.024838 1 
3304 0.052904 1 
3305 0.036937 1 
3306 0.029974 1 
3308 0.027561 1 
3309 0.126550 1 
3310 0.109604 1 
3312 0.083952 1 
3313 0.066582 1 
3314 0.050206 1 
3315 0.084793 1 
3316 0.102762 1 
3317 0.086643 1 
3318 0.114489 1 
3319 0.097891 1 
3320 0.081756 1 
3321 0.065402 1 
3322 0.049164 1 
3323 0.043015 1 
3324 0.038154 1 
3325 0.099106 1 
3326 0.110277 1 
3327 0.094055 1 
3328 0.077999 1 
3329 0.061735 1 
3331 0.093345 1 
3332 0.077248 1 
3333 0.060814 1 
3334 0.062505 1 
3335 0.046054 1 
3336 0.050461 1 
3337 0.034207 1 
3339 0.029022 1 
3340 0.026655 1 
3341 0.029990 1 
3342 0.030003 1 
3343 0.050173 1 
3344 0.048471 1 
3345 0.032638 1 
3346 0.069707 1 
3347 0.052108 1 
3348 0.036264 1 
3349 0.051513 1 
3350 0.035485 1 
3352 0.022010 1 
3353 0.071808 1 
3354 0.056103 1 
3355 0.039742 1 
3356 0.025267 1 
3357 0.031965 1 
3358 0.030451 1 
3360 0.034123 1 
3361 0.017776 1 
3362 0.033944 1 
3363 0.026939 1 
3365 0.020975 1 
3366 0.009854 1 
3367 0.014336 1 
3368 0.009649 1 
3370 0.023378 1 
3371 0.049347 1 
3372 0.105417 1 
3373 0.089183 1 
3378 0.193563 1 
3379 0.196683 1 
3380 0.181508 1 
3381 0.185311 1 
3382 0.177139 1 
3385 0.170117 1 
3390 0.235664 1 
3391 0.252409 1 
3392 0.236439 1 
3393 0.219598 1 
3394 0.306005 1 
3395 0.301017 1 
3396 0.285027 1 
3397 0.276720 1 
3399 0.295962 1 
3406 0.254906 1 
3412 0.157420 1 
3414 0.125137 1 
3415 0.108198 1 
3416 0.091897 1 
3417 0.094978 1 
3418 0.125713 1 
3419 0.109632 1 
3420 0.147782 1 
3421 0.131561 1 
3423 0.122163 1 
3424 0.105775 1 
3425 0.088907 1 
3426 0.072719 1 
3428 0.049847 1 
3430 0.030299 1 
3431 0.055264 1 
3432 0.076567 1 
3433 0.060668 1 
3436 0.065887 1 
3437 0.055854 1 
3438 0.083575 1 
3439 0.066483 1 
3440 0.051050 1 
3441 0.038520 1 
3442 0.039162 1 
3443 0.022932 1 
3444 0.033521 1 
3445 0.040264 1 
3446 0.024014 1 
3447 0.040495 1 
3449 0.023804 1 
3451 0.036577 1 
3452 0.020302 1 
3453 0.030003 1 
3454 0.020730 1 
3459 0.102628 1 
3460 0.158007 1 
3461 0.142040 1 
3462 0.125848 1 
3463 0.110002 1 
3464 0.093800 1 
3465 0.076566 1 
3466 0.061141 1 
3467 0.045182 1 
3468 0.051093 1 
3469 0.050988 1 
3470 0.080936 1 
3471 0.064378 1 
3472 0.103205 1 
3473 0.087100 1 
3475 0.054447 1 
3476 0.078789 1 
3477 0.070647 1 
3478 0.054652 1 
3479 0.074112 1 
3480 0.092601 1 
3481 0.076769 1 
3482 0.060738 1 
3483 0.044761 1 
3484 0.056115 1 
3486 0.024968 1 
3488 0.025105 1 
3489 0.015423 1 
3490 0.008826 1 
3491 0.016237 1 
3492 0.034305 1 
3493 0.051463 1 
3494 0.035439 1 
3496 0.031337 1 
3497 0.024973 1 
3498 0.016463 1 
3499 0.019344 1 
3501 0.036587 1 
3503 0.018498 1 
3504 0.016310 1 
3505 0.015035 1 
3507 0.067140 1 
3508 0.115753 1 
3509 0.099597 1 
3511 0.067285 1 
3512 0.063237 1 
3513 0.054812 1 
3514 0.062601 1 
3515 0.046693 1 
3516 0.069911 1 
3517 0.052433 1 
3518 0.064997 1 
3519 0.058347 1 
3520 0.135151 1 
3521 0.119089 1 
3525 0.159908 1 
3526 0.143752 1 
3527 0.127496 1 
3528 0.166607 1 
3530 0.131898 1 
3531 0.117062 1 
3532 0.100782 1 
3533 0.111293 1 
3534 0.102634 1 
3535 0.086265 1 
3536 0.098268 1 
3538 0.065262 1 
3539 0.079036 1 
3540 0.094237 1 
3541 0.076374 1 
3542 0.062151 1 
3543 0.055714 1 
3544 0.093631 1 
3545 0.076274 1 
3546 0.059175 1 
3547 0.061544 1 
3548 0.045024 1 
3549 0.028474 1 
3551 0.041519 1 
3552 0.043177 1 
3553 0.112880 1 
3554 0.096329 1 
3555 0.080421 1 
3556 0.094575 1 
3557 0.078557 1 
3559 0.044483 1 
3560 0.074121 1 
3561 0.059334 1 
3562 0.066231 1 
