2024-09-03 17:38:42
../stream-replay/logs/rtt-6206@128.txt
1 0.097253 0 
2 0.081395 0 
7 0.126756 0 
8 0.124860 0 
9 0.108525 0 
10 0.212123 0 
11 0.196165 0 
12 0.188540 0 
13 0.257392 0 
14 0.240481 0 
15 0.223552 0 
16 0.322542 0 
17 0.305964 0 
18 0.289315 0 
19 0.404145 0 
20 0.387787 0 
21 0.411428 0 
22 0.394820 0 
23 0.378794 0 
24 0.362746 0 
25 0.512157 0 
26 0.495791 0 
27 0.479811 0 
28 0.817605 0 
29 0.801512 0 
31 0.769015 0 
32 0.754136 0 
33 0.738380 0 
34 0.890650 0 
35 0.874535 0 
36 0.861823 0 
37 0.842715 0 
38 0.851601 0 
40 0.897055 0 
41 0.880852 0 
42 0.864558 0 
43 0.848312 0 
45 0.831847 0 
47 0.820682 0 
48 0.803799 0 
50 0.960835 0 
53 0.928774 0 
54 0.912725 0 
55 0.896590 0 
56 0.880118 0 
57 0.926254 0 
58 0.909569 0 
59 0.895144 0 
60 1.080573 0 
61 1.062853 0 
62 1.043410 0 
63 1.024045 0 
64 1.004165 0 
66 0.972013 0 
68 0.971356 0 
69 1.065078 0 
70 1.048580 0 
71 1.031915 0 
72 1.016035 0 
73 1.000184 0 
74 0.983953 0 
76 1.009376 0 
77 0.993013 0 
78 0.975827 0 
79 1.012686 0 
80 1.016189 0 
81 1.000029 0 
82 0.983847 0 
83 1.075591 0 
84 1.059314 0 
85 1.043456 0 
86 1.040679 0 
87 1.044342 0 
88 1.027979 0 
89 1.057745 0 
90 1.040325 0 
92 1.044779 0 
93 1.080794 0 
95 1.272983 0 
96 1.256840 0 
97 1.427577 0 
98 1.411108 0 
99 1.395052 0 
100 1.448360 0 
101 1.430835 0 
103 1.399097 0 
105 1.378812 0 
106 1.475195 0 
107 1.459139 0 
108 1.442835 0 
109 1.532049 0 
110 1.515800 0 
111 1.499648 0 
113 1.693110 0 
114 1.676284 0 
115 1.660989 0 
116 1.720607 0 
118 1.688044 0 
120 1.705195 0 
121 1.689162 0 
122 1.729842 0 
124 1.696701 0 
125 1.690155 0 
126 1.667472 0 
128 1.634174 0 
129 1.751227 0 
130 1.735247 0 
131 1.716740 0 
132 1.741075 0 
133 1.905111 0 
134 1.888586 0 
135 1.873301 0 
136 1.857091 0 
137 1.840516 0 
138 1.915022 0 
139 1.898326 0 
140 1.882336 0 
141 1.925131 0 
142 1.908596 0 
143 2.094213 0 
144 2.077828 0 
145 2.061629 0 
147 2.108538 0 
148 2.092328 0 
149 2.072970 0 
150 2.055297 0 
151 2.038954 0 
152 2.414180 0 
153 2.393062 0 
155 2.522043 0 
156 2.505447 0 
157 2.489661 0 
158 2.473120 0 
159 2.457703 0 
160 2.441615 0 
161 2.491607 0 
162 2.475407 0 
163 2.459199 0 
164 2.442811 0 
165 2.424017 0 
166 2.407442 0 
168 2.507235 0 
169 2.491391 0 
170 2.471791 0 
171 2.708085 0 
172 2.691944 0 
173 2.681918 0 
174 2.665849 0 
176 2.630419 0 
177 2.746520 0 
178 2.730136 0 
179 2.759544 0 
181 2.727256 0 
182 2.781950 0 
183 2.765913 0 
184 2.749609 0 
186 2.899535 0 
187 2.883427 0 
188 2.936052 0 
189 2.919782 0 
190 2.896882 0 
191 2.873501 0 
193 2.870561 0 
194 2.892062 0 
195 2.884895 0 
196 2.869282 0 
197 2.848170 0 
198 2.831938 0 
199 2.869008 0 
200 2.851044 0 
201 2.833922 0 
203 2.845966 0 
204 2.829675 0 
205 2.837207 0 
206 2.820861 0 
207 2.802272 0 
208 2.786096 0 
209 2.947521 0 
210 2.933098 0 
211 2.916631 0 
212 2.940152 0 
213 2.923981 0 
214 2.906521 0 
215 2.889861 0 
216 2.874029 0 
217 2.850849 0 
218 2.834270 0 
219 2.893863 0 
220 2.877209 0 
221 2.860870 0 
222 2.860314 0 
223 2.838497 0 
224 2.822436 0 
225 2.846287 0 
226 2.954517 0 
227 2.938266 0 
228 3.000923 0 
230 3.006817 0 
231 2.990592 0 
232 2.974730 0 
233 2.958510 0 
234 2.942191 0 
236 2.998353 0 
237 2.982013 0 
239 3.071235 0 
240 3.054905 0 
241 3.038714 0 
242 3.022647 0 
244 2.989827 0 
246 2.951695 0 
247 2.993449 0 
248 3.060252 0 
249 3.043528 0 
252 3.060732 0 
253 3.044499 0 
254 3.028231 0 
256 3.181764 0 
257 3.161854 0 
258 3.250089 0 
259 3.233820 0 
260 3.212624 0 
261 3.196198 0 
262 3.180086 0 
263 3.163909 0 
265 3.213759 0 
267 3.181303 0 
268 3.165287 0 
269 3.149164 0 
270 3.239220 0 
271 3.222804 0 
272 3.206622 0 
273 3.268271 0 
275 3.235035 0 
276 3.240072 0 
277 3.222845 0 
278 3.206818 0 
279 3.228577 0 
280 3.212166 0 
281 3.195698 0 
282 3.179094 0 
283 3.162863 0 
284 3.145940 0 
285 3.129974 0 
286 3.204648 0 
287 3.188612 0 
288 3.172102 0 
289 3.208191 0 
291 3.453017 0 
292 3.493780 0 
293 3.488937 0 
294 3.470493 0 
295 3.454394 0 
296 3.437763 0 
297 3.421386 0 
298 3.411739 0 
299 3.395493 0 
300 3.379147 0 
302 3.367547 0 
304 3.335132 0 
305 3.318572 0 
306 3.412485 0 
307 3.396006 0 
308 3.375232 0 
309 3.450884 0 
310 3.434323 0 
312 3.419778 0 
313 3.403398 0 
314 3.387250 0 
315 3.452444 0 
317 3.419338 0 
319 3.406556 0 
320 3.390296 0 
321 3.577559 0 
323 3.543456 0 
324 3.529075 0 
325 3.531022 0 
327 3.497800 0 
328 3.481290 0 
329 3.465100 0 
330 3.449049 0 
331 3.431715 0 
332 3.492812 0 
334 3.599585 0 
335 3.621657 0 
336 3.605474 0 
337 3.589219 0 
338 3.573058 0 
339 3.553948 0 
340 3.532286 0 
341 3.514839 0 
342 3.565597 0 
343 3.549500 0 
344 3.533397 0 
346 3.501192 0 
347 3.485044 0 
348 3.487274 0 
349 3.471073 0 
350 3.454844 0 
351 3.438435 0 
352 3.422649 0 
354 3.397853 0 
355 3.381400 0 
356 3.365215 0 
357 3.434158 0 
358 3.415430 0 
359 3.399039 0 
364 3.564342 0 
365 3.547706 0 
367 3.509773 0 
368 3.559323 0 
369 3.542703 0 
370 3.526521 0 
371 3.510228 0 
372 3.504970 0 
373 3.488598 0 
375 3.470222 0 
380 3.546941 0 
381 3.523585 0 
382 3.542705 0 
383 3.526266 0 
385 3.493341 0 
386 3.573303 0 
387 3.557289 0 
388 3.539784 0 
389 3.523158 0 
392 3.662380 0 
393 3.732457 0 
394 3.715788 0 
395 3.899415 0 
396 3.883262 0 
397 3.864834 0 
398 3.914939 0 
399 3.894826 0 
400 3.922343 0 
402 3.889894 0 
403 3.873100 0 
404 3.859919 0 
405 3.843710 0 
406 3.827475 0 
407 3.846682 0 
408 3.827548 0 
409 3.810912 0 
410 3.804572 0 
411 3.788204 0 
412 3.769527 0 
413 3.764648 0 
414 3.748226 0 
415 3.731838 0 
416 3.884490 0 
417 3.868000 0 
418 3.851975 0 
419 3.835356 0 
420 3.819429 0 
421 3.802912 0 
422 3.818434 0 
423 3.802407 0 
424 3.785720 0 
425 3.865373 0 
426 3.848865 0 
427 3.832524 0 
429 3.798113 0 
430 3.780139 0 
431 3.764235 0 
432 3.747906 0 
433 3.731647 0 
434 3.715638 0 
435 3.835294 0 
436 3.819198 0 
438 3.785086 0 
439 3.768281 0 
440 3.751513 0 
441 3.735895 0 
443 3.830503 0 
447 4.114615 0 
448 4.096045 0 
451 4.116442 0 
452 4.099712 0 
453 4.083776 0 
454 4.257297 0 
455 4.240823 0 
456 4.230934 0 
457 4.214720 0 
458 4.235523 0 
459 4.417193 0 
460 4.401318 0 
461 4.385151 0 
462 4.370576 0 
464 4.356868 0 
466 4.324489 0 
467 4.316670 0 
468 4.298993 0 
469 4.282722 0 
470 4.348057 0 
471 4.332038 0 
472 4.328460 0 
474 4.295905 0 
475 4.280010 0 
476 4.265764 0 
477 4.251127 0 
478 4.234373 0 
479 4.271994 0 
480 4.255769 0 
481 4.239403 0 
482 4.223186 0 
483 4.206823 0 
484 4.190433 0 
485 4.296980 0 
486 4.280386 0 
487 4.264462 0 
488 4.405873 0 
490 4.508550 0 
491 4.556583 0 
492 4.533480 0 
495 4.608321 0 
496 4.588314 0 
497 4.668231 0 
498 4.651742 0 
499 4.635709 0 
501 4.697424 0 
503 4.664814 0 
504 4.723911 0 
505 4.708028 0 
506 4.691758 0 
507 4.675659 0 
508 5.078488 0 
509 5.062124 0 
511 5.075301 0 
512 5.058643 0 
513 5.042388 0 
514 5.065022 0 
516 5.032634 0 
518 5.017090 0 
519 5.001045 0 
520 5.001888 0 
522 4.969498 0 
523 4.945534 0 
524 4.928195 0 
526 4.895626 0 
527 4.944477 0 
528 4.928491 0 
529 4.912258 0 
530 4.907872 0 
531 4.887795 0 
532 4.956972 0 
533 4.940811 0 
534 4.924412 0 
535 4.908371 0 
536 4.892134 0 
537 4.875947 0 
538 4.859666 0 
539 4.843647 0 
540 4.867584 0 
541 4.852004 0 
542 4.835524 0 
543 4.818909 0 
545 4.818394 0 
546 4.802165 0 
547 4.786025 0 
548 4.769725 0 
549 4.752423 0 
550 4.744650 0 
551 4.853676 0 
553 4.821458 0 
554 4.804945 0 
555 4.785866 0 
556 4.769521 0 
557 4.850605 0 
558 4.834745 0 
559 4.829008 0 
560 4.810160 0 
561 4.794148 0 
562 4.778267 0 
563 4.811972 0 
564 4.795649 0 
567 5.212996 0 
568 5.196806 0 
569 5.248915 0 
570 5.233037 0 
571 5.356533 0 
572 5.340072 0 
574 5.306873 0 
575 5.287652 0 
576 5.365358 0 
577 5.373263 0 
579 5.341126 0 
580 5.324684 0 
581 5.358799 0 
582 5.342472 0 
584 5.306527 0 
585 5.408066 0 
586 5.392524 0 
587 5.376274 0 
588 5.359715 0 
589 5.343456 0 
591 5.371634 0 
592 5.371171 0 
593 5.468968 0 
594 5.452846 0 
595 5.432266 0 
597 5.524777 0 
598 5.506273 0 
599 5.503518 0 
601 5.470939 0 
602 5.508272 0 
603 5.497183 0 
604 5.480764 0 
605 5.464624 0 
606 5.448412 0 
607 5.431930 0 
608 5.416020 0 
609 5.444705 0 
610 5.428428 0 
611 5.412275 0 
612 5.436336 0 
613 5.420448 0 
614 5.403905 0 
615 5.393882 0 
616 5.377062 0 
617 5.360775 0 
618 5.450693 0 
619 5.434336 0 
620 5.418084 0 
621 5.437809 0 
622 5.421516 0 
623 5.400810 0 
624 5.435293 0 
625 5.419237 0 
626 5.402677 0 
628 5.432670 0 
629 5.415891 0 
630 5.422800 0 
631 5.406546 0 
632 5.388225 0 
633 5.420004 0 
634 5.403926 0 
635 5.486779 0 
639 5.492063 0 
640 5.475989 0 
642 5.441959 0 
644 5.408475 0 
645 5.388392 0 
646 5.368860 0 
647 5.352445 0 
650 5.303350 0 
651 5.287236 0 
652 5.271226 0 
655 5.364367 0 
656 5.344494 0 
657 5.361870 0 
658 5.353187 0 
659 5.330175 0 
660 5.313914 0 
661 5.299995 0 
663 5.276323 0 
665 5.412091 0 
666 5.437598 0 
667 5.421153 0 
668 5.404833 0 
669 5.389285 0 
670 5.416565 0 
671 5.400250 0 
673 5.363328 0 
674 5.390299 0 
675 5.373610 0 
676 5.467625 0 
677 5.449411 0 
678 5.432829 0 
679 5.416979 0 
680 5.453829 0 
681 5.437580 0 
682 5.542632 0 
683 5.526547 0 
684 5.571515 0 
685 5.586392 0 
686 5.562942 0 
687 5.543225 0 
689 5.982182 0 
690 6.070323 0 
691 6.054710 0 
692 6.038387 0 
693 6.022221 0 
694 6.004551 0 
695 6.185443 0 
696 6.169093 0 
697 6.153006 0 
698 6.162219 0 
700 6.269862 0 
702 6.237740 0 
703 6.221499 0 
704 6.205198 0 
705 6.187890 0 
706 6.179886 0 
707 6.230245 0 
708 6.214162 0 
710 6.178762 0 
711 6.163288 0 
712 6.147104 0 
713 6.162940 0 
715 6.177609 0 
717 6.145951 0 
718 6.128005 0 
719 6.111741 0 
721 6.107481 0 
722 6.100776 0 
723 6.084715 0 
725 6.070780 0 
726 6.054671 0 
727 6.038446 0 
728 6.016520 0 
729 6.014760 0 
730 5.998419 0 
731 6.001603 0 
732 6.035594 0 
733 6.019756 0 
734 6.002434 0 
735 5.986323 0 
736 5.970183 0 
737 5.978050 0 
738 5.962122 0 
739 5.945949 0 
740 5.926580 0 
741 5.909939 0 
742 5.935738 0 
744 5.901437 0 
745 5.891128 0 
746 5.910427 0 
747 5.894189 0 
748 5.878095 0 
749 5.861584 0 
750 5.911219 0 
752 5.878973 0 
753 5.862557 0 
754 5.846437 0 
755 5.828954 0 
756 5.812856 0 
757 5.796800 0 
758 6.104876 0 
759 6.088704 0 
760 6.070426 0 
761 6.056070 0 
762 6.039605 0 
763 6.023584 0 
765 5.991176 0 
766 5.975025 0 
767 5.958938 0 
768 5.957398 0 
769 5.941311 0 
770 5.925220 0 
771 5.915236 0 
773 5.972437 0 
774 5.956008 0 
775 6.072323 0 
776 6.133847 0 
778 6.101162 0 
779 6.084681 0 
780 6.068510 0 
781 6.109576 0 
783 6.077196 0 
784 6.147897 0 
785 6.138024 0 
786 6.561919 0 
787 6.545812 0 
788 6.529512 0 
790 6.604446 0 
791 6.588096 0 
792 6.571803 0 
793 6.555166 0 
794 6.538307 0 
795 6.555172 0 
796 6.539165 0 
797 6.788751 0 
798 6.796589 0 
800 6.854066 0 
801 6.838912 0 
802 6.822950 0 
803 6.806656 0 
804 6.790674 0 
805 6.770230 0 
806 6.753992 0 
807 6.737563 0 
808 6.843625 0 
809 6.827397 0 
810 6.811362 0 
811 6.950959 0 
812 6.935086 0 
813 6.916152 0 
814 6.900665 0 
815 6.884395 0 
816 6.868188 0 
817 6.845920 0 
818 6.998562 0 
819 6.982135 0 
820 6.966092 0 
821 6.949969 0 
822 7.006426 0 
823 6.990527 0 
824 6.974422 0 
827 6.993677 0 
828 6.978313 0 
831 6.998899 0 
832 6.982707 0 
833 6.966525 0 
834 7.034560 0 
836 7.127923 0 
837 7.112901 0 
838 7.104429 0 
839 7.088369 0 
841 7.119386 0 
843 7.088274 0 
844 7.071942 0 
845 7.054033 0 
846 7.037913 0 
849 6.985869 0 
850 6.966457 0 
851 6.949959 0 
854 6.952252 0 
855 6.936042 0 
856 6.920008 0 
857 6.904081 0 
858 6.950741 0 
859 6.933509 0 
860 6.916974 0 
862 6.884526 0 
864 6.852314 0 
865 6.835744 0 
866 6.819348 0 
867 6.841574 0 
868 6.825375 0 
869 6.809334 0 
870 6.825325 0 
872 6.792890 0 
873 6.850846 0 
874 6.835250 0 
875 6.818530 0 
876 6.815424 0 
877 6.798567 0 
878 6.782213 0 
879 6.880157 0 
880 6.863733 0 
881 6.847531 0 
882 6.857797 0 
883 6.841687 0 
912 6.366110 0 
914 6.413403 0 
916 6.380502 0 
917 6.445006 0 
918 6.428816 0 
920 6.395970 0 
921 6.379574 0 
922 6.460612 0 
924 6.428353 0 
925 6.412093 0 
926 6.497333 0 
927 6.481050 0 
928 6.464535 0 
930 6.492404 0 
931 6.864670 0 
932 6.849115 0 
933 6.833383 0 
934 6.816996 0 
935 6.802535 0 
936 6.786332 0 
937 6.770310 0 
938 6.906640 0 
939 6.890692 0 
940 7.091431 0 
941 7.075017 0 
943 7.113392 0 
944 7.097801 0 
945 7.081687 0 
946 7.168628 0 
947 7.152386 0 
948 7.136723 0 
949 7.134946 0 
951 7.102566 0 
952 7.086437 0 
953 7.190122 0 
954 7.173909 0 
955 7.155840 0 
957 7.414878 0 
958 7.458400 0 
959 7.442243 0 
960 7.425950 0 
961 7.409477 0 
962 7.531546 0 
964 7.496953 0 
965 7.564316 0 
966 7.548191 0 
967 7.531933 0 
968 7.515609 0 
969 7.496358 0 
970 7.482163 0 
972 7.456375 0 
973 7.581580 0 
974 7.608305 0 
975 7.602911 0 
977 7.571237 0 
978 7.554819 0 
979 7.559826 0 
980 7.543679 0 
982 7.569343 0 
983 7.552762 0 
984 7.536472 0 
985 7.520339 0 
986 7.527251 0 
987 7.511150 0 
989 7.476401 0 
990 7.654376 0 
991 7.679208 0 
992 7.662818 0 
993 7.646815 0 
994 7.630920 0 
995 7.614799 0 
996 7.830967 0 
997 7.814826 0 
999 7.782452 0 
1000 8.232438 0 
1001 8.216181 0 
1002 8.199920 0 
1003 8.191402 0 
1004 8.172740 0 
1005 8.152237 0 
1006 8.175567 0 
1007 8.211012 0 
1008 8.194547 0 
1009 8.371042 0 
1010 8.355319 0 
1011 8.338841 0 
1012 8.322680 0 
1013 8.391448 0 
1014 8.375396 0 
1017 8.477972 0 
1018 8.462377 0 
1019 8.445610 0 
1020 8.430261 0 
1021 8.413988 0 
1022 8.414648 0 
1023 8.398524 0 
1024 8.382450 0 
1027 8.596851 0 
1028 8.589243 0 
1029 8.609242 0 
1030 8.593216 0 
1031 8.980806 0 
1032 8.964738 0 
1033 8.994063 0 
1035 8.961912 0 
1037 8.930435 0 
1038 8.913037 0 
1040 8.880644 0 
1042 8.840727 0 
1043 8.824792 0 
1044 8.807508 0 
1045 8.792168 0 
1048 8.894759 0 
1049 8.878648 0 
1050 8.863271 0 
1051 8.846953 0 
1052 8.823979 0 
1054 8.941812 0 
1055 8.925225 0 
1056 8.918540 0 
1057 8.902323 0 
1058 8.920088 0 
1059 8.903671 0 
1061 8.887206 0 
1063 8.853907 0 
1064 8.938814 0 
1065 8.965501 0 
1066 8.945512 0 
1067 8.929687 0 
1068 8.913585 0 
1069 9.096392 0 
1071 9.062456 0 
1072 9.047265 0 
1073 9.029035 0 
1075 9.176103 0 
1076 9.153692 0 
1077 9.167089 0 
1078 9.150888 0 
1079 9.134537 0 
1080 9.193312 0 
1081 9.177670 0 
1082 9.161546 0 
1083 9.236491 0 
1084 9.219877 0 
1085 9.208429 0 
1087 9.215576 0 
1088 9.228307 0 
1089 9.236591 0 
1090 9.220356 0 
1091 9.204219 0 
1092 9.187779 0 
1093 9.171684 0 
1094 9.155579 0 
1095 9.153365 0 
1096 9.137164 0 
1098 9.106534 0 
1100 9.210836 0 
1101 9.195045 0 
1102 9.178810 0 
1103 9.366104 0 
1104 9.350421 0 
1105 9.330582 0 
1106 9.533748 0 
1108 9.500783 0 
1109 9.550817 0 
1110 9.608359 0 
1111 9.592238 0 
1113 9.559047 0 
1115 9.527123 0 
1116 9.554628 0 
1117 9.537441 0 
1119 9.504408 0 
1120 9.714153 0 
1121 9.698231 0 
1123 9.665661 0 
1124 9.647974 0 
1125 9.630968 0 
1126 9.632420 0 
1127 9.616282 0 
1128 9.600128 0 
1129 9.757136 0 
1130 9.741370 0 
1131 9.728450 0 
1132 9.712007 0 
1133 9.695569 0 
1134 9.679033 0 
1135 9.670506 0 
1136 9.747461 0 
1137 9.731125 0 
1138 9.714300 0 
1139 9.699099 0 
1140 9.683029 0 
1142 9.683723 0 
1143 9.663401 0 
1144 9.646948 0 
1145 9.630844 0 
1146 9.855980 0 
1147 9.855560 0 
1148 9.839580 0 
1150 9.806952 0 
1151 9.790712 0 
1152 9.774078 0 
1153 9.765434 0 
1154 9.749272 0 
1155 9.843648 0 
1156 9.826982 0 
1157 9.811236 0 
1158 9.793960 0 
1160 9.979801 0 
1161 9.961559 0 
1163 9.925082 0 
1164 9.909533 0 
1165 9.892404 0 
1166 9.900359 0 
1167 9.884415 0 
1168 9.867814 0 
1169 9.918417 0 
1171 9.886080 0 
1172 10.055833 0 
1173 10.038961 0 
1174 10.079962 0 
1176 10.047415 0 
1177 10.031367 0 
1178 10.020013 0 
1179 9.995964 0 
1181 10.028328 0 
1182 10.012021 0 
1183 9.995898 0 
1184 9.988156 0 
1185 9.998613 0 
1186 9.980410 0 
1188 9.947966 0 
1189 10.024161 0 
1190 10.096611 0 
1191 10.078673 0 
1192 10.057861 0 
1193 10.041315 0 
1194 10.040176 0 
1195 10.146957 0 
1196 10.130927 0 
1198 10.098692 0 
1199 10.082318 0 
1290 8.562496 0 
1291 8.577621 0 
1292 8.560021 0 
1293 8.543848 0 
1294 8.527801 0 
1295 8.615741 0 
1297 8.628528 0 
1299 8.597554 0 
1300 8.581711 0 
1301 8.593472 0 
1302 8.712967 0 
1303 8.695657 0 
1304 8.679358 0 
1305 8.721137 0 
1307 8.688463 0 
1308 8.749748 0 
1309 8.733406 0 
1310 8.716821 0 
1312 8.744863 0 
1314 8.994796 0 
1315 8.978811 0 
1316 8.956059 0 
1318 9.017003 0 
1322 9.171756 0 
1323 9.155677 0 
1324 9.164365 0 
1325 9.144265 0 
1326 9.129440 0 
1327 9.311386 0 
1328 9.296186 0 
1329 9.328377 0 
1330 9.311969 0 
1331 9.295391 0 
1332 9.279678 0 
1333 9.263210 0 
1334 9.251345 0 
1335 9.234717 0 
1336 9.276660 0 
1337 9.260829 0 
1338 9.269582 0 
1339 9.253913 0 
1341 9.289131 0 
1342 9.273278 0 
1343 9.266382 0 
1344 9.286649 0 
1345 9.270339 0 
1346 9.499010 0 
1347 9.483162 0 
1349 9.448771 0 
1350 9.432394 0 
1351 9.414600 0 
1352 9.394635 0 
1353 9.509142 0 
1354 9.493235 0 
1355 9.477218 0 
1356 9.479913 0 
1357 9.463833 0 
1358 9.447431 0 
1359 9.474679 0 
1360 9.458396 0 
1362 9.417486 0 
1363 9.489630 0 
1364 9.474037 0 
1365 9.577446 0 
1366 9.561976 0 
1367 9.804944 0 
1368 9.789264 0 
1370 9.757862 0 
1371 9.780714 0 
1372 9.786448 0 
1373 10.010856 0 
1375 10.004292 0 
1376 9.989957 0 
1377 9.973516 0 
1378 9.957675 0 
1380 10.053895 0 
1381 10.037004 0 
1382 10.045804 0 
1383 10.027976 0 
1384 10.011749 0 
1385 10.075544 0 
1387 10.041546 0 
1388 10.075869 0 
1389 10.057384 0 
1390 10.219231 0 
1392 10.239595 0 
1393 10.277980 0 
1394 10.261717 0 
1395 10.245704 0 
1397 10.244967 0 
1398 10.228545 0 
1399 10.212862 0 
1400 10.196757 0 
1401 10.199227 0 
1402 10.182988 0 
1403 10.177098 0 
1404 10.277878 0 
1405 10.261320 0 
1406 10.245681 0 
1407 10.229748 0 
1408 10.210016 0 
1409 10.193377 0 
1410 10.281366 0 
1411 10.262894 0 
1412 10.246537 0 
1413 10.241130 0 
1414 10.224965 0 
1417 10.241303 0 
1418 10.224828 0 
1419 10.227741 0 
1420 10.211560 0 
1421 10.219080 0 
1422 10.370912 0 
1424 10.338501 0 
1425 10.537581 0 
1426 10.521679 0 
1427 10.505438 0 
1428 10.488990 0 
1429 10.472926 0 
1430 10.456694 0 
1431 10.440270 0 
1433 10.491986 0 
1434 10.475539 0 
1435 10.459347 0 
1436 10.443292 0 
1438 10.410851 0 
1440 10.536005 0 
1441 10.528173 0 
1442 10.541846 0 
1443 10.525523 0 
1446 10.724790 0 
1447 10.708619 0 
1448 10.722430 0 
1449 10.707670 0 
1450 10.691427 0 
1451 10.668370 0 
1452 10.776057 0 
1453 10.760158 0 
1454 10.990090 0 
1455 10.974022 0 
1456 10.957829 0 
1457 11.093148 0 
1459 11.061040 0 
1461 11.184155 0 
1462 11.167783 0 
1463 11.153059 0 
1464 11.137017 0 
1465 11.120397 0 
1466 11.104218 0 
1467 11.237104 0 
1469 11.204315 0 
1470 11.233684 0 
1471 11.217961 0 
1472 11.223879 0 
1473 11.223063 0 
1474 11.201730 0 
1475 11.182105 0 
1476 11.165828 0 
1477 11.149852 0 
1478 11.155883 0 
1479 11.139180 0 
1480 11.125548 0 
1481 11.109246 0 
1482 11.145018 0 
1483 11.128834 0 
1485 11.096575 0 
1486 11.121191 0 
1487 11.102411 0 
1488 11.085988 0 
1489 11.149670 0 
1490 11.133604 0 
1491 11.117135 0 
1492 11.100723 0 
1493 11.193144 0 
1494 11.176939 0 
1496 11.288016 0 
1498 11.255604 0 
1499 11.239113 0 
1500 11.542124 0 
1501 11.525863 0 
1502 11.504993 0 
1503 11.490672 0 
1504 11.635191 0 
1506 11.602557 0 
1507 11.830580 0 
1508 11.814541 0 
1509 11.798456 0 
1511 11.803685 0 
1513 11.771269 0 
1514 11.751457 0 
1515 11.735516 0 
1517 11.720199 0 
1518 11.704094 0 
1519 11.762376 0 
1521 11.729319 0 
1522 11.713335 0 
1523 11.696057 0 
1524 11.680092 0 
1525 11.664085 0 
1526 11.742066 0 
1527 11.725749 0 
1528 11.740526 0 
1529 11.721522 0 
1530 11.705376 0 
1531 11.699121 0 
1532 11.686281 0 
1533 11.670185 0 
1534 11.653738 0 
1535 11.675724 0 
1536 11.659290 0 
1537 11.686579 0 
1538 11.670512 0 
1540 11.913528 0 
1541 11.895158 0 
1542 11.924675 0 
1543 11.946259 0 
1544 11.939209 0 
1545 11.985235 0 
1546 11.969389 0 
1548 11.928635 0 
1549 11.923021 0 
1550 11.906623 0 
1551 11.890126 0 
1552 11.874069 0 
1553 11.867170 0 
1554 11.843369 0 
1555 11.829698 0 
1556 11.813733 0 
1557 11.797053 0 
1558 11.821426 0 
1559 11.805136 0 
1561 11.789059 0 
1562 11.771465 0 
1563 11.755220 0 
1564 11.854220 0 
1565 11.834904 0 
1566 11.818752 0 
1567 11.954873 0 
1569 11.923085 0 
1570 11.948176 0 
1571 11.931987 0 
1572 11.983467 0 
1574 11.951235 0 
1575 11.933923 0 
1576 11.918164 0 
1577 11.901907 0 
1579 11.948606 0 
1795 8.323794 0 
1796 8.307628 0 
1797 8.362149 0 
1798 8.346404 0 
1799 8.330181 0 
1800 8.313942 0 
1801 8.316813 0 
1802 8.298301 0 
1803 8.408009 0 
1804 8.392169 0 
1805 8.376127 0 
1806 8.360158 0 
1807 8.514184 0 
1808 8.516687 0 
1809 8.500432 0 
1810 8.485004 0 
1811 8.554910 0 
1812 8.538856 0 
1813 8.522668 0 
1814 8.523525 0 
1815 8.504775 0 
1816 8.488019 0 
1817 8.486576 0 
1818 8.470288 0 
1819 8.453722 0 
1820 8.437930 0 
1822 8.496771 0 
1823 8.717789 0 
1824 8.701570 0 
1825 8.685310 0 
1826 8.670563 0 
1827 8.654190 0 
1828 8.638407 0 
1829 8.621972 0 
1831 8.587037 0 
1832 8.590203 0 
1833 8.574064 0 
1834 8.565991 0 
1836 8.533141 0 
1838 8.605920 0 
1839 8.711843 0 
1840 8.710994 0 
1841 8.704126 0 
1844 8.654933 0 
1845 8.649644 0 
1846 8.646200 0 
1847 8.693383 0 
1848 8.677217 0 
1849 8.661011 0 
1850 8.644648 0 
1851 8.690933 0 
1852 8.671000 0 
1853 8.735514 0 
1854 8.719075 0 
1855 8.801852 0 
1857 8.782288 0 
1859 8.749939 0 
1860 8.733823 0 
1861 8.714597 0 
1862 8.698237 0 
1863 8.682353 0 
1864 8.667178 0 
1865 8.650916 0 
1867 8.616356 0 
1868 8.791790 0 
1869 8.772516 0 
1870 8.849001 0 
1871 8.829691 0 
1872 8.806417 0 
1873 8.785163 0 
1874 8.776656 0 
1875 8.760311 0 
1876 8.742248 0 
1877 8.830388 0 
1878 8.809851 0 
1879 8.793397 0 
1880 8.795601 0 
1881 8.779478 0 
1883 8.925970 0 
1884 8.903351 0 
1885 8.904653 0 
1886 8.888376 0 
1887 8.869371 0 
1888 8.959298 0 
1889 8.943041 0 
1890 8.926279 0 
1891 9.060664 0 
1892 9.044672 0 
1894 9.012649 0 
1896 8.980441 0 
1897 8.963943 0 
1898 8.968696 0 
1899 8.952923 0 
1900 8.936733 0 
1901 8.987794 0 
1902 8.971289 0 
1904 8.986501 0 
1905 8.970430 0 
1906 8.953370 0 
1907 8.954937 0 
1909 9.089251 0 
1911 9.139380 0 
1912 9.123277 0 
1913 9.177398 0 
1915 9.143079 0 
1916 9.294000 0 
1917 9.277852 0 
1919 9.242449 0 
1920 9.226406 0 
1921 9.209956 0 
1922 9.193986 0 
1923 9.174884 0 
1924 9.197339 0 
1925 9.229615 0 
1926 9.213760 0 
1927 9.197509 0 
1928 9.182132 0 
1929 9.165796 0 
1930 9.144002 0 
1931 9.247512 0 
1932 9.231360 0 
1933 9.214719 0 
1934 9.273261 0 
1935 9.257258 0 
1936 9.318424 0 
1938 9.283167 0 
1939 9.263753 0 
1940 9.271099 0 
1941 9.269949 0 
1942 9.289075 0 
1943 9.278259 0 
1944 9.262610 0 
1946 9.228079 0 
1947 9.207916 0 
1948 9.339138 0 
1949 9.322703 0 
1950 9.302864 0 
1951 9.316503 0 
1952 9.300277 0 
1953 9.276102 0 
1954 9.260362 0 
1955 9.244186 0 
1956 9.228044 0 
1957 9.211884 0 
1959 9.179470 0 
1960 9.288480 0 
1961 9.273099 0 
1962 9.331776 0 
1963 9.315766 0 
1964 9.294662 0 
1965 9.278412 0 
1967 9.245913 0 
1968 9.229842 0 
1969 9.215243 0 
1970 9.273860 0 
1972 9.241630 0 
1973 9.224398 0 
1975 9.460541 0 
1977 9.428199 0 
1978 9.413251 0 
1979 9.397052 0 
1980 9.394062 0 
1981 9.510418 0 
1982 9.494099 0 
1984 9.458643 0 
1985 9.575091 0 
1986 9.740309 0 
1987 9.724118 0 
1988 9.708107 0 
1989 9.697378 0 
1990 9.681321 0 
1991 9.754159 0 
1992 9.732103 0 
1994 9.699878 0 
1995 9.708325 0 
1996 9.692062 0 
1997 9.675790 0 
1999 9.730082 0 
2000 9.713765 0 
2001 9.814414 0 
2002 9.796477 0 
2003 9.779599 0 
2004 9.763760 0 
2005 9.747589 0 
2006 9.724869 0 
2007 9.708564 0 
2008 9.689087 0 
2009 9.668250 0 
2010 9.671351 0 
2011 9.649014 0 
2012 9.690401 0 
2013 9.673462 0 
2015 9.719184 0 
2016 9.706159 0 
2017 9.689159 0 
2018 9.675616 0 
2019 9.703493 0 
2021 9.667762 0 
2022 9.651364 0 
2023 9.635093 0 
2024 9.618941 0 
2025 9.602573 0 
2026 9.584754 0 
2027 9.568572 0 
2028 9.552521 0 
2030 9.545260 0 
2031 9.529054 0 
2032 9.512990 0 
2033 9.494211 0 
2035 9.461442 0 
2037 9.452520 0 
2038 9.502901 0 
2039 9.577061 0 
2040 9.557557 0 
2043 9.532666 0 
2044 9.516613 0 
2045 9.610364 0 
2046 9.594457 0 
2047 9.578104 0 
2048 9.560903 0 
2050 9.527590 0 
2051 9.528919 0 
2052 9.554829 0 
2053 9.538363 0 
2054 9.521983 0 
2056 9.540774 0 
2059 9.608653 0 
2060 9.593360 0 
2061 9.671705 0 
2062 9.655479 0 
2063 9.639466 0 
2064 9.622882 0 
2066 9.590698 0 
2067 9.574306 0 
2068 9.556692 0 
2069 9.549520 0 
2070 9.533504 0 
2071 9.517371 0 
2072 9.501313 0 
2073 9.837260 0 
2074 9.816249 0 
2075 9.872359 0 
2076 9.856276 0 
2077 9.840193 0 
2078 9.906525 0 
2079 9.890320 0 
2080 9.874097 0 
2286 6.497481 0 
2287 6.495034 0 
2288 6.478638 0 
2289 6.456361 0 
2290 6.439790 0 
2292 6.421733 0 
2294 6.411999 0 
2295 6.396064 0 
2296 6.379868 0 
2297 6.363193 0 
2298 6.363156 0 
2299 6.351428 0 
2300 6.335381 0 
2302 6.311790 0 
2303 6.295696 0 
2304 6.279269 0 
2305 6.263289 0 
2307 6.291451 0 
2309 6.326608 0 
2310 6.306290 0 
2311 6.290243 0 
2313 6.266748 0 
2314 6.260534 0 
2315 6.244370 0 
2317 6.230845 0 
2318 6.214488 0 
2319 6.198220 0 
2320 6.295246 0 
2321 6.279049 0 
2322 6.254656 0 
2323 6.261545 0 
2324 6.245415 0 
2325 6.418033 0 
2326 6.401813 0 
2328 6.499978 0 
2329 6.509584 0 
2330 6.493486 0 
2331 6.478277 0 
2332 6.461799 0 
2333 6.445727 0 
2334 6.429638 0 
2336 6.454715 0 
2337 6.437973 0 
2338 6.421770 0 
2339 6.405622 0 
2340 6.389223 0 
2341 6.373263 0 
2342 6.364036 0 
2344 6.331607 0 
2345 6.315700 0 
2346 6.340307 0 
2347 6.321283 0 
2348 6.304885 0 
2349 6.310831 0 
2350 6.294400 0 
2351 6.303984 0 
2352 6.287751 0 
2353 6.271887 0 
2354 6.271784 0 
2355 6.255208 0 
2360 6.436238 0 
2361 6.415395 0 
2362 6.399333 0 
2363 6.447177 0 
2365 6.450649 0 
2366 6.427667 0 
2370 6.520997 0 
2371 6.505164 0 
2372 6.488946 0 
2373 6.473818 0 
2375 6.454764 0 
2376 6.438499 0 
2377 6.581671 0 
2378 6.563275 0 
2379 6.546610 0 
2380 6.531295 0 
2384 6.593065 0 
2385 6.576725 0 
2386 6.560306 0 
2387 6.541347 0 
2388 6.598848 0 
2389 6.582963 0 
2390 6.566939 0 
2392 6.654588 0 
2393 6.638317 0 
2394 6.622323 0 
2395 6.901489 0 
2396 6.885301 0 
2397 6.865954 0 
2398 6.849387 0 
2399 7.030929 0 
2400 7.007005 0 
2401 6.991280 0 
2404 6.942719 0 
2405 6.926592 0 
2406 6.910101 0 
2407 7.073650 0 
2408 7.057685 0 
2409 7.088292 0 
2410 7.095861 0 
2411 7.083189 0 
2412 7.067600 0 
2413 7.051230 0 
2414 7.034901 0 
2415 7.018771 0 
2416 7.015112 0 
2417 6.998677 0 
2419 7.125055 0 
2420 7.104883 0 
2421 7.113908 0 
2422 7.097672 0 
2423 7.080982 0 
2424 7.057239 0 
2425 7.207098 0 
2426 7.191070 0 
2428 7.209106 0 
2429 7.237412 0 
2430 7.221178 0 
2431 7.275370 0 
2433 7.239641 0 
2435 7.206944 0 
2436 7.191089 0 
2438 7.334775 0 
2441 7.293621 0 
2442 7.276975 0 
2443 7.260792 0 
2444 7.357527 0 
2445 7.341337 0 
2446 7.325100 0 
2447 7.313987 0 
2448 7.306397 0 
2449 7.290262 0 
2450 7.308972 0 
2451 7.292923 0 
2452 7.276734 0 
2454 7.295276 0 
2456 7.317072 0 
2457 7.297600 0 
2459 7.317869 0 
2460 7.300635 0 
2461 7.284635 0 
2462 7.406994 0 
2464 7.382493 0 
2465 7.367243 0 
2466 7.351104 0 
2467 7.334864 0 
2468 7.314705 0 
2469 7.298529 0 
2470 7.282704 0 
2471 7.365310 0 
2472 7.349031 0 
2474 7.382409 0 
2475 7.365844 0 
2476 7.349454 0 
2477 7.449673 0 
2478 7.433697 0 
2480 7.654951 0 
2481 7.660139 0 
2482 7.643900 0 
2483 7.643960 0 
2484 7.627594 0 
2485 7.649057 0 
2486 7.631230 0 
2487 7.657172 0 
2488 7.641963 0 
2489 7.625822 0 
2491 7.657629 0 
2493 7.622589 0 
2494 7.606128 0 
2495 7.603209 0 
2496 7.583551 0 
2497 7.567267 0 
2498 7.644882 0 
2499 7.628882 0 
2501 7.596957 0 
2502 7.698568 0 
2503 7.682253 0 
2504 7.659165 0 
2506 7.752709 0 
2508 7.713743 0 
2509 7.697362 0 
2510 7.681212 0 
2512 7.706771 0 
2513 7.809153 0 
2514 7.793114 0 
2516 7.754434 0 
2517 7.793640 0 
2518 7.777388 0 
2520 7.745271 0 
2522 7.900024 0 
2523 7.883697 0 
2524 7.914790 0 
2525 7.899116 0 
2526 7.883279 0 
2527 7.867108 0 
2528 7.974487 0 
2529 7.955532 0 
2530 8.061671 0 
2531 8.045232 0 
2532 8.028661 0 
2533 8.012833 0 
2535 7.977656 0 
2536 7.961279 0 
2537 7.945046 0 
2538 7.928747 0 
2539 8.059577 0 
2540 8.043708 0 
2541 8.028457 0 
2543 8.121232 0 
2544 8.103741 0 
2545 8.087316 0 
2546 8.092798 0 
2547 8.076771 0 
2548 8.118281 0 
2549 8.101856 0 
2550 8.085483 0 
2551 8.069691 0 
2552 8.053543 0 
2553 8.071359 0 
2554 8.055250 0 
2556 8.019564 0 
2557 8.003507 0 
2558 8.030278 0 
2559 8.013023 0 
2560 8.185985 0 
2561 8.170032 0 
2562 8.153388 0 
2564 8.121692 0 
2565 8.105780 0 
2566 8.175446 0 
2567 8.155973 0 
2569 8.123709 0 
2570 8.148833 0 
2571 8.132369 0 
2572 8.194119 0 
2574 8.159806 0 
2663 6.741484 0 
2664 6.900121 0 
2665 6.883850 0 
2666 7.029746 0 
2667 7.013195 0 
2668 6.997015 0 
2669 6.981020 0 
2670 7.034419 0 
2671 7.018250 0 
2673 7.093716 0 
2674 7.075484 0 
2675 7.058343 0 
2676 7.042326 0 
2677 7.041507 0 
2680 7.140892 0 
2681 7.239853 0 
2682 7.223451 0 
2683 7.207194 0 
2684 7.191580 0 
2685 7.175210 0 
2686 7.293084 0 
2687 7.276858 0 
2688 7.260293 0 
2690 7.229017 0 
2692 7.196635 0 
2693 7.189029 0 
2694 7.173188 0 
2695 7.164271 0 
2696 7.148305 0 
2697 7.185718 0 
2698 7.169635 0 
2700 7.228870 0 
2701 7.206047 0 
2702 7.189960 0 
2703 7.174019 0 
2705 7.141690 0 
2707 7.108499 0 
2708 7.092544 0 
2709 7.076430 0 
2711 7.234208 0 
2712 7.222162 0 
2713 7.205185 0 
2715 7.172233 0 
2716 7.155956 0 
2717 7.139727 0 
2718 7.172994 0 
2719 7.155159 0 
2720 7.138915 0 
2724 7.329933 0 
2726 7.344166 0 
2727 7.327736 0 
2729 7.395930 0 
2730 7.379813 0 
2731 7.406475 0 
2732 7.389991 0 
2734 7.419873 0 
2735 7.403352 0 
2736 7.387613 0 
2737 7.439670 0 
2738 7.423089 0 
2739 7.406692 0 
2740 7.480194 0 
2742 7.444306 0 
2743 7.428023 0 
2744 7.439530 0 
2745 7.420134 0 
2746 7.396387 0 
2747 7.399188 0 
2748 7.379931 0 
2749 7.364032 0 
2750 7.388751 0 
2751 7.373152 0 
2753 7.354687 0 
2755 7.322266 0 
2756 7.534362 0 
2757 7.517933 0 
2758 7.515892 0 
2759 7.546550 0 
2760 7.530726 0 
2761 7.514526 0 
2763 7.482276 0 
2764 7.466099 0 
2765 7.511649 0 
2766 7.513295 0 
2768 7.479788 0 
2769 7.463868 0 
2770 7.447952 0 
2771 7.462008 0 
2773 7.426881 0 
2774 7.434261 0 
2775 7.417933 0 
2776 7.401151 0 
2777 7.403489 0 
2778 7.387062 0 
2780 7.365850 0 
2781 7.349176 0 
2782 7.433329 0 
2783 7.413751 0 
2784 7.396904 0 
2785 7.381229 0 
2786 7.387972 0 
2787 7.371620 0 
2788 7.355213 0 
2790 7.375047 0 
2791 7.359178 0 
2794 7.349257 0 
2795 7.333011 0 
2796 7.336306 0 
2797 7.495923 0 
2798 7.479863 0 
2799 7.463197 0 
2800 7.532235 0 
2801 7.514006 0 
2804 7.635134 0 
2805 7.619126 0 
2806 7.613904 0 
2807 7.596773 0 
2808 7.580680 0 
2809 7.564270 0 
2810 7.554318 0 
2811 7.566967 0 
2812 7.550843 0 
2813 7.534448 0 
2814 7.516417 0 
2815 7.524070 0 
2817 7.525647 0 
2818 7.506627 0 
2819 7.492086 0 
2820 7.476223 0 
2821 7.471492 0 
2822 7.508329 0 
2823 7.491556 0 
2824 7.473465 0 
2826 7.484716 0 
2827 7.499956 0 
2828 7.477192 0 
2829 7.463732 0 
2831 7.431093 0 
2833 7.464740 0 
2834 7.448784 0 
2835 7.450006 0 
2836 7.434025 0 
2839 7.414170 0 
2840 7.398008 0 
2841 7.463610 0 
2842 7.447643 0 
2844 7.448177 0 
2845 7.432145 0 
2846 7.416174 0 
2847 7.400521 0 
2848 7.380808 0 
2849 7.370896 0 
2850 7.378426 0 
2852 7.342515 0 
2854 7.321734 0 
2855 7.331403 0 
2856 7.315297 0 
2857 7.299147 0 
2858 7.282774 0 
2859 7.289982 0 
2860 7.270606 0 
2862 7.237987 0 
2864 7.444609 0 
2865 7.445394 0 
2866 7.429425 0 
2867 7.434986 0 
2868 7.418857 0 
2869 7.480202 0 
2870 7.464198 0 
2871 7.452844 0 
2872 7.730355 0 
2873 7.714568 0 
2874 7.698540 0 
2875 7.683576 0 
2876 7.760442 0 
2878 7.731444 0 
2879 7.715162 0 
2880 7.765929 0 
2881 7.742687 0 
2882 7.726261 0 
2883 7.766964 0 
2884 7.750799 0 
2885 7.734418 0 
2886 7.718228 0 
2887 7.701752 0 
2889 7.777867 0 
2891 7.740091 0 
2892 7.713614 0 
2894 7.752637 0 
2895 7.758548 0 
2899 7.822526 0 
2900 7.805915 0 
2901 7.790060 0 
2902 7.795096 0 
2904 7.772649 0 
2906 7.763190 0 
2907 7.769231 0 
2908 7.753245 0 
2910 7.720282 0 
2911 7.781903 0 
2912 7.765737 0 
2914 7.733270 0 
2915 7.717267 0 
2916 7.701089 0 
2917 7.684933 0 
2918 7.668720 0 
2919 7.652943 0 
2921 7.723285 0 
2922 7.706472 0 
2923 7.760105 0 
2924 7.744333 0 
2925 7.727992 0 
2926 7.737836 0 
2927 7.739095 0 
2928 7.722897 0 
2929 7.706429 0 
2930 7.710961 0 
2931 7.694769 0 
2933 7.661315 0 
2934 7.752192 0 
2935 7.736104 0 
2936 7.742716 0 
2937 7.726791 0 
2938 7.788967 0 
2939 7.772363 0 
2941 7.740121 0 
2942 7.738577 0 
2943 7.722158 0 
2944 7.705935 0 
2945 7.719093 0 
2946 7.702595 0 
2947 7.686644 0 
2948 7.670548 0 
3057 5.920748 0 
3058 5.904653 0 
3059 5.888486 0 
3061 5.856918 0 
3062 5.887650 0 
3063 5.870753 0 
3064 5.854625 0 
3065 5.838110 0 
3066 5.825162 0 
3067 5.808929 0 
3068 5.793103 0 
3069 5.795169 0 
3070 5.877817 0 
3071 5.857840 0 
3072 5.841685 0 
3073 5.825485 0 
3074 5.809371 0 
3075 5.793198 0 
3077 5.870957 0 
3078 5.853880 0 
3079 5.836198 0 
3080 5.817364 0 
3081 5.801020 0 
3082 5.784863 0 
3083 5.768895 0 
3090 6.288124 0 
3091 6.269848 0 
3092 6.354463 0 
3093 6.335982 0 
3094 6.319732 0 
3095 6.349664 0 
3096 6.331534 0 
3098 6.297771 0 
3099 6.273811 0 
3100 6.266088 0 
3105 6.617074 0 
3106 6.600604 0 
3107 6.584172 0 
3109 6.551547 0 
3111 6.637445 0 
3113 6.605021 0 
3114 6.816703 0 
3115 6.803325 0 
3116 6.784728 0 
3117 6.794077 0 
3118 6.777715 0 
3119 6.772270 0 
3120 6.838152 0 
3121 6.822113 0 
3122 6.856557 0 
3123 6.854903 0 
3124 6.838909 0 
3125 6.822804 0 
3126 6.867547 0 
3127 6.853366 0 
3128 6.891989 0 
3129 6.875560 0 
3130 6.859785 0 
3132 6.843325 0 
3133 6.827242 0 
3134 6.933851 0 
3135 6.917840 0 
3137 6.948447 0 
3138 6.928699 0 
3141 7.146368 0 
3142 7.130303 0 
3143 7.117685 0 
3144 7.101462 0 
3145 7.090858 0 
3146 7.302365 0 
3147 7.286525 0 
3148 7.270270 0 
3149 7.254484 0 
3150 7.267424 0 
3151 7.251290 0 
3153 7.227766 0 
3154 7.221172 0 
3155 7.205059 0 
3156 7.298705 0 
3157 7.283098 0 
3158 7.340261 0 
3159 7.323853 0 
3161 7.290994 0 
3162 7.305718 0 
3163 7.289131 0 
3164 7.272562 0 
3166 7.237249 0 
3167 7.352669 0 
3168 7.336210 0 
3169 7.320003 0 
3171 7.287942 0 
3172 7.314816 0 
3173 7.298407 0 
3175 7.327195 0 
3176 7.310854 0 
3178 7.420682 0 
3179 7.404178 0 
3181 7.470409 0 
3182 7.454052 0 
3183 7.680564 0 
3184 7.664564 0 
3185 7.902309 0 
3186 7.886314 0 
3188 7.851044 0 
3189 7.834839 0 
3190 7.818916 0 
3191 7.800704 0 
3192 7.783581 0 
3193 7.767545 0 
3194 7.750667 0 
3195 7.734614 0 
3196 7.718131 0 
3197 7.701833 0 
3198 7.761477 0 
3199 7.745708 0 
3201 7.799926 0 
3202 7.783734 0 
3203 7.761890 0 
3204 7.795403 0 
3205 7.777149 0 
3206 7.800244 0 
3207 7.784379 0 
3208 7.768102 0 
3209 7.748768 0 
3210 7.819397 0 
3211 7.804566 0 
3212 7.792521 0 
3213 7.781743 0 
3215 7.749396 0 
3217 7.844937 0 
3218 7.828353 0 
3219 7.998621 0 
3220 7.982465 0 
3221 7.966284 0 
3222 7.950009 0 
3224 8.021088 0 
3225 8.004955 0 
3226 7.988626 0 
3227 7.972557 0 
3229 7.933302 0 
3231 7.906553 0 
3232 7.903476 0 
3233 7.895204 0 
3234 7.878601 0 
3237 7.920849 0 
3238 7.905035 0 
3239 7.888913 0 
3240 7.872926 0 
3241 7.860510 0 
3242 7.844775 0 
3243 7.828636 0 
3244 7.821790 0 
3245 7.805418 0 
3246 8.105733 0 
3247 8.089748 0 
3248 8.099465 0 
3250 8.068152 0 
3252 8.165252 0 
3253 8.148853 0 
3254 8.311577 0 
3255 8.295351 0 
3256 8.278902 0 
3257 8.277886 0 
3258 8.261841 0 
3260 8.229277 0 
3261 8.228779 0 
3262 8.211939 0 
3263 8.190922 0 
3264 8.174490 0 
3265 8.158037 0 
3266 8.175241 0 
3267 8.158958 0 
3268 8.142853 0 
3269 8.160386 0 
3270 8.144223 0 
3271 8.128415 0 
3272 8.112265 0 
3273 8.128181 0 
3274 8.109562 0 
3276 8.233554 0 
3277 8.256083 0 
3278 8.294238 0 
3279 8.311820 0 
3280 8.291507 0 
3281 8.275834 0 
3282 8.380918 0 
3283 8.364711 0 
3284 8.348220 0 
3285 8.356905 0 
3287 8.324369 0 
3289 8.295734 0 
3290 8.279588 0 
3291 8.272808 0 
3292 8.422073 0 
3293 8.463606 0 
3294 8.447649 0 
3295 8.432087 0 
3297 8.554913 0 
3298 8.538677 0 
3299 8.545643 0 
3300 8.529323 0 
3302 8.510725 0 
3304 8.477796 0 
3305 8.577009 0 
3306 8.560132 0 
3308 8.539548 0 
3309 8.523810 0 
3310 8.514518 0 
3312 8.516421 0 
3313 8.499796 0 
3314 8.483195 0 
3315 8.513257 0 
3316 8.497155 0 
3317 8.480724 0 
3318 8.501057 0 
3319 8.476590 0 
3320 8.469861 0 
3321 8.453832 0 
3322 8.437812 0 
3323 8.439431 0 
3324 8.423627 0 
3325 8.407458 0 
3326 8.442558 0 
3327 8.426301 0 
3328 8.409466 0 
3329 8.388056 0 
3331 8.390575 0 
3332 8.374294 0 
3333 8.482968 0 
3334 8.467130 0 
3336 8.429570 0 
3337 8.410055 0 
3339 8.377421 0 
3341 8.422836 0 
3342 8.406241 0 
3343 8.389801 0 
3344 8.372626 0 
3345 8.354785 0 
3402 7.468026 0 
3403 7.463516 0 
3404 7.451462 0 
3405 7.522579 0 
3406 7.506840 0 
3407 7.504915 0 
3408 7.500011 0 
3409 7.478263 0 
3410 7.462059 0 
3411 7.472126 0 
3412 7.507237 0 
3414 7.466957 0 
3415 7.450756 0 
3416 7.431496 0 
3417 7.472708 0 
3418 7.456094 0 
3419 7.439871 0 
3420 7.423380 0 
3421 7.430111 0 
3423 7.431017 0 
3424 7.415336 0 
3425 7.399185 0 
3426 7.383184 0 
3428 7.351020 0 
3430 7.318526 0 
3431 7.298657 0 
3432 7.405194 0 
3433 7.388855 0 
3437 7.809098 0 
3438 7.793190 0 
3439 7.968800 0 
3440 7.947273 0 
3441 7.931279 0 
3442 7.914945 0 
3443 7.899768 0 
3444 7.883650 0 
3445 7.987439 0 
3446 7.971145 0 
3447 7.954627 0 
3449 7.943616 0 
3451 7.956153 0 
3452 7.972233 0 
3453 7.956044 0 
3454 7.939883 0 
3455 7.923625 0 
3456 7.907229 0 
3457 7.886778 0 
3459 7.930389 0 
3460 7.930386 0 
3461 7.914698 0 
3462 7.923031 0 
3463 7.906966 0 
3464 7.890958 0 
3465 7.924094 0 
3466 7.908343 0 
3467 7.891943 0 
3468 7.914569 0 
3469 7.898789 0 
3470 7.878932 0 
3471 7.896957 0 
3472 7.880677 0 
3473 7.864206 0 
3475 7.827295 0 
3476 7.873278 0 
3477 7.920343 0 
3478 7.904261 0 
3479 7.920217 0 
3480 7.904067 0 
3481 7.887674 0 
3482 7.871825 0 
3483 7.931715 0 
3484 7.915457 0 
3486 8.107417 0 
3488 8.075119 0 
3489 8.062500 0 
3490 8.046200 0 
3491 8.065516 0 
3492 8.049389 0 
3493 8.156113 0 
3494 8.137892 0 
3496 8.179884 0 
3497 8.163866 0 
3498 8.147774 0 
3499 8.131566 0 
3501 8.099552 0 
3503 8.067356 0 
3504 8.087572 0 
3505 8.071230 0 
3507 8.033348 0 
3508 8.016410 0 
3509 7.999958 0 
3511 7.975401 0 
3512 7.963880 0 
3513 7.954634 0 
3514 7.937777 0 
3515 7.921288 0 
3516 7.971204 0 
3517 8.003262 0 
3518 7.987010 0 
3519 7.970718 0 
3520 7.954230 0 
3521 7.938582 0 
3522 7.917009 0 
3523 7.900594 0 
3524 7.884309 0 
3525 7.861204 0 
3526 7.844424 0 
3527 7.903574 0 
3528 7.887519 0 
3530 7.928519 0 
3531 7.912514 0 
3532 7.896683 0 
3534 7.913554 0 
3535 7.910093 0 
3536 7.893764 0 
3538 7.855803 0 
3539 7.896573 0 
3540 7.880637 0 
3541 7.864359 0 
3542 7.847924 0 
3543 7.831924 0 
3544 7.815408 0 
3545 7.915121 0 
3546 7.898680 0 
3547 7.880909 0 
3548 7.864916 0 
3549 7.848666 0 
3551 7.812624 0 
3552 7.864545 0 
3553 7.848231 0 
3554 7.884629 0 
3555 7.866132 0 
3556 7.892829 0 
3557 7.876718 0 
3559 7.844284 0 
3560 7.870484 0 
3561 7.851758 0 
3562 8.005273 0 
3564 7.968988 0 
3565 7.953729 0 
3566 7.937728 0 
3569 7.889601 0 
3570 7.873596 0 
3571 7.913393 0 
3572 7.897309 0 
3573 7.881134 0 
3574 7.864894 0 
3576 7.832245 0 
3577 7.855923 0 
3578 7.871201 0 
3579 7.854904 0 
3580 7.838796 0 
3581 7.822456 0 
3582 7.806336 0 
3583 7.790156 0 
3584 7.774071 0 
3586 7.787162 0 
3587 7.771066 0 
3588 7.754346 0 
3589 7.734783 0 
3590 7.718492 0 
3591 7.702168 0 
3592 7.691505 0 
3593 7.675324 0 
3594 7.690984 0 
3595 7.674472 0 
3596 7.707305 0 
3597 7.691033 0 
3598 7.674921 0 
3599 7.706691 0 
3600 7.690359 0 
3601 7.674079 0 
3602 7.681238 0 
3603 7.664246 0 
3604 7.648097 0 
3605 7.723340 0 
3606 7.707064 0 
3607 7.690794 0 
3608 7.673900 0 
3609 7.658185 0 
3610 7.641945 0 
3611 7.617088 0 
3613 7.577111 0 
3614 7.570889 0 
3615 7.554880 0 
3616 7.566627 0 
3617 7.550319 0 
3618 7.533760 0 
3619 7.510733 0 
3620 7.529406 0 
3622 7.551587 0 
3623 7.536039 0 
3624 7.519813 0 
3625 7.503621 0 
3627 7.471381 0 
3629 7.560377 0 
3630 7.626643 0 
3631 7.964921 0 
3632 7.948641 0 
3635 7.929308 0 
3636 7.912060 0 
3637 7.895931 0 
3638 7.983467 0 
3639 7.967224 0 
3640 7.945261 0 
3641 7.925439 0 
3642 7.916160 0 
3644 7.955734 0 
3645 7.939826 0 
3646 7.923737 0 
3648 7.903705 0 
3650 8.018084 0 
3651 7.999532 0 
3653 8.028067 0 
3654 8.011961 0 
3655 7.995641 0 
3656 7.979180 0 
3658 8.066424 0 
3659 8.113206 0 
3660 8.096961 0 
3661 8.080702 0 
3662 8.064652 0 
3663 8.048022 0 
3664 8.031775 0 
3665 8.015521 0 
3666 7.999519 0 
3667 8.001145 0 
3668 7.984763 0 
3669 7.968159 0 
3670 7.977015 0 
3671 7.959804 0 
3672 7.942530 0 
3674 7.956251 0 
3676 7.999583 0 
3677 7.983448 0 
3678 7.966800 0 
3679 7.999483 0 
3680 7.983402 0 
3681 7.967219 0 
3682 7.951062 0 
3683 7.927710 0 
3685 7.895266 0 
3837 5.284438 0 
3838 5.308372 0 
3839 5.291698 0 
3840 5.275568 0 
3841 5.342631 0 
3842 5.326627 0 
3843 5.310309 0 
3844 5.347002 0 
3845 5.330863 0 
3847 5.298294 0 
3849 5.306502 0 
3850 5.378683 0 
3851 5.355982 0 
3852 5.380107 0 
3853 5.363879 0 
3854 5.347371 0 
3855 5.331376 0 
3857 5.299171 0 
3858 5.282517 0 
3859 5.383119 0 
3860 5.365149 0 
3861 5.348381 0 
3862 5.332589 0 
3863 5.316451 0 
3864 5.299336 0 
3865 5.284130 0 
3866 5.430251 0 
3869 5.509465 0 
3870 5.493257 0 
3871 5.495588 0 
3873 5.681981 0 
3874 5.664668 0 
3875 5.649409 0 
3876 5.668751 0 
3877 5.652705 0 
3878 5.636658 0 
3879 5.620555 0 
3880 5.630707 0 
3881 5.614261 0 
3882 5.598050 0 
3884 5.632535 0 
3886 5.599373 0 
3887 5.635708 0 
3888 5.619659 0 
3889 5.603037 0 
3890 5.639384 0 
3891 5.622131 0 
3892 5.624808 0 
3894 5.598779 0 
3895 5.582580 0 
3896 5.632919 0 
3897 5.617012 0 
3899 5.630604 0 
3901 5.599038 0 
3902 5.582883 0 
3903 5.566718 0 
3905 5.576883 0 
3906 5.570310 0 
3907 5.747905 0 
3909 5.715942 0 
3910 5.699814 0 
3911 5.683676 0 
3912 5.774670 0 
3913 5.759276 0 
3914 5.934202 0 
3915 5.929942 0 
3916 5.912862 0 
3917 5.948928 0 
3918 5.932443 0 
3919 5.916603 0 
3920 5.978393 0 
3921 5.976748 0 
3922 5.960460 0 
3923 5.944927 0 
3924 5.928232 0 
3925 5.905848 0 
3926 5.892964 0 
3928 5.859491 0 
3929 5.908578 0 
3930 5.892722 0 
3931 5.876566 0 
3932 5.986470 0 
3933 5.968875 0 
3938 5.954581 0 
3939 5.938581 0 
3940 5.922398 0 
3941 6.092185 0 
3942 6.076101 0 
3943 6.067276 0 
3944 6.112144 0 
3945 6.095879 0 
3946 6.079408 0 
3947 6.063720 0 
3949 6.038343 0 
3951 6.123821 0 
3952 6.208552 0 
3953 6.193026 0 
3954 6.176852 0 
3955 6.176294 0 
3957 6.143765 0 
3958 6.129009 0 
3959 6.152069 0 
3962 6.453589 0 
3963 6.644374 0 
3964 6.628127 0 
3965 6.611630 0 
3967 6.626373 0 
3968 6.610394 0 
3969 6.594090 0 
3970 6.577556 0 
3971 6.561135 0 
3972 6.651963 0 
3974 6.615700 0 
3975 6.649182 0 
3976 6.633118 0 
3977 6.690239 0 
3978 6.674222 0 
3981 6.710245 0 
3982 6.694834 0 
3984 6.662036 0 
3985 6.645467 0 
3986 6.628375 0 
3987 6.632655 0 
3988 6.615317 0 
3989 6.626717 0 
3990 6.610510 0 
3991 6.594206 0 
3992 6.574001 0 
3993 6.558033 0 
3994 6.634361 0 
3995 6.618148 0 
3996 6.633576 0 
3997 6.617730 0 
3998 6.601601 0 
3999 6.584900 0 
4000 6.656482 0 
4001 6.639727 0 
4004 6.678454 0 
4005 6.662450 0 
4006 6.700809 0 
4007 6.684535 0 
4008 6.668401 0 
4009 6.686433 0 
4011 6.653622 0 
4012 6.735721 0 
4013 6.719291 0 
4014 6.703016 0 
4015 6.687162 0 
4016 6.667334 0 
4017 6.651105 0 
4018 6.773840 0 
4020 6.739472 0 
4021 6.720859 0 
4022 6.704652 0 
4023 6.688524 0 
4025 6.654200 0 
4027 6.634069 0 
4028 6.618674 0 
4029 6.865944 0 
4030 6.850821 0 
4034 6.835994 0 
4035 6.816842 0 
4036 6.800462 0 
4037 6.784372 0 
4038 6.768023 0 
4039 6.763638 0 
4040 6.747459 0 
4041 6.968903 0 
4042 6.952867 0 
4043 6.936856 0 
4044 6.921486 0 
4046 6.969992 0 
4049 7.359756 0 
4050 7.340801 0 
4051 7.389467 0 
4052 7.369989 0 
4056 7.588574 0 
4057 7.584852 0 
4058 7.568596 0 
4059 7.567023 0 
4060 7.550429 0 
4061 7.527340 0 
4062 7.511290 0 
4063 7.650088 0 
4064 7.633951 0 
4065 7.617287 0 
4066 7.774104 0 
4067 7.757960 0 
4068 7.741628 0 
4069 7.723813 0 
4070 7.707652 0 
4072 7.875131 0 
4073 8.022426 0 
4074 8.171801 0 
4075 8.155915 0 
4077 8.259008 0 
4078 8.242851 0 
4079 8.223866 0 
4080 8.208739 0 
4081 8.192736 0 
4083 8.187915 0 
4085 8.156612 0 
4086 8.133773 0 
4087 8.512375 0 
4088 8.496532 0 
4089 8.480269 0 
4090 8.465689 0 
4091 8.449738 0 
4093 8.507188 0 
4094 8.491321 0 
4095 8.474936 0 
4096 8.458991 0 
4098 8.457531 0 
4100 8.635060 0 
4101 8.619498 0 
4102 8.603359 0 
4104 8.623038 0 
4105 8.601198 0 
4106 8.585176 0 
4108 8.576640 0 
4109 8.560435 0 
4110 8.543824 0 
4111 8.527785 0 
4112 8.567336 0 
4113 8.548762 0 
4114 8.626102 0 
4117 8.646505 0 
4118 8.630057 0 
4119 8.616234 0 
4120 8.618329 0 
4121 8.602190 0 
4122 8.611305 0 
4123 8.603516 0 
4151 8.142912 0 
4152 8.125434 0 
4153 8.113414 0 
4154 8.108828 0 
4156 8.076864 0 
4157 8.060896 0 
4158 8.053752 0 
4159 8.075232 0 
4161 8.042916 0 
4162 8.026373 0 
4163 8.014626 0 
4164 7.998417 0 
4166 7.965663 0 
4167 7.996155 0 
4168 7.979782 0 
4169 8.364968 0 
4170 8.348238 0 
4171 8.332245 0 
4174 8.334377 0 
4176 8.504629 0 
4177 8.528839 0 
4178 8.538722 0 
4179 8.522512 0 
4180 8.582565 0 
4181 8.569817 0 
4183 8.537414 0 
4184 8.536229 0 
4185 8.520069 0 
4186 8.503590 0 
4187 8.487430 0 
4188 8.624851 0 
4189 8.643248 0 
4190 8.626930 0 
4191 8.649812 0 
4192 8.633599 0 
4193 8.617466 0 
4194 8.628817 0 
4195 8.612733 0 
4196 8.631297 0 
4197 8.635464 0 
4198 8.615500 0 
4199 8.599502 0 
4200 8.675913 0 
4201 8.659707 0 
4202 8.643542 0 
4203 8.620990 0 
4204 8.600924 0 
4205 8.584998 0 
4206 8.578792 0 
4207 8.583750 0 
4208 8.567830 0 
4210 8.543632 0 
4211 8.527323 0 
4212 8.511085 0 
4213 8.496127 0 
4214 8.522044 0 
4215 8.503621 0 
4216 8.487419 0 
4217 8.471177 0 
4219 8.458781 0 
4220 8.501322 0 
4221 8.487455 0 
4222 8.470998 0 
4224 8.438987 0 
4226 8.406368 0 
4227 8.402905 0 
4228 8.426620 0 
4229 8.456527 0 
4232 8.406763 0 
4233 8.473728 0 
4234 8.459841 0 
4235 8.443641 0 
4236 8.454633 0 
4237 8.438675 0 
4238 8.422476 0 
4239 8.460030 0 
4240 8.442231 0 
4241 8.420493 0 
4242 8.528256 0 
4243 8.511899 0 
4245 8.585364 0 
4248 8.667239 0 
4249 8.651163 0 
4250 8.635133 0 
4251 8.760661 0 
4252 8.744326 0 
4253 8.728043 0 
4256 8.894216 0 
4257 8.879353 0 
4258 8.863167 0 
4259 8.879411 0 
4260 8.869576 0 
4261 8.850649 0 
4262 8.834874 0 
4263 8.818822 0 
4266 8.931550 0 
4267 8.907083 0 
4268 8.985500 0 
4269 8.969587 0 
4271 9.010910 0 
4272 9.007002 0 
4273 9.087440 0 
4274 9.071345 0 
4276 9.386792 0 
4277 9.371397 0 
4278 9.355926 0 
4279 9.509818 0 
4280 9.488442 0 
4282 9.473518 0 
4284 9.433975 0 
4285 9.418039 0 
4844 0.011035 1 
4845 0.010892 1 
4846 0.005407 1 
4847 0.013807 1 
4848 0.006143 1 
4849 0.014751 1 
4850 0.012496 1 
4286 9.505829 0 
4287 9.488516 0 
4288 9.471816 0 
4289 9.463099 0 
4852 0.006830 1 
4853 0.011658 1 
4854 0.018596 1 
4290 9.512994 0 
4292 9.477062 0 
4855 0.012145 1 
4293 9.485720 0 
4294 9.469696 0 
4295 9.453555 0 
4856 0.020398 1 
4857 0.010789 1 
4858 0.013819 1 
4859 0.010404 1 
4860 0.012102 1 
4861 0.011365 1 
4862 0.007445 1 
4863 0.008456 1 
4864 0.010621 1 
4865 0.007074 1 
4866 0.010456 1 
4868 0.006821 1 
4303 9.542673 0 
4869 0.014723 1 
4870 0.010952 1 
4871 0.014991 1 
4872 0.012263 1 
4304 9.573059 0 
4305 9.557201 0 
4307 9.524479 0 
4873 0.008248 1 
4874 0.013275 1 
4875 0.013412 1 
4876 0.011173 1 
4877 0.009100 1 
4879 0.008116 1 
4308 9.641405 0 
4309 9.625240 0 
4310 9.609046 0 
4311 9.592487 0 
4312 9.576335 0 
4313 9.566359 0 
4314 9.550199 0 
4315 9.540069 0 
4316 9.523663 0 
4881 0.009165 1 
4882 0.007284 1 
4318 9.536126 0 
4319 9.517060 0 
4320 9.500929 0 
4883 0.011847 1 
4884 0.011653 1 
4885 0.009928 1 
4321 9.516702 0 
4322 9.500515 0 
4323 9.484233 0 
4324 9.466577 0 
4886 0.006595 1 
4887 0.005539 1 
4889 0.010773 1 
4890 0.017299 1 
4891 0.007123 1 
4892 0.011645 1 
4894 0.011796 1 
4896 0.007142 1 
4326 9.625516 0 
4327 9.609484 0 
4328 9.587847 0 
4329 9.583642 0 
4330 9.565329 0 
4897 0.006405 1 
4898 0.006511 1 
4900 0.008863 1 
4901 0.010624 1 
4902 0.012277 1 
4904 0.009910 1 
4905 0.006371 1 
4906 0.007625 1 
4334 9.651877 0 
4335 9.636524 0 
4336 9.620445 0 
4337 9.604259 0 
4338 9.587908 0 
4339 9.572003 0 
4340 9.553666 0 
4341 9.537399 0 
4342 9.521364 0 
4343 9.503478 0 
4907 0.013197 1 
4344 9.502080 0 
4345 9.484114 0 
4347 9.451779 0 
4908 0.011306 1 
4909 0.009360 1 
4910 0.010202 1 
4911 0.008464 1 
4912 0.008277 1 
4913 0.008240 1 
4914 0.013023 1 
4915 0.010567 1 
4916 0.010329 1 
4917 0.008092 1 
4348 9.599519 0 
4349 9.593775 0 
4918 0.009567 1 
4919 0.010057 1 
4350 9.609907 0 
4351 9.593422 0 
4352 9.570860 0 
4353 9.554835 0 
4355 9.522152 0 
4356 9.508890 0 
4920 0.008193 1 
4357 9.502272 0 
4358 9.491389 0 
4360 9.459098 0 
4921 0.007594 1 
4361 9.469291 0 
4923 0.008233 1 
4924 0.006409 1 
4925 0.007581 1 
4926 0.007146 1 
4927 0.012000 1 
4928 0.007657 1 
4929 0.012971 1 
4366 9.530758 0 
4931 0.009698 1 
4932 0.018885 1 
4933 0.014238 1 
4934 0.010751 1 
4935 0.007779 1 
4936 0.012904 1 
4937 0.008954 1 
4938 0.015846 1 
4939 0.009602 1 
4940 0.005963 1 
4941 0.005294 1 
4942 0.006483 1 
4944 0.007773 1 
4945 0.008710 1 
4946 0.005818 1 
4373 9.677081 0 
4947 0.012034 1 
4948 0.013253 1 
4949 0.011357 1 
4375 9.689578 0 
4376 9.673690 0 
4377 9.657422 0 
4950 0.016037 1 
4952 0.009635 1 
4953 0.010787 1 
4954 0.007806 1 
4955 0.011164 1 
4378 9.760482 0 
4379 9.744653 0 
4957 0.009448 1 
4958 0.009942 1 
4959 0.008518 1 
4960 0.010180 1 
4962 0.009521 1 
4382 9.794590 0 
4383 9.778760 0 
4384 9.762219 0 
4385 9.745896 0 
4386 9.729661 0 
4963 0.011500 1 
4964 0.008367 1 
4965 0.011268 1 
4966 0.010041 1 
4967 0.010357 1 
4387 9.823419 0 
4388 9.807301 0 
4389 9.790933 0 
4390 9.774925 0 
4391 9.759340 0 
4969 0.010242 1 
4970 0.010854 1 
4971 0.009542 1 
4393 9.755538 0 
4394 9.739413 0 
4972 0.010265 1 
4395 9.751796 0 
4396 9.735677 0 
4397 9.719223 0 
4398 9.702602 0 
4399 9.686570 0 
4400 9.668613 0 
4973 0.013596 1 
4974 0.013391 1 
4975 0.006833 1 
4976 0.003084 1 
4977 0.004338 1 
4401 9.738681 0 
4979 0.012703 1 
4980 0.016624 1 
4402 9.772027 0 
4403 9.755955 0 
4405 9.723727 0 
4406 9.707257 0 
4407 9.690674 0 
4409 9.656430 0 
4410 9.640167 0 
4411 9.623958 0 
4412 9.607828 0 
4413 9.591614 0 
4981 0.012082 1 
4982 0.012566 1 
4983 0.014396 1 
4984 0.012489 1 
4985 0.021236 1 
4986 0.016805 1 
4414 9.691501 0 
4987 0.011517 1 
4988 0.008686 1 
4989 0.009515 1 
4415 9.712521 0 
4416 9.695850 0 
4418 9.663478 0 
4990 0.007446 1 
4419 9.668372 0 
4420 9.652130 0 
4421 9.635727 0 
4423 9.597805 0 
4991 0.009979 1 
4425 9.596370 0 
4992 0.013365 1 
4993 0.009991 1 
4994 0.010033 1 
4995 0.008163 1 
4996 0.010750 1 
4997 0.032257 1 
4998 0.016218 1 
4999 0.008943 1 
5000 0.014079 1 
5001 0.008415 1 
5002 0.008630 1 
4426 9.756134 0 
5003 0.012186 1 
5004 0.017121 1 
5006 0.008438 1 
5007 0.012294 1 
5008 0.009892 1 
5009 0.018005 1 
5010 0.016926 1 
5011 0.021141 1 
5012 0.013070 1 
5013 0.008849 1 
5015 0.019147 1 
5016 0.012601 1 
5020 0.008865 1 
5022 0.015770 1 
4433 9.980640 0 
4434 9.964571 0 
4435 9.948103 0 
4436 9.935524 0 
4437 9.919289 0 
5023 0.014498 1 
5024 0.021162 1 
5025 0.008087 1 
4631 6.734856 0 
4632 6.718467 0 
5028 0.016980 1 
4633 6.725842 0 
4634 6.709596 0 
4635 6.693361 0 
4636 6.677252 0 
4637 6.661218 0 
4638 6.645002 0 
5029 0.012560 1 
5030 0.009662 1 
4639 6.657848 0 
4640 6.641797 0 
4641 6.625649 0 
4643 6.593563 0 
5031 0.028916 1 
5032 0.010477 1 
5033 0.014977 1 
5034 0.011669 1 
5035 0.012382 1 
5036 0.011804 1 
4645 6.678275 0 
4646 6.662264 0 
4647 6.646240 0 
4648 6.630414 0 
4649 6.607284 0 
5037 0.012656 1 
4651 6.589395 0 
5038 0.013954 1 
5039 0.013446 1 
5041 0.009182 1 
5043 0.014100 1 
5044 0.017807 1 
5045 0.010851 1 
5046 0.011310 1 
4654 6.698269 0 
5047 0.014899 1 
5048 0.010592 1 
4655 6.726870 0 
4656 6.710489 0 
4657 6.694192 0 
5049 0.019947 1 
5051 0.021058 1 
4658 6.715977 0 
4659 6.699702 0 
4660 6.683243 0 
5052 0.019283 1 
4661 6.684189 0 
4662 6.667356 0 
4663 6.651226 0 
5053 0.014419 1 
5054 0.012055 1 
4664 6.669759 0 
4665 6.648661 0 
4666 6.631727 0 
4667 6.615945 0 
5055 0.010124 1 
5056 0.015914 1 
5057 0.015241 1 
5058 0.018506 1 
5059 0.018408 1 
5060 0.016328 1 
5061 0.013066 1 
5062 0.016849 1 
5063 0.012287 1 
5064 0.015592 1 
5065 0.018422 1 
4673 6.726557 0 
5067 0.024577 1 
4674 6.737211 0 
5068 0.026167 1 
5069 0.022898 1 
5070 0.012544 1 
5071 0.010425 1 
5072 0.010462 1 
5073 0.010108 1 
5074 0.012304 1 
5075 0.012759 1 
5076 0.008965 1 
5078 0.013025 1 
5080 0.008498 1 
5081 0.029240 1 
5082 0.013169 1 
5083 0.014742 1 
5084 0.026430 1 
5085 0.012718 1 
5086 0.012962 1 
5088 0.012552 1 
5089 0.018068 1 
5090 0.010476 1 
5091 0.008130 1 
4675 7.121620 0 
4676 7.105745 0 
4677 7.089679 0 
4678 7.075287 0 
5093 0.024684 1 
5095 0.013577 1 
5096 0.020882 1 
4682 7.109962 0 
4683 7.093788 0 
4684 7.077486 0 
4685 7.061384 0 
4686 7.044900 0 
4687 7.028259 0 
5097 0.034481 1 
5099 0.011472 1 
5100 0.014638 1 
5101 0.010302 1 
4688 7.086269 0 
4690 7.054279 0 
5103 0.026192 1 
5104 0.029629 1 
5105 0.014463 1 
5106 0.019257 1 
4691 7.121994 0 
4692 7.099843 0 
4693 7.085080 0 
5107 0.017184 1 
4695 7.065905 0 
5108 0.013092 1 
5109 0.016774 1 
5110 0.013418 1 
5111 0.009588 1 
5112 0.005931 1 
5113 0.012901 1 
5114 0.007566 1 
5115 0.015285 1 
5116 0.012523 1 
4698 7.168049 0 
4699 7.151899 0 
5117 0.027654 1 
5118 0.011818 1 
4701 7.149844 0 
4702 7.133706 0 
5119 0.010303 1 
5120 0.012166 1 
5122 0.012146 1 
5123 0.010944 1 
4703 7.188008 0 
4705 7.155742 0 
5124 0.012287 1 
5125 0.009316 1 
4706 7.179201 0 
4707 7.163459 0 
4708 7.142301 0 
4709 7.123737 0 
4710 7.107811 0 
4711 7.091721 0 
4712 7.075599 0 
5126 0.024209 1 
4713 7.101550 0 
4714 7.085433 0 
5127 0.034991 1 
5128 0.032113 1 
5130 0.013680 1 
5131 0.011622 1 
4716 7.117028 0 
4717 7.100967 0 
4718 7.084835 0 
5132 0.009785 1 
5133 0.016189 1 
5134 0.015687 1 
5135 0.015846 1 
5136 0.008708 1 
5137 0.011646 1 
5138 0.012313 1 
5139 0.014795 1 
5140 0.030120 1 
4719 7.241387 0 
4720 7.224283 0 
4721 7.208089 0 
4722 7.191664 0 
4724 7.158821 0 
4725 7.140359 0 
5141 0.023187 1 
5143 0.014364 1 
4726 7.158430 0 
4727 7.142460 0 
4728 7.137461 0 
4729 7.121033 0 
5144 0.020912 1 
5145 0.012618 1 
4730 7.127608 0 
4732 7.095474 0 
4733 7.079397 0 
4734 7.063256 0 
4735 7.038754 0 
4736 7.025683 0 
5146 0.032095 1 
5147 0.016023 1 
5148 0.013546 1 
5149 0.010498 1 
4737 7.086577 0 
4738 7.070312 0 
4739 7.047081 0 
5151 0.012188 1 
4740 7.058541 0 
4741 7.042306 0 
4742 7.026097 0 
5152 0.014258 1 
5153 0.011555 1 
5154 0.012795 1 
5156 0.009731 1 
4743 7.096978 0 
4745 7.061749 0 
5157 0.020951 1 
4746 7.044626 0 
5158 0.011483 1 
5159 0.015472 1 
5161 0.010461 1 
4747 7.114939 0 
5162 0.018169 1 
4748 7.099729 0 
4749 7.083530 0 
4750 7.067316 0 
4751 7.051047 0 
5163 0.022153 1 
4753 7.042559 0 
4754 7.021518 0 
4755 7.005472 0 
4756 6.989177 0 
5164 0.024474 1 
4758 6.975655 0 
4759 6.959397 0 
5165 0.017969 1 
5166 0.017474 1 
5168 0.010787 1 
5169 0.022757 1 
5170 0.014552 1 
5171 0.014931 1 
5172 0.022346 1 
4761 7.067393 0 
4763 7.035373 0 
5173 0.021349 1 
5174 0.017057 1 
5175 0.022978 1 
5176 0.023926 1 
5178 0.009776 1 
5179 0.012556 1 
5180 0.011196 1 
4764 7.145507 0 
4765 7.129883 0 
4766 7.113665 0 
4767 7.097887 0 
4768 7.081312 0 
4770 7.048652 0 
4771 7.032774 0 
4772 7.015939 0 
4773 7.000439 0 
4774 6.984296 0 
4775 6.967884 0 
4776 6.951849 0 
4777 6.936056 0 
4778 6.919607 0 
4780 6.887085 0 
5181 0.028403 1 
5182 0.020329 1 
5183 0.015144 1 
4781 6.921105 0 
4782 6.901233 0 
4783 6.885162 0 
5184 0.015500 1 
5185 0.011060 1 
5186 0.011552 1 
5187 0.023299 1 
5188 0.025536 1 
5189 0.020924 1 
5190 0.014424 1 
4784 6.984131 0 
4785 6.967980 0 
4786 6.951687 0 
4787 6.935350 0 
5191 0.017787 1 
5192 0.012699 1 
4788 6.953753 0 
4789 6.934591 0 
5193 0.015760 1 
5194 0.018655 1 
5195 0.018920 1 
5196 0.014988 1 
4790 6.976088 0 
4791 6.958764 0 
4792 6.942588 0 
4793 6.926328 0 
4794 6.910024 0 
4795 6.893869 0 
5197 0.012085 1 
5198 0.010856 1 
5199 0.008559 1 
5200 0.014251 1 
5201 0.010188 1 
5202 0.016886 1 
5203 0.015733 1 
4797 6.997350 0 
4798 6.980096 0 
5205 0.013191 1 
5206 0.015268 1 
5207 0.014088 1 
5208 0.015855 1 
5209 0.015869 1 
5210 0.013481 1 
5211 0.021166 1 
4799 7.086649 0 
4800 7.070220 0 
4801 7.054265 0 
4802 7.038433 0 
4803 7.022079 0 
4804 7.006008 0 
4805 6.989971 0 
5212 0.016709 1 
5214 0.032838 1 
5215 0.020609 1 
4807 7.009731 0 
4808 6.993283 0 
5216 0.012969 1 
4809 7.020282 0 
4810 7.004014 0 
4811 6.987725 0 
5219 0.009399 1 
4812 7.009499 0 
4813 6.993507 0 
4814 6.977335 0 
4816 6.945383 0 
5221 0.021920 1 
4817 6.961198 0 
4818 6.945092 0 
4819 6.927928 0 
4821 6.895319 0 
5222 0.032925 1 
5223 0.057817 1 
5224 0.042434 1 
5227 0.014966 1 
5228 0.012823 1 
5229 0.023674 1 
5230 0.050759 1 
5231 0.034658 1 
5232 0.028884 1 
5233 0.012747 1 
4823 7.041522 0 
5234 0.012238 1 
5235 0.016001 1 
5236 0.011881 1 
4824 7.091280 0 
5237 0.022377 1 
5238 0.025357 1 
5240 0.012988 1 
5242 0.035660 1 
5243 0.027498 1 
5244 0.024174 1 
5245 0.018696 1 
5246 0.019479 1 
5247 0.013759 1 
5248 0.022383 1 
5250 0.030846 1 
5251 0.035891 1 
4829 7.272333 0 
4830 7.256245 0 
4831 7.234055 0 
4832 7.217547 0 
4833 7.198778 0 
5252 0.039681 1 
5253 0.023394 1 
5254 0.029559 1 
5255 0.025243 1 
5256 0.040843 1 
5257 0.024719 1 
5258 0.018496 1 
5259 0.031504 1 
4834 7.317156 0 
4835 7.301161 0 
4836 7.284751 0 
5260 0.036318 1 
5261 0.026983 1 
5262 0.027375 1 
5263 0.021420 1 
4837 7.346703 0 
4838 7.330618 0 
4839 7.314496 0 
4840 7.298695 0 
5264 0.038807 1 
4842 7.291459 0 
5266 0.046307 1 
5267 0.030141 1 
5268 0.028265 1 
5269 0.023132 1 
5270 0.020741 1 
5271 0.011626 1 
5272 0.014423 1 
5273 0.025467 1 
5274 0.015895 1 
5275 0.013612 1 
4848 7.330861 0 
4849 7.315231 0 
4850 7.299316 0 
4852 7.266580 0 
4853 7.272871 0 
4854 7.252384 0 
4855 7.231238 0 
4856 7.215125 0 
4857 7.197435 0 
4858 7.181184 0 
4859 7.165156 0 
5277 0.022984 1 
4860 7.168656 0 
4861 7.149216 0 
4862 7.144889 0 
4863 7.128857 0 
5279 0.017501 1 
4864 7.130843 0 
4865 7.114703 0 
5280 0.022908 1 
5281 0.014137 1 
5282 0.020300 1 
5283 0.013070 1 
5284 0.020648 1 
5285 0.014201 1 
4869 7.149663 0 
4870 7.134456 0 
4871 7.118337 0 
5287 0.014960 1 
5288 0.011047 1 
5289 0.015057 1 
5290 0.023886 1 
4872 7.178799 0 
4873 7.160583 0 
4874 7.144446 0 
4875 7.128224 0 
5292 0.041357 1 
4876 7.154248 0 
4877 7.138267 0 
4879 7.113694 0 
4881 7.073711 0 
5294 0.055259 1 
5295 0.030644 1 
5296 0.025750 1 
5298 0.031866 1 
5299 0.043582 1 
5300 0.027205 1 
5302 0.019690 1 
4882 7.199447 0 
4883 7.183333 0 
4884 7.166761 0 
4885 7.150434 0 
4886 7.128153 0 
4887 7.111728 0 
4889 7.079431 0 
5303 0.032443 1 
5304 0.015730 1 
5305 0.058457 1 
5306 0.042436 1 
5307 0.026323 1 
5308 0.041587 1 
5309 0.031479 1 
4890 7.175548 0 
4891 7.158888 0 
4892 7.142837 0 
4894 7.111894 0 
5310 0.041535 1 
5311 0.025607 1 
4896 7.112505 0 
4897 7.095470 0 
4898 7.079501 0 
5312 0.021388 1 
5313 0.040703 1 
5314 0.024430 1 
4900 7.094926 0 
4901 7.078666 0 
4902 7.062497 0 
5315 0.040596 1 
5316 0.024672 1 
5317 0.031451 1 
4904 7.098360 0 
4905 7.081854 0 
4906 7.065625 0 
4907 7.049387 0 
5318 0.039516 1 
5319 0.023102 1 
4908 7.062961 0 
4909 7.045766 0 
4910 7.029126 0 
4911 7.012969 0 
4912 6.996880 0 
4913 6.980441 0 
4914 6.964517 0 
5321 0.030931 1 
5322 0.023512 1 
5323 0.018596 1 
5324 0.021846 1 
4915 7.018493 0 
4916 7.003312 0 
4917 6.985802 0 
4918 6.969622 0 
5325 0.026379 1 
5326 0.042022 1 
5327 0.038416 1 
5329 0.020179 1 
5330 0.020370 1 
5331 0.021955 1 
5332 0.009033 1 
4919 7.067889 0 
4920 7.052076 0 
4921 7.036234 0 
5333 0.022085 1 
4923 7.019230 0 
4924 7.003142 0 
4925 6.986702 0 
4926 6.970828 0 
4927 6.952126 0 
4928 6.935741 0 
5334 0.056349 1 
5335 0.081429 1 
5336 0.059417 1 
5337 0.045256 1 
5338 0.037288 1 
5339 0.053111 1 
5340 0.036801 1 
4929 7.060133 0 
4931 7.027394 0 
5342 0.038710 1 
5343 0.022523 1 
5344 0.022058 1 
5345 0.037716 1 
5024 5.525540 0 
5025 5.509790 0 
5028 5.457541 0 
5029 5.434966 0 
5030 5.418854 0 
5031 5.402805 0 
5032 5.382101 0 
5033 5.365955 0 
5034 5.349938 0 
5346 0.044290 1 
5347 0.028086 1 
5348 0.040798 1 
5035 5.365931 0 
5036 5.349713 0 
5037 5.329683 0 
5038 5.312132 0 
5039 5.295439 0 
5041 5.263057 0 
5043 5.230145 0 
5044 5.213762 0 
5045 5.197574 0 
5046 5.181676 0 
5350 0.053801 1 
5351 0.037233 1 
5047 5.197597 0 
5048 5.181278 0 
5049 5.165216 0 
5051 5.132728 0 
5052 5.115934 0 
5352 0.035712 1 
5053 5.126532 0 
5054 5.109998 0 
5055 5.088026 0 
5056 5.067898 0 
5057 5.048282 0 
5353 0.029447 1 
5058 5.059665 0 
5059 5.043585 0 
5060 5.020860 0 
5061 5.004851 0 
5062 4.988542 0 
5063 4.972260 0 
5064 4.955782 0 
5065 4.951846 0 
5067 4.917421 0 
5068 4.901049 0 
5069 4.884933 0 
5070 4.868897 0 
5071 4.852635 0 
5072 4.836243 0 
5355 0.037956 1 
5356 0.022239 1 
5073 4.858777 0 
5074 4.842605 0 
5075 4.826641 0 
5076 4.810709 0 
5078 4.798122 0 
5080 4.765619 0 
5081 4.749236 0 
5082 4.733033 0 
5083 4.709321 0 
5084 4.693301 0 
5357 0.065185 1 
5358 0.049414 1 
5360 0.051817 1 
5361 0.035969 1 
5362 0.019951 1 
5085 4.724683 0 
5086 4.706489 0 
5088 4.670690 0 
5089 4.650677 0 
5090 4.630555 0 
5091 4.606894 0 
5363 0.038649 1 
5364 0.022335 1 
5365 0.071997 1 
5093 4.676114 0 
5095 4.640730 0 
5096 4.624720 0 
5097 4.608562 0 
5099 4.573216 0 
5367 0.061963 1 
5368 0.045988 1 
5369 0.037146 1 
5370 0.025955 1 
5100 4.593993 0 
5101 4.575080 0 
5103 4.542702 0 
5104 4.522934 0 
5105 4.506418 0 
5106 4.489926 0 
5107 4.473721 0 
5371 0.038350 1 
5372 0.022137 1 
5108 4.490780 0 
5109 4.474608 0 
5110 4.458208 0 
5111 4.441870 0 
5112 4.425945 0 
5113 4.409698 0 
5114 4.393562 0 
5373 0.023191 1 
5115 4.390121 0 
5116 4.373102 0 
5117 4.357263 0 
5118 4.341411 0 
5119 4.323481 0 
5374 0.023768 1 
5120 4.329904 0 
5122 4.297108 0 
5123 4.280534 0 
5124 4.256052 0 
5125 4.240513 0 
5126 4.224382 0 
5127 4.208291 0 
5128 4.188787 0 
5375 0.025094 1 
5377 0.034700 1 
5130 4.216088 0 
5131 4.199781 0 
5132 4.181682 0 
5133 4.165571 0 
5134 4.148759 0 
5135 4.132891 0 
5136 4.116488 0 
5378 0.030432 1 
5379 0.020364 1 
5380 0.012514 1 
5137 4.146029 0 
5138 4.130002 0 
5139 4.113708 0 
5140 4.097387 0 
5141 4.080233 0 
5143 4.041986 0 
5144 4.024493 0 
5381 0.037915 1 
5145 4.035523 0 
5146 4.019136 0 
5147 4.002941 0 
5148 3.986372 0 
5149 3.970463 0 
5151 3.938256 0 
5152 3.921264 0 
5382 0.038393 1 
5383 0.022477 1 
5384 0.031579 1 
5385 0.024591 1 
5153 3.957760 0 
5154 3.941609 0 
5156 3.908873 0 
5157 3.892904 0 
5158 3.870269 0 
5159 3.850293 0 
5161 3.817815 0 
5162 3.801497 0 
5163 3.785187 0 
5164 3.768916 0 
5165 3.751229 0 
5166 3.735223 0 
5168 3.706060 0 
5169 3.689163 0 
5386 0.033884 1 
5387 0.030483 1 
5172 3.677685 0 
5388 0.025095 1 
5174 3.671381 0 
5175 3.655447 0 
5176 3.639169 0 
5178 3.606837 0 
5179 3.588951 0 
5180 3.565942 0 
5181 3.550132 0 
5182 3.533705 0 
5183 3.517816 0 
5184 3.501466 0 
5389 0.030602 1 
5390 0.014465 1 
5391 0.018900 1 
5392 0.054688 1 
5393 0.038566 1 
5394 0.030754 1 
5185 3.572849 0 
5186 3.553490 0 
5187 3.537773 0 
5188 3.521884 0 
5189 3.505675 0 
5190 3.485333 0 
5191 3.469241 0 
5192 3.452942 0 
5193 3.436499 0 
5395 0.031129 1 
5396 0.025851 1 
5195 3.432270 0 
5397 0.025793 1 
5398 0.010615 1 
5399 0.014785 1 
5400 0.025519 1 
5401 0.020777 1 
5402 0.017332 1 
5404 0.028017 1 
5405 0.033633 1 
5406 0.042515 1 
5198 3.580509 0 
5199 3.564835 0 
5200 3.548110 0 
5201 3.532010 0 
5202 3.516392 0 
5203 3.499451 0 
5407 0.083819 1 
5408 0.067384 1 
5409 0.051415 1 
5410 0.035293 1 
5207 3.478369 0 
5208 3.464772 0 
5209 3.448508 0 
5210 3.432469 0 
5211 3.415810 0 
5212 3.399586 0 
5214 3.367105 0 
5215 3.350696 0 
5216 3.332152 0 
5217 3.315964 0 
5219 3.274705 0 
5221 3.241807 0 
5222 3.226011 0 
5223 3.208581 0 
5224 3.193182 0 
5227 3.144887 0 
5228 3.128718 0 
5229 3.112942 0 
5230 3.096628 0 
5231 3.080499 0 
5232 3.064342 0 
5233 3.048190 0 
5234 3.031926 0 
5235 3.011446 0 
5236 2.993760 0 
5237 2.977480 0 
5238 2.960823 0 
5240 2.928547 0 
5242 2.887543 0 
5243 2.879300 0 
5244 2.862945 0 
5245 2.843488 0 
5246 2.827226 0 
5411 0.033082 1 
5413 0.048469 1 
5414 0.037317 1 
5415 0.017591 1 
5416 0.023898 1 
5418 0.011239 1 
5247 2.936671 0 
5248 2.920391 0 
5250 2.888064 0 
5251 2.871619 0 
5252 2.855417 0 
5253 2.839148 0 
5254 2.821668 0 
5255 2.805378 0 
5256 2.789078 0 
5257 2.772967 0 
5258 2.757107 0 
5259 2.740419 0 
5260 2.724380 0 
5261 2.701931 0 
5262 2.685525 0 
5263 2.667643 0 
5264 2.645931 0 
5266 2.610092 0 
5267 2.594757 0 
5268 2.578679 0 
5269 2.562415 0 
5270 2.545866 0 
5271 2.529818 0 
5272 2.511389 0 
5273 2.495066 0 
5274 2.479237 0 
5275 2.462512 0 
5277 2.430001 0 
5279 2.395545 0 
5280 2.379436 0 
5420 0.015341 1 
5421 0.033890 1 
5422 0.043216 1 
5423 0.040839 1 
5426 0.049270 1 
5427 0.033457 1 
5428 0.073090 1 
5429 0.056618 1 
5430 0.039937 1 
5431 0.034554 1 
5432 0.017473 1 
5433 0.042164 1 
5434 0.061034 1 
5435 0.044923 1 
5436 0.021227 1 
5437 0.022524 1 
5439 0.015261 1 
5441 0.023076 1 
5442 0.023419 1 
5443 0.026830 1 
5444 0.020910 1 
5445 0.022788 1 
5446 0.030239 1 
5447 0.020822 1 
5449 0.031780 1 
5450 0.027368 1 
5451 0.047023 1 
5452 0.030447 1 
5453 0.028561 1 
5454 0.036037 1 
5455 0.019941 1 
5456 0.021244 1 
5457 0.012949 1 
5458 0.030144 1 
5459 0.015355 1 
5460 0.025219 1 
5461 0.020823 1 
5462 0.020029 1 
5463 0.013459 1 
5465 0.025900 1 
5466 0.036660 1 
5467 0.034263 1 
5468 0.035297 1 
5469 0.032293 1 
5470 0.030261 1 
5471 0.013875 1 
5472 0.011776 1 
5473 0.016849 1 
5474 0.012036 1 
5476 0.030784 1 
5478 0.013116 1 
5479 0.011906 1 
5480 0.013228 1 
5481 0.007756 1 
5482 0.009856 1 
5483 0.029930 1 
5484 0.037534 1 
5486 0.047949 1 
5487 0.031651 1 
5488 0.028203 1 
5489 0.019641 1 
5491 0.039754 1 
5493 0.024117 1 
5494 0.050396 1 
5495 0.034028 1 
5497 0.031420 1 
5498 0.027616 1 
5499 0.033960 1 
5501 0.023124 1 
5502 0.022489 1 
5503 0.020919 1 
5504 0.026352 1 
5505 0.018193 1 
5506 0.031058 1 
5507 0.034057 1 
5508 0.017977 1 
5509 0.020273 1 
5510 0.017119 1 
5511 0.026819 1 
5512 0.019190 1 
5513 0.017304 1 
5514 0.050791 1 
5515 0.034634 1 
5516 0.024544 1 
5517 0.040448 1 
5518 0.022603 1 
5520 0.034565 1 
5521 0.025559 1 
5522 0.027969 1 
5523 0.016770 1 
5524 0.041281 1 
5525 0.024340 1 
5526 0.015296 1 
5528 0.022790 1 
5529 0.012918 1 
5530 0.033915 1 
5531 0.051421 1 
5532 0.035535 1 
5533 0.019372 1 
5534 0.023673 1 
5535 0.031790 1 
5536 0.041121 1 
5537 0.024806 1 
5538 0.025097 1 
5539 0.035627 1 
5541 0.031838 1 
5542 0.033407 1 
5543 0.016949 1 
5544 0.036497 1 
5545 0.041799 1 
5546 0.025635 1 
5547 0.028640 1 
5549 0.013069 1 
5550 0.035203 1 
5551 0.018897 1 
5552 0.025188 1 
5554 0.015748 1 
5555 0.016932 1 
5556 0.044227 1 
5557 0.028058 1 
5559 0.031551 1 
5560 0.045791 1 
5561 0.030004 1 
5562 0.035587 1 
5563 0.031357 1 
5564 0.035285 1 
5566 0.027782 1 
5567 0.027776 1 
5568 0.042260 1 
5569 0.025839 1 
5570 0.040935 1 
5571 0.024520 1 
5572 0.036236 1 
5573 0.019670 1 
5574 0.021639 1 
5576 0.019935 1 
5577 0.019991 1 
5578 0.025652 1 
5579 0.028937 1 
5580 0.036416 1 
5581 0.020213 1 
5582 0.039673 1 
5583 0.023520 1 
5584 0.039012 1 
5585 0.022853 1 
5586 0.034714 1 
5587 0.023796 1 
5588 0.023102 1 
5589 0.022646 1 
5590 0.024549 1 
5591 0.027314 1 
5592 0.039382 1 
5593 0.040224 1 
5594 0.024065 1 
5595 0.021323 1 
5596 0.011240 1 
5597 0.017981 1 
5598 0.035692 1 
5599 0.034797 1 
5600 0.018081 1 
5601 0.021935 1 
5603 0.025937 1 
5604 0.075104 1 
5605 0.058870 1 
5606 0.042539 1 
5607 0.026204 1 
5608 0.060991 1 
5609 0.044984 1 
5610 0.059143 1 
5612 0.054111 1 
5613 0.037982 1 
5614 0.034189 1 
5615 0.027567 1 
5617 0.024489 1 
5619 0.029762 1 
5620 0.036859 1 
5622 0.094180 1 
5625 0.065553 1 
5626 0.049524 1 
5627 0.067724 1 
5628 0.054784 1 
5629 0.037383 1 
5630 0.032963 1 
5631 0.016863 1 
5632 0.043055 1 
5633 0.027023 1 
5634 0.021375 1 
5635 0.034129 1 
5636 0.048371 1 
5638 0.037994 1 
5640 0.032002 1 
5641 0.016206 1 
5642 0.025277 1 
5643 0.021432 1 
5644 0.013160 1 
5645 0.019589 1 
5646 0.020992 1 
5648 0.022581 1 
5649 0.027776 1 
5650 0.031978 1 
5651 0.032915 1 
5652 0.043304 1 
5653 0.024200 1 
5654 0.040434 1 
5655 0.033499 1 
5656 0.019263 1 
5657 0.022837 1 
5658 0.040311 1 
5659 0.024320 1 
5660 0.020757 1 
5661 0.010719 1 
5662 0.024321 1 
5664 0.045231 1 
5665 0.055142 1 
5666 0.039021 1 
5667 0.029160 1 
5668 0.028398 1 
5669 0.030994 1 
5670 0.032629 1 
5671 0.050359 1 
5672 0.034404 1 
5673 0.031853 1 
5675 0.021665 1 
5677 0.017550 1 
5678 0.012987 1 
5679 0.018080 1 
5680 0.015575 1 
5681 0.025138 1 
5682 0.048830 1 
5683 0.032838 1 
5685 0.026017 1 
5686 0.024161 1 
5687 0.028055 1 
5688 0.019819 1 
5690 0.030297 1 
5692 0.034369 1 
5693 0.022656 1 
5694 0.035736 1 
5696 0.042713 1 
5697 0.035828 1 
5698 0.022128 1 
5700 0.013267 1 
5701 0.017702 1 
5702 0.037438 1 
5703 0.021138 1 
5704 0.036498 1 
5705 0.023207 1 
5706 0.048736 1 
5707 0.044390 1 
5708 0.028325 1 
5709 0.026327 1 
5710 0.020386 1 
5711 0.038084 1 
5712 0.032749 1 
5713 0.026921 1 
5714 0.028656 1 
5715 0.031157 1 
5716 0.021737 1 
5717 0.027822 1 
5719 0.033832 1 
5720 0.026481 1 
5721 0.041932 1 
5722 0.021618 1 
5723 0.051214 1 
5724 0.065862 1 
5725 0.074892 1 
5727 0.041897 1 
5728 0.059715 1 
5729 0.048279 1 
5730 0.028970 1 
5731 0.032105 1 
5732 0.032860 1 
5733 0.052523 1 
5734 0.029421 1 
5735 0.020313 1 
5736 0.012495 1 
5737 0.018773 1 
5738 0.026977 1 
5740 0.034986 1 
5741 0.035548 1 
5742 0.018918 1 
5743 0.055115 1 
5744 0.038730 1 
5745 0.022543 1 
5746 0.026499 1 
5748 0.044214 1 
5749 0.027655 1 
5750 0.032130 1 
5751 0.046413 1 
5753 0.017581 1 
5754 0.019477 1 
5755 0.020852 1 
5756 0.022721 1 
5758 0.023177 1 
5759 0.020011 1 
5760 0.019273 1 
5761 0.030584 1 
5762 0.025850 1 
5763 0.024677 1 
5765 0.030936 1 
5766 0.037420 1 
5767 0.028765 1 
5768 0.032743 1 
5769 0.016681 1 
5770 0.053928 1 
5771 0.123070 1 
5772 0.106811 1 
5773 0.115758 1 
5775 0.083308 1 
5776 0.067113 1 
5777 0.085278 1 
5778 0.069369 1 
5779 0.075727 1 
5780 0.095771 1 
5781 0.079497 1 
5782 0.063522 1 
5783 0.047327 1 
5784 0.031126 1 
5785 0.061547 1 
5786 0.044976 1 
5787 0.042724 1 
5788 0.034287 1 
5789 0.017702 1 
5790 0.036897 1 
5791 0.026126 1 
5792 0.034175 1 
5793 0.017894 1 
5794 0.019806 1 
5795 0.029850 1 
5796 0.023737 1 
5797 0.016390 1 
5798 0.029514 1 
5799 0.033029 1 
5800 0.039352 1 
5802 0.035720 1 
5803 0.052550 1 
5804 0.036367 1 
5805 0.041673 1 
5806 0.041872 1 
5807 0.027784 1 
5808 0.030585 1 
5809 0.031678 1 
5811 0.058281 1 
5812 0.042089 1 
5813 0.025982 1 
5814 0.021596 1 
5816 0.030191 1 
5818 0.047136 1 
5819 0.034630 1 
5820 0.041781 1 
5821 0.025769 1 
5824 0.092210 1 
5825 0.074711 1 
5826 0.058281 1 
5827 0.073843 1 
5828 0.060438 1 
5829 0.044029 1 
5830 0.027988 1 
5831 0.030748 1 
5832 0.024049 1 
5833 0.023624 1 
5834 0.021152 1 
5835 0.021705 1 
5837 0.046137 1 
5839 0.032554 1 
5840 0.036517 1 
5841 0.020155 1 
5842 0.044247 1 
5843 0.028196 1 
5844 0.021804 1 
5845 0.036144 1 
5847 0.023826 1 
5848 0.016982 1 
5849 0.029348 1 
5850 0.013096 1 
5851 0.026539 1 
5852 0.050428 1 
5853 0.058079 1 
5854 0.034503 1 
5855 0.018369 1 
5856 0.023219 1 
5857 0.023630 1 
5858 0.022376 1 
5859 0.021817 1 
5860 0.020878 1 
5861 0.029325 1 
5863 0.029566 1 
5864 0.047059 1 
5865 0.031181 1 
5866 0.030567 1 
5867 0.039405 1 
5868 0.023252 1 
5869 0.019961 1 
5870 0.027641 1 
5871 0.040703 1 
5872 0.024533 1 
5874 0.020830 1 
5876 0.020347 1 
5877 0.043836 1 
5878 0.044270 1 
5879 0.036900 1 
5880 0.020920 1 
5881 0.033925 1 
5882 0.017772 1 
5884 0.029955 1 
5885 0.016912 1 
5886 0.034407 1 
5887 0.018439 1 
5889 0.057166 1 
5891 0.025336 1 
5892 0.033296 1 
5893 0.021313 1 
5895 0.032523 1 
5896 0.020211 1 
5897 0.035291 1 
5899 0.029517 1 
5900 0.031497 1 
5901 0.015470 1 
5902 0.023510 1 
5903 0.015746 1 
5904 0.020539 1 
5905 0.030066 1 
5906 0.033402 1 
5907 0.017344 1 
5908 0.048348 1 
5909 0.040302 1 
5910 0.023887 1 
5911 0.033822 1 
5912 0.032912 1 
5913 0.041631 1 
5914 0.024949 1 
5915 0.029816 1 
5916 0.013117 1 
5918 0.021702 1 
5919 0.025539 1 
5920 0.024915 1 
5921 0.023148 1 
5922 0.035649 1 
5923 0.025334 1 
5924 0.020689 1 
5926 0.031769 1 
5927 0.033066 1 
5928 0.025597 1 
5929 0.060268 1 
5930 0.043988 1 
5931 0.027464 1 
5932 0.049217 1 
5933 0.033123 1 
5934 0.030679 1 
5935 0.028600 1 
5936 0.020826 1 
5937 0.017506 1 
5939 0.030722 1 
5940 0.032848 1 
5941 0.020935 1 
5942 0.040547 1 
5943 0.024433 1 
5944 0.036716 1 
5945 0.037479 1 
5947 0.054968 1 
5948 0.038666 1 
5949 0.052224 1 
5950 0.050724 1 
5952 0.044790 1 
5953 0.028203 1 
5954 0.023402 1 
5955 0.038474 1 
5957 0.031079 1 
5958 0.051998 1 
5959 0.096411 1 
5960 0.080572 1 
5961 0.064546 1 
5962 0.052024 1 
5964 0.045066 1 
5965 0.036894 1 
5966 0.035941 1 
5967 0.033130 1 
5968 0.053043 1 
5969 0.037078 1 
5970 0.044747 1 
5971 0.028417 1 
5972 0.047022 1 
5974 0.081549 1 
5975 0.065324 1 
5976 0.059266 1 
5977 0.043074 1 
5978 0.026803 1 
5979 0.028612 1 
5980 0.040644 1 
5981 0.024707 1 
5982 0.031964 1 
5983 0.031946 1 
5984 0.035234 1 
5985 0.023789 1 
5986 0.015763 1 
5987 0.048611 1 
5988 0.028086 1 
5989 0.026447 1 
5990 0.045531 1 
5991 0.040604 1 
5992 0.024503 1 
5993 0.009123 1 
5994 0.027882 1 
5995 0.024923 1 
5996 0.047627 1 
5997 0.031795 1 
5998 0.039886 1 
5999 0.032223 1 
6001 0.045086 1 
6002 0.029400 1 
6003 0.023957 1 
6004 0.027525 1 
6005 0.024515 1 
6006 0.015831 1 
6007 0.026158 1 
6008 0.062598 1 
6010 0.051072 1 
6011 0.035035 1 
6012 0.038383 1 
6013 0.022175 1 
6015 0.035814 1 
6017 0.038334 1 
6018 0.068964 1 
6019 0.079010 1 
6020 0.063809 1 
6023 0.030065 1 
6024 0.072441 1 
6025 0.064801 1 
6026 0.045498 1 
6027 0.028624 1 
6028 0.024532 1 
6029 0.024512 1 
6030 0.078450 1 
6031 0.061989 1 
6032 0.046076 1 
6033 0.027916 1 
6034 0.039558 1 
6036 0.037273 1 
6038 0.034041 1 
6039 0.018230 1 
6040 0.015300 1 
6041 0.030313 1 
6042 0.039926 1 
6043 0.023742 1 
6044 0.019477 1 
6046 0.022347 1 
6047 0.036573 1 
6048 0.050285 1 
6049 0.034194 1 
6050 0.025678 1 
6051 0.041166 1 
6052 0.025158 1 
6053 0.023708 1 
6054 0.024173 1 
6055 0.049228 1 
6056 0.032946 1 
6057 0.027540 1 
6058 0.011363 1 
6059 0.040745 1 
6060 0.025994 1 
6062 0.037590 1 
6063 0.021197 1 
6064 0.046618 1 
6065 0.043590 1 
6066 0.027274 1 
6067 0.018601 1 
6068 0.033643 1 
6069 0.033142 1 
6070 0.015147 1 
6071 0.019000 1 
6073 0.045597 1 
6075 0.030759 1 
6076 0.051443 1 
6077 0.035225 1 
6078 0.043489 1 
6079 0.042280 1 
6080 0.026106 1 
6081 0.060419 1 
6083 0.065081 1 
6084 0.049155 1 
6085 0.045727 1 
6086 0.040158 1 
6088 0.037713 1 
6090 0.012434 1 
6091 0.012788 1 
6092 0.014564 1 
6094 0.014729 1 
6095 0.017370 1 
6096 0.032038 1 
6098 0.027972 1 
6099 0.020345 1 
6100 0.023573 1 
6101 0.022380 1 
6102 0.059746 1 
6103 0.043687 1 
6104 0.040907 1 
6105 0.049057 1 
6106 0.032834 1 
6107 0.023561 1 
6108 0.016853 1 
6109 0.012293 1 
6110 0.028841 1 
6111 0.031875 1 
6112 0.035178 1 
6113 0.027918 1 
6114 0.019113 1 
6115 0.018418 1 
6117 0.022887 1 
6118 0.026590 1 
6119 0.036917 1 
6120 0.050262 1 
6121 0.075937 1 
6122 0.080755 1 
6123 0.064188 1 
6125 0.031747 1 
6126 0.023429 1 
6127 0.011212 1 
6128 0.025746 1 
6129 0.024336 1 
6130 0.021716 1 
6131 0.013843 1 
6132 0.018231 1 
6133 0.030008 1 
6134 0.013370 1 
6135 0.012868 1 
6136 0.029666 1 
6138 0.015351 1 
6139 0.014314 1 
6140 0.028173 1 
6141 0.026109 1 
6142 0.033079 1 
6143 0.024042 1 
6146 0.263069 1 
6147 0.247105 1 
6148 0.230879 1 
6149 0.237028 1 
6151 0.205009 1 
6152 0.188608 1 
6153 0.172115 1 
6154 0.155998 1 
6156 0.122012 1 
6160 0.056645 1 
6161 0.062588 1 
6163 0.070642 1 
6164 0.054449 1 
6165 0.060538 1 
6166 0.082864 1 
6167 0.067026 1 
6168 0.050592 1 
6169 0.059635 1 
6170 0.041946 1 
6171 0.039598 1 
6173 0.028369 1 
6174 0.040801 1 
6175 0.062525 1 
6176 0.046068 1 
6177 0.057322 1 
6178 0.039950 1 
6179 0.055359 1 
6180 0.039134 1 
6181 0.026272 1 
6182 0.041231 1 
6183 0.025264 1 
6184 0.023978 1 
6185 0.023314 1 
6186 0.016260 1 
6187 0.016219 1 
6188 0.032038 1 
6189 0.047235 1 
6190 0.030570 1 
6191 0.035918 1 
6192 0.018918 1 
6193 0.027545 1 
6194 0.011973 1 
6195 0.021791 1 
6196 0.028009 1 
6197 0.030669 1 
6198 0.031260 1 
6200 0.017994 1 
6201 0.025344 1 
6202 0.028808 1 
6203 0.054461 1 
6204 0.037979 1 
6205 0.040081 1 
6206 0.033594 1 
6207 0.019601 1 
6209 0.014391 1 
6210 0.022496 1 
6211 0.006929 1 
6212 0.013131 1 
6214 0.014714 1 
6216 0.026508 1 
6217 0.067282 1 
6218 0.063440 1 
6219 0.048078 1 
6222 0.022658 1 
6223 0.030875 1 
6224 0.061721 1 
6225 0.045408 1 
6226 0.029089 1 
6227 0.038017 1 
6228 0.022032 1 
6229 0.052262 1 
6230 0.036406 1 
6231 0.020336 1 
6232 0.021461 1 
6233 0.027122 1 
6235 0.016078 1 
6237 0.025326 1 
6238 0.032624 1 
6239 0.050127 1 
6240 0.034069 1 
6241 0.033844 1 
6242 0.034849 1 
6243 0.034353 1 
6245 0.029641 1 
6246 0.025272 1 
6247 0.015601 1 
6248 0.026305 1 
6249 0.041884 1 
6250 0.027345 1 
6251 0.024597 1 
6252 0.016939 1 
6253 0.020465 1 
6254 0.029254 1 
6255 0.024127 1 
6256 0.021142 1 
6257 0.041697 1 
6258 0.025383 1 
6259 0.028498 1 
6261 0.053276 1 
6262 0.041068 1 
6263 0.048449 1 
6264 0.031890 1 
6265 0.042046 1 
6266 0.025916 1 
6267 0.021789 1 
6268 0.026675 1 
6269 0.024449 1 
6270 0.022499 1 
6272 0.070515 1 
6274 0.035183 1 
6275 0.056217 1 
6276 0.040368 1 
6277 0.068058 1 
6278 0.051657 1 
6279 0.059134 1 
6280 0.043439 1 
6282 0.076812 1 
6283 0.060746 1 
6284 0.074058 1 
6285 0.057493 1 
6287 0.068627 1 
6289 0.036162 1 
6290 0.028273 1 
6291 0.020770 1 
6293 0.026596 1 
6294 0.035156 1 
6295 0.026657 1 
6297 0.021819 1 
6298 0.021285 1 
6299 0.038980 1 
6300 0.022863 1 
6301 0.019505 1 
6302 0.035340 1 
6303 0.022993 1 
6304 0.049049 1 
6305 0.032502 1 
6306 0.032405 1 
6307 0.039223 1 
6308 0.044106 1 
6309 0.027879 1 
6310 0.049089 1 
6311 0.054859 1 
6312 0.040712 1 
6313 0.050686 1 
6314 0.034388 1 
6316 0.045671 1 
6317 0.029324 1 
6318 0.030676 1 
6319 0.014866 1 
6320 0.038278 1 
6321 0.031812 1 
6322 0.061854 1 
6324 0.025584 1 
6325 0.023693 1 
6326 0.022125 1 
6327 0.020659 1 
6328 0.015660 1 
6329 0.035435 1 
6330 0.019529 1 
6331 0.035867 1 
6332 0.041836 1 
6333 0.025222 1 
6334 0.040810 1 
6335 0.024292 1 
6337 0.013966 1 
6338 0.019997 1 
6339 0.031295 1 
6340 0.013824 1 
6341 0.016524 1 
6342 0.020623 1 
6343 0.034474 1 
6345 0.016169 1 
6346 0.033353 1 
6347 0.037979 1 
6348 0.068036 1 
6350 0.035511 1 
6351 0.019693 1 
6352 0.029800 1 
6353 0.013495 1 
6355 0.020621 1 
6356 0.028507 1 
6357 0.033633 1 
6358 0.017503 1 
6359 0.040112 1 
6360 0.029926 1 
6362 0.032345 1 
6363 0.031118 1 
6364 0.024682 1 
6365 0.036432 1 
6366 0.036054 1 
6367 0.020061 1 
6368 0.040150 1 
6369 0.033709 1 
6370 0.020033 1 
6372 0.020071 1 
6373 0.035136 1 
6374 0.018894 1 
6375 0.032929 1 
6376 0.016814 1 
6377 0.017861 1 
6378 0.029555 1 
6379 0.012858 1 
6380 0.023338 1 
6381 0.027726 1 
6382 0.026113 1 
6383 0.045239 1 
6384 0.029151 1 
6385 0.043667 1 
6386 0.027174 1 
6387 0.028153 1 
6388 0.028838 1 
6389 0.015918 1 
6390 0.017063 1 
6391 0.041280 1 
6392 0.025224 1 
6393 0.031326 1 
6394 0.015315 1 
6395 0.020061 1 
6396 0.023979 1 
6397 0.025661 1 
6399 0.022709 1 
6400 0.014809 1 
6401 0.022403 1 
6402 0.023651 1 
6403 0.023137 1 
6404 0.016250 1 
6405 0.017900 1 
6406 0.037319 1 
6408 0.031346 1 
6409 0.014536 1 
6410 0.049723 1 
6411 0.033592 1 
6413 0.040210 1 
6415 0.055669 1 
6416 0.039429 1 
6417 0.060836 1 
6418 0.044808 1 
6421 0.032065 1 
6422 0.061416 1 
6423 0.056652 1 
6424 0.043668 1 
6425 0.024384 1 
6426 0.021801 1 
6427 0.034679 1 
6428 0.035974 1 
6429 0.056778 1 
6430 0.040694 1 
6431 0.024460 1 
6432 0.027810 1 
6434 0.038744 1 
6436 0.029616 1 
6437 0.045529 1 
6438 0.029343 1 
6439 0.042598 1 
6440 0.026283 1 
6441 0.028070 1 
6442 0.041095 1 
6444 0.046443 1 
6445 0.032404 1 
6446 0.025269 1 
6447 0.026871 1 
6448 0.017447 1 
6449 0.021446 1 
6450 0.026358 1 
6451 0.012998 1 
6452 0.014875 1 
6453 0.051837 1 
6454 0.035686 1 
6455 0.019366 1 
6456 0.038702 1 
6457 0.035650 1 
6458 0.019041 1 
6460 0.045394 1 
6461 0.043347 1 
6462 0.026874 1 
6463 0.028800 1 
6464 0.033989 1 
6465 0.052073 1 
6466 0.035759 1 
6467 0.019706 1 
6468 0.020307 1 
6469 0.025783 1 
6471 0.021246 1 
6473 0.056396 1 
6474 0.036084 1 
6475 0.054744 1 
6476 0.038523 1 
6477 0.039931 1 
6478 0.042886 1 
6479 0.033927 1 
6481 0.045465 1 
6482 0.045219 1 
6483 0.028805 1 
6484 0.049205 1 
6486 0.047274 1 
6488 0.031176 1 
6489 0.042241 1 
6490 0.044319 1 
6492 0.057703 1 
6493 0.046273 1 
6494 0.030153 1 
6496 0.036479 1 
6497 0.020082 1 
6498 0.032520 1 
6499 0.030210 1 
6500 0.042711 1 
6501 0.045771 1 
6502 0.047873 1 
6503 0.032143 1 
6504 0.030178 1 
6505 0.028796 1 
6506 0.054111 1 
6507 0.057572 1 
6508 0.041319 1 
6509 0.024872 1 
6510 0.029943 1 
6511 0.044622 1 
6512 0.028615 1 
6513 0.044585 1 
6515 0.028189 1 
6516 0.032215 1 
6517 0.057350 1 
6518 0.039836 1 
6519 0.054851 1 
6520 0.039107 1 
6521 0.033503 1 
6523 0.019672 1 
6524 0.029253 1 
6525 0.027517 1 
6526 0.010996 1 
6527 0.029561 1 
6528 0.021736 1 
6529 0.016641 1 
6530 0.019398 1 
6531 0.029139 1 
6532 0.012946 1 
6533 0.053425 1 
6534 0.072457 1 
6536 0.052141 1 
6537 0.053370 1 
6538 0.037121 1 
6539 0.055231 1 
6540 0.038972 1 
6541 0.031156 1 
6542 0.035653 1 
6544 0.021228 1 
6545 0.032475 1 
6546 0.016859 1 
6547 0.044019 1 
6549 0.030437 1 
6550 0.023844 1 
6551 0.013490 1 
6552 0.033108 1 
6554 0.045147 1 
6555 0.040422 1 
6556 0.048360 1 
6557 0.058442 1 
6558 0.042232 1 
6559 0.034277 1 
6561 0.032210 1 
6562 0.026610 1 
6563 0.028744 1 
6564 0.069179 1 
6565 0.053077 1 
6566 0.063982 1 
6567 0.047353 1 
6568 0.031465 1 
6569 0.062253 1 
6571 0.036083 1 
6572 0.037702 1 
6573 0.021547 1 
6574 0.021958 1 
6575 0.027191 1 
6576 0.032561 1 
6577 0.024527 1 
6578 0.019137 1 
6579 0.020824 1 
6580 0.031680 1 
6581 0.015211 1 
6582 0.036949 1 
6583 0.036714 1 
6584 0.047537 1 
6585 0.031338 1 
6586 0.025128 1 
6587 0.019590 1 
6588 0.022997 1 
6589 0.041814 1 
6590 0.029149 1 
6591 0.030295 1 
6592 0.040236 1 
6593 0.024035 1 
6594 0.026480 1 
6595 0.045173 1 
6596 0.028872 1 
6598 0.032952 1 
6599 0.016670 1 
6600 0.015006 1 
6601 0.017748 1 
6602 0.021090 1 
6603 0.019876 1 
6604 0.023760 1 
6605 0.032914 1 
6607 0.030241 1 
6608 0.016300 1 
6609 0.045634 1 
6610 0.037286 1 
6612 0.015945 1 
6614 0.033442 1 
6615 0.040710 1 
6616 0.066417 1 
6617 0.048565 1 
6620 0.032295 1 
6621 0.030685 1 
6622 0.048025 1 
6623 0.032137 1 
6624 0.015783 1 
6625 0.032453 1 
6626 0.035345 1 
6627 0.039473 1 
6628 0.023365 1 
6629 0.071272 1 
6630 0.055542 1 
6631 0.038969 1 
6633 0.018142 1 
6635 0.036033 1 
6636 0.017620 1 
6637 0.029600 1 
6638 0.030370 1 
6639 0.052074 1 
6640 0.033569 1 
6641 0.028942 1 
6643 0.029519 1 
6644 0.018985 1 
6645 0.043528 1 
6646 0.027673 1 
6647 0.020621 1 
6648 0.014246 1 
6649 0.037553 1 
6650 0.062815 1 
6651 0.046615 1 
6652 0.029934 1 
6653 0.030292 1 
6654 0.025249 1 
6655 0.028064 1 
6656 0.052145 1 
6657 0.031705 1 
6659 0.028340 1 
6660 0.032568 1 
6661 0.024163 1 
6662 0.025592 1 
6663 0.020808 1 
6664 0.054768 1 
6665 0.038224 1 
6666 0.040198 1 
6667 0.038877 1 
6668 0.036098 1 
6670 0.050167 1 
6672 0.022897 1 
6673 0.027601 1 
6674 0.016055 1 
6675 0.036384 1 
6676 0.047342 1 
6677 0.031046 1 
6678 0.049761 1 
6680 0.025014 1 
6681 0.021498 1 
6682 0.013681 1 
6683 0.054027 1 
6685 0.041970 1 
6687 0.021878 1 
6688 0.027953 1 
6689 0.037630 1 
6691 0.041236 1 
6692 0.021914 1 
6693 0.033244 1 
6695 0.037847 1 
6696 0.030488 1 
6697 0.014394 1 
6698 0.019013 1 
6699 0.021001 1 
6700 0.021288 1 
6701 0.035661 1 
6702 0.019569 1 
6703 0.030360 1 
6704 0.013104 1 
6705 0.028020 1 
6706 0.037299 1 
6707 0.032601 1 
6708 0.022282 1 
6709 0.021326 1 
6710 0.028534 1 
6711 0.033526 1 
6712 0.068452 1 
6714 0.030304 1 
6715 0.041472 1 
6716 0.025017 1 
6717 0.041871 1 
6718 0.025397 1 
6719 0.027086 1 
6720 0.024655 1 
6722 0.028213 1 
6723 0.017194 1 
6724 0.017523 1 
6725 0.043543 1 
6726 0.026260 1 
6727 0.040866 1 
6728 0.041949 1 
6729 0.025786 1 
6730 0.013398 1 
6731 0.036844 1 
6732 0.020953 1 
6733 0.026814 1 
6735 0.018583 1 
6736 0.063366 1 
6737 0.046598 1 
6738 0.030560 1 
6739 0.029982 1 
6740 0.040990 1 
6741 0.024680 1 
6743 0.056208 1 
6744 0.039768 1 
6745 0.035149 1 
6746 0.043230 1 
6748 0.045003 1 
6749 0.055658 1 
6750 0.039691 1 
6751 0.045283 1 
6753 0.023717 1 
6754 0.039437 1 
6755 0.045120 1 
6756 0.029080 1 
6757 0.048618 1 
6758 0.031851 1 
6760 0.042871 1 
6761 0.026606 1 
6762 0.023053 1 
6763 0.035877 1 
6764 0.018472 1 
6765 0.050086 1 
6766 0.034082 1 
6767 0.045055 1 
6768 0.041377 1 
6770 0.031677 1 
6771 0.029046 1 
6772 0.012582 1 
6773 0.022513 1 
6774 0.031218 1 
6775 0.022246 1 
6776 0.020983 1 
6777 0.038887 1 
6778 0.022343 1 
6779 0.044873 1 
6780 0.028969 1 
6781 0.017624 1 
6782 0.016967 1 
6783 0.022125 1 
6784 0.037357 1 
6785 0.042194 1 
6786 0.025876 1 
6787 0.050828 1 
6788 0.034469 1 
6789 0.045631 1 
6790 0.065076 1 
6791 0.049851 1 
6792 0.033679 1 
6793 0.047852 1 
6794 0.025213 1 
6795 0.032145 1 
6797 0.035882 1 
6798 0.039616 1 
6799 0.024103 1 
6800 0.043691 1 
6801 0.027715 1 
6802 0.019982 1 
6803 0.044784 1 
6804 0.028549 1 
6806 0.049700 1 
6807 0.032975 1 
6808 0.042718 1 
6809 0.026631 1 
6811 0.016374 1 
6813 0.048258 1 
6814 0.085890 1 
6815 0.069616 1 
6816 0.066540 1 
6819 0.046360 1 
6820 0.050458 1 
6821 0.034364 1 
6822 0.046667 1 
6823 0.030555 1 
6824 0.018466 1 
6825 0.027419 1 
6826 0.028858 1 
6827 0.033446 1 
6828 0.029874 1 
6829 0.019672 1 
6830 0.014794 1 
6832 0.021769 1 
6834 0.029759 1 
6835 0.033803 1 
6836 0.031862 1 
6837 0.032763 1 
6838 0.050343 1 
6839 0.027241 1 
6840 0.023505 1 
6842 0.020195 1 
6843 0.017493 1 
6844 0.058782 1 
6845 0.042606 1 
6846 0.048952 1 
6847 0.032757 1 
6848 0.019554 1 
6849 0.038100 1 
6850 0.066503 1 
6851 0.050464 1 
6852 0.060459 1 
6853 0.043647 1 
6854 0.046687 1 
6855 0.030260 1 
6856 0.030982 1 
6858 0.032024 1 
6859 0.051641 1 
6860 0.057227 1 
6861 0.040833 1 
6862 0.061716 1 
6863 0.045804 1 
6864 0.029549 1 
6865 0.042672 1 
6866 0.020782 1 
6867 0.020028 1 
6869 0.033743 1 
6871 0.027765 1 
6872 0.021733 1 
6873 0.041292 1 
6874 0.045780 1 
6875 0.029579 1 
6876 0.022448 1 
6877 0.021727 1 
6879 0.023740 1 
6880 0.040672 1 
6881 0.066133 1 
6882 0.049859 1 
6884 0.024176 1 
6886 0.042577 1 
6887 0.025985 1 
6888 0.025659 1 
6890 0.061056 1 
6891 0.044406 1 
6892 0.038956 1 
6894 0.025949 1 
6895 0.031204 1 
6896 0.014628 1 
6897 0.030468 1 
6898 0.036888 1 
6899 0.038569 1 
6900 0.035338 1 
6901 0.019139 1 
6902 0.029259 1 
6903 0.026933 1 
6904 0.018949 1 
6905 0.035061 1 
6906 0.025531 1 
6907 0.046705 1 
6908 0.030519 1 
6909 0.040337 1 
6910 0.024073 1 
6911 0.023134 1 
6913 0.024954 1 
6914 0.023719 1 
6915 0.011182 1 
6916 0.022749 1 
6917 0.024613 1 
6918 0.027963 1 
6919 0.028746 1 
6921 0.016415 1 
6922 0.021688 1 
6923 0.035674 1 
6924 0.031978 1 
6925 0.031642 1 
6926 0.031137 1 
6927 0.014707 1 
6928 0.036416 1 
6929 0.048355 1 
6930 0.032266 1 
6931 0.023090 1 
6932 0.030543 1 
6934 0.020393 1 
6935 0.017071 1 
6936 0.023085 1 
6937 0.021821 1 
6938 0.016964 1 
6939 0.023444 1 
6940 0.022283 1 
6942 0.017716 1 
6943 0.072056 1 
6944 0.055071 1 
6945 0.047322 1 
6947 0.056746 1 
6948 0.049312 1 
6949 0.027830 1 
6950 0.027432 1 
6952 0.026251 1 
6953 0.027097 1 
6954 0.035187 1 
6955 0.021560 1 
6956 0.010471 1 
6957 0.013559 1 
6959 0.046454 1 
6960 0.030299 1 
6961 0.024139 1 
6962 0.028407 1 
6963 0.046108 1 
6964 0.029886 1 
6965 0.036902 1 
6966 0.020484 1 
6967 0.043520 1 
6969 0.067906 1 
6970 0.051359 1 
6971 0.034964 1 
6972 0.033816 1 
6973 0.036741 1 
6974 0.020616 1 
6975 0.033593 1 
6976 0.016904 1 
6977 0.020652 1 
6978 0.017215 1 
6979 0.016886 1 
6980 0.019085 1 
6981 0.015874 1 
6982 0.033855 1 
6983 0.029056 1 
6984 0.028843 1 
6985 0.020293 1 
6986 0.024424 1 
6987 0.075038 1 
6988 0.058563 1 
6989 0.042598 1 
6990 0.027693 1 
6991 0.031384 1 
6992 0.021441 1 
6993 0.025582 1 
6994 0.025000 1 
6996 0.046450 1 
6997 0.042019 1 
6998 0.026403 1 
6999 0.025835 1 
7000 0.034096 1 
7001 0.029863 1 
7002 0.025478 1 
7003 0.013939 1 
7005 0.041976 1 
7006 0.025692 1 
7007 0.035568 1 
7008 0.048257 1 
7010 0.041600 1 
7012 0.037804 1 
7013 0.052622 1 
7014 0.057448 1 
7015 0.048524 1 
7018 0.031607 1 
7019 0.033130 1 
7020 0.049948 1 
7021 0.033834 1 
7022 0.021947 1 
7023 0.033001 1 
7024 0.020087 1 
7025 0.032622 1 
7026 0.022629 1 
7027 0.029236 1 
7028 0.024170 1 
7029 0.033770 1 
7031 0.034050 1 
7033 0.041021 1 
7034 0.024674 1 
7035 0.033825 1 
7036 0.017853 1 
7037 0.056365 1 
7038 0.040162 1 
7039 0.024192 1 
7041 0.019776 1 
7042 0.045084 1 
7043 0.029028 1 
7044 0.017525 1 
7045 0.019338 1 
7046 0.021099 1 
7047 0.033674 1 
7048 0.017565 1 
7049 0.034973 1 
7050 0.023871 1 
7051 0.022846 1 
7052 0.027245 1 
7053 0.027435 1 
7054 0.060150 1 
7055 0.043809 1 
7057 0.064113 1 
7058 0.092124 1 
7059 0.075758 1 
7060 0.059399 1 
7061 0.089588 1 
7062 0.073689 1 
7063 0.077128 1 
7064 0.060137 1 
7065 0.076032 1 
7066 0.063774 1 
7068 0.057882 1 
7070 0.026070 1 
7071 0.037208 1 
7072 0.034452 1 
7073 0.035594 1 
7074 0.019131 1 
7075 0.027407 1 
7076 0.044887 1 
7078 0.039786 1 
7079 0.052196 1 
7080 0.036166 1 
7081 0.066516 1 
7083 0.028620 1 
7085 0.026669 1 
7086 0.014074 1 
7087 0.020750 1 
7089 0.019949 1 
7090 0.016013 1 
7091 0.020363 1 
7093 0.014345 1 
7094 0.038156 1 
7095 0.036954 1 
7096 0.017120 1 
7097 0.051866 1 
7098 0.057665 1 
7099 0.045068 1 
7100 0.028488 1 
7101 0.106791 1 
7102 0.090563 1 
7103 0.072706 1 
7104 0.074504 1 
7105 0.068274 1 
7106 0.052233 1 
7107 0.052381 1 
7108 0.051624 1 
7109 0.035359 1 
7110 0.019260 1 
7112 0.017534 1 
7113 0.030909 1 
7114 0.026364 1 
7115 0.019600 1 
7116 0.029245 1 
7117 0.018983 1 
7118 0.059258 1 
7120 0.026866 1 
7121 0.025191 1 
7122 0.049104 1 
7123 0.032910 1 
7124 0.022266 1 
7125 0.042912 1 
7126 0.026665 1 
7127 0.028394 1 
7128 0.040710 1 
7129 0.041188 1 
7130 0.025608 1 
7131 0.023942 1 
7133 0.029048 1 
7134 0.044086 1 
7135 0.028175 1 
7136 0.039927 1 
7137 0.040005 1 
7138 0.024201 1 
7139 0.049057 1 
7141 0.016166 1 
7142 0.036324 1 
7143 0.048148 1 
7144 0.031871 1 
7146 0.019587 1 
7147 0.021322 1 
7148 0.035352 1 
7149 0.037323 1 
7151 0.070506 1 
7152 0.054210 1 
7153 0.049831 1 
7154 0.033768 1 
7155 0.027723 1 
7156 0.025181 1 
7158 0.019186 1 
7159 0.034986 1 
7160 0.026949 1 
7161 0.023379 1 
7162 0.032860 1 
7163 0.025909 1 
7164 0.027443 1 
7165 0.020280 1 
7166 0.023407 1 
7168 0.030795 1 
7169 0.039695 1 
7170 0.023681 1 
7171 0.012722 1 
7172 0.015127 1 
7173 0.028017 1 
7174 0.040166 1 
7175 0.040504 1 
7176 0.023828 1 
7177 0.047063 1 
7178 0.029458 1 
7179 0.034474 1 
7180 0.027332 1 
7181 0.028798 1 
7182 0.014470 1 
7183 0.029255 1 
7184 0.023590 1 
7185 0.031046 1 
7186 0.054068 1 
7187 0.037991 1 
7188 0.021822 1 
7189 0.029743 1 
7190 0.031904 1 
7191 0.015575 1 
7192 0.020298 1 
7193 0.023538 1 
7195 0.026536 1 
7196 0.051187 1 
7197 0.034856 1 
7198 0.027984 1 
7199 0.016984 1 
7200 0.026092 1 
7201 0.010045 1 
7202 0.028623 1 
7204 0.047698 1 
7205 0.031587 1 
7206 0.034005 1 
7207 0.039135 1 
7209 0.031629 1 
7211 0.045741 1 
7212 0.066175 1 
7213 0.058188 1 
7214 0.041891 1 
7217 0.043372 1 
7218 0.027189 1 
7219 0.045745 1 
7220 0.047169 1 
7221 0.030257 1 
7222 0.031853 1 
7223 0.048985 1 
7224 0.033666 1 
7225 0.045432 1 
7226 0.026888 1 
7227 0.027236 1 
7228 0.032122 1 
7230 0.026109 1 
7232 0.027403 1 
7233 0.036163 1 
7234 0.053903 1 
7235 0.037761 1 
7236 0.021554 1 
7237 0.050478 1 
7238 0.034267 1 
7240 0.028089 1 
7241 0.028415 1 
7242 0.030767 1 
7243 0.026026 1 
7244 0.020376 1 
7245 0.027632 1 
7246 0.020536 1 
7247 0.025906 1 
7248 0.022895 1 
7249 0.019321 1 
7250 0.014336 1 
7251 0.018621 1 
7252 0.025562 1 
7253 0.059561 1 
7254 0.043299 1 
7256 0.042450 1 
7257 0.094867 1 
7258 0.078060 1 
7259 0.095052 1 
7260 0.078825 1 
7261 0.062707 1 
7262 0.082547 1 
7263 0.076925 1 
7264 0.060974 1 
7265 0.044461 1 
7267 0.043973 1 
7269 0.014969 1 
7270 0.042600 1 
7271 0.025824 1 
7272 0.009921 1 
7273 0.032492 1 
7274 0.041234 1 
7275 0.022267 1 
7277 0.027654 1 
7278 0.019093 1 
7279 0.018395 1 
7280 0.013096 1 
7282 0.040294 1 
7284 0.026128 1 
7285 0.063443 1 
7286 0.046719 1 
7288 0.051055 1 
7289 0.034274 1 
7290 0.040533 1 
7292 0.022075 1 
7293 0.023758 1 
7294 0.013612 1 
7295 0.021569 1 
7296 0.020144 1 
7297 0.042204 1 
7298 0.032193 1 
7299 0.015799 1 
7300 0.027827 1 
7301 0.038250 1 
7302 0.042891 1 
7303 0.026716 1 
7303 0.058804 0 
7304 0.042737 0 
7304 0.051202 1 
7305 0.034476 1 
7306 0.021487 1 
7307 0.034337 1 
7308 0.018271 1 
7309 0.014478 1 
7307 0.056282 0 
7308 0.040209 0 
7311 0.019247 1 
7311 0.056672 0 
7312 0.040668 0 
7313 0.024242 0 
7314 0.007924 0 
7312 0.040732 1 
7313 0.024302 1 
7314 0.035692 1 
7315 0.019561 1 
7316 0.022886 1 
7317 0.017451 1 
7319 0.017642 1 
7317 0.055451 0 
7319 0.021793 0 
7320 0.036357 1 
7321 0.020103 1 
7322 0.027307 1 
7323 0.013280 1 
7322 0.046477 0 
7323 0.027534 0 
7324 0.030568 1 
7325 0.025323 1 
7326 0.013672 1 
7326 0.025886 0 
7327 0.009647 0 
7327 0.020870 1 
7328 0.020953 1 
7329 0.016770 1 
7330 0.019013 1 
7328 0.072821 0 
7329 0.056831 0 
7330 0.040611 0 
7332 0.016148 1 
7333 0.026173 1 
7334 0.016197 1 
7335 0.023162 1 
7336 0.016569 1 
7335 0.066984 0 
7336 0.050135 0 
7337 0.033926 0 
7338 0.017965 0 
7338 0.026729 1 
7340 0.029164 1 
7341 0.037198 1 
7342 0.041491 1 
7343 0.036550 1 
7345 0.018116 1 
7346 0.013455 1 
7347 0.012472 1 
7348 0.010003 1 
7340 0.152167 0 
7341 0.136345 0 
7350 0.013369 1 
7345 0.109164 0 
7346 0.089101 0 
7347 0.072846 0 
7348 0.053480 0 
7350 0.017798 0 
7351 0.017037 1 
7352 0.018589 1 
7353 0.019423 1 
7354 0.013788 1 
7355 0.041914 1 
7353 0.080105 0 
7354 0.064399 0 
7357 0.024091 0 
7357 0.026510 1 
7358 0.010825 0 
7358 0.030956 1 
7359 0.014533 1 
7360 0.015213 1 
7361 0.023110 1 
7359 0.063093 0 
7360 0.046779 0 
7362 0.017683 1 
7362 0.048276 0 
7363 0.034638 1 
7364 0.018042 1 
7365 0.025453 1 
7363 0.086964 0 
7364 0.070520 0 
7365 0.054965 0 
7367 0.024462 1 
7368 0.018422 1 
7369 0.022606 1 
7370 0.018254 1 
7371 0.020370 1 
7372 0.046698 1 
7373 0.030298 1 
7374 0.031776 1 
7375 0.027412 1 
7376 0.023505 1 
7377 0.046155 1 
7378 0.030012 1 
7379 0.074531 1 
7380 0.058585 1 
7381 0.041451 1 
7382 0.049100 1 
7383 0.056878 1 
7384 0.041163 1 
7385 0.029467 1 
7386 0.037595 1 
7387 0.033685 1 
7388 0.017621 1 
7389 0.024438 1 
7390 0.014975 1 
7391 0.034928 1 
7392 0.019002 1 
7394 0.045992 1 
7395 0.048206 1 
7396 0.032056 1 
7397 0.015665 1 
7398 0.016429 1 
7399 0.029646 1 
7400 0.052823 1 
7401 0.036582 1 
7403 0.056976 1 
7404 0.040807 1 
7405 0.024723 1 
7406 0.035968 1 
7408 0.026453 1 
7410 0.028888 1 
7411 0.041634 1 
7412 0.087267 1 
7413 0.070258 1 
7416 0.033577 1 
7417 0.017424 1 
7418 0.045521 1 
7419 0.029712 1 
7420 0.021451 1 
7421 0.025699 1 
7422 0.034020 1 
7423 0.025316 1 
7424 0.025398 1 
7425 0.046575 1 
7426 0.030377 1 
7427 0.037898 1 
7429 0.032613 1 
7431 0.035872 1 
7432 0.019675 1 
7433 0.023852 1 
7434 0.022911 1 
7435 0.028845 1 
7436 0.036679 1 
7437 0.029179 1 
7439 0.044719 1 
7440 0.052721 1 
7441 0.037737 1 
7442 0.034475 1 
7443 0.020784 1 
7444 0.028547 1 
7445 0.032269 1 
7446 0.021317 1 
7447 0.019789 1 
7448 0.020641 1 
7449 0.089878 1 
7450 0.082968 1 
7451 0.066396 1 
7452 0.050245 1 
7455 0.053377 1 
7456 0.037062 1 
7457 0.041220 1 
7458 0.024243 1 
7459 0.027116 1 
7460 0.037859 1 
7461 0.061986 1 
7462 0.045891 1 
7463 0.029129 1 
7464 0.046278 1 
7466 0.049974 1 
7468 0.018569 1 
7469 0.028047 1 
7470 0.042345 1 
7471 0.054282 1 
7472 0.037758 1 
7473 0.021773 1 
7474 0.047374 1 
7476 0.039316 1 
7477 0.041767 1 
7478 0.042970 1 
7479 0.026452 1 
7481 0.024729 1 
7483 0.029594 1 
7484 0.032531 1 
7485 0.016288 1 
7487 0.028421 1 
7488 0.025565 1 
7489 0.037869 1 
7491 0.019330 1 
7492 0.048142 1 
7493 0.037104 1 
7494 0.040288 1 
7495 0.098093 1 
7496 0.082204 1 
7497 0.117805 1 
7498 0.101562 1 
7499 0.134919 1 
7500 0.118565 1 
7501 0.102634 1 
7502 0.086778 1 
7503 0.070379 1 
7504 0.052265 1 
7505 0.037861 1 
7506 0.021627 1 
7507 0.018807 1 
7508 0.022053 1 
7510 0.033988 1 
7511 0.017504 1 
7512 0.022540 1 
7513 0.031466 1 
7514 0.034404 1 
7515 0.032454 1 
7516 0.030851 1 
7518 0.022285 1 
7519 0.034772 1 
7520 0.018900 1 
7521 0.022733 1 
7522 0.024017 1 
7523 0.017880 1 
7524 0.020173 1 
7525 0.014130 1 
7526 0.017251 1 
7527 0.023108 1 
7528 0.017478 1 
7529 0.028471 1 
7531 0.028161 1 
7532 0.028687 1 
7533 0.051179 1 
7534 0.034006 1 
7535 0.019756 1 
7536 0.035166 1 
7537 0.046899 1 
7539 0.048382 1 
7540 0.035230 1 
7541 0.036464 1 
7542 0.020401 1 
7544 0.037645 1 
7545 0.038083 1 
7546 0.022020 1 
7547 0.021526 1 
7549 0.021321 1 
7550 0.038961 1 
7551 0.022805 1 
7552 0.037866 1 
7553 0.022139 1 
7554 0.027836 1 
7556 0.023031 1 
7557 0.027634 1 
7558 0.041015 1 
7559 0.025031 1 
7560 0.012332 1 
7561 0.024828 1 
7562 0.025054 1 
7563 0.022537 1 
7564 0.023780 1 
7566 0.030325 1 
7567 0.014513 1 
7568 0.013889 1 
7569 0.019704 1 
7570 0.016400 1 
7571 0.037419 1 
7572 0.021403 1 
7573 0.025085 1 
7574 0.029394 1 
7575 0.037827 1 
7576 0.027093 1 
7577 0.018301 1 
7578 0.024893 1 
7579 0.012270 1 
7580 0.012121 1 
7581 0.017090 1 
7582 0.030687 1 
7583 0.025051 1 
7584 0.030798 1 
7585 0.016685 1 
7586 0.024892 1 
7587 0.021685 1 
7588 0.023654 1 
7589 0.034666 1 
7590 0.018438 1 
7591 0.014197 1 
7593 0.044381 1 
7594 0.028659 1 
7595 0.033380 1 
7596 0.025909 1 
7597 0.039169 1 
7598 0.072986 1 
7599 0.056599 1 
7600 0.040366 1 
7602 0.075352 1 
7603 0.058703 1 
7604 0.042736 1 
7605 0.026585 1 
7607 0.013199 1 
7609 0.034548 1 
7610 0.043423 1 
7611 0.050578 1 
7612 0.060112 1 
7615 0.023783 1 
7616 0.018087 1 
7617 0.070275 1 
7618 0.054459 1 
7619 0.038485 1 
7620 0.050807 1 
7621 0.034691 1 
7622 0.033244 1 
7623 0.033581 1 
7624 0.038932 1 
7625 0.036088 1 
7626 0.015587 1 
7628 0.019746 1 
7630 0.026482 1 
7631 0.018019 1 
7632 0.021336 1 
7633 0.018823 1 
7634 0.032677 1 
7635 0.033314 1 
7636 0.049438 1 
7638 0.017307 1 
7639 0.017653 1 
7640 0.015420 1 
7641 0.016500 1 
7642 0.016161 1 
7643 0.014158 1 
7644 0.026276 1 
7645 0.019592 1 
7646 0.029441 1 
7647 0.051553 1 
7648 0.059991 1 
7649 0.041440 1 
7650 0.036337 1 
7651 0.021036 1 
7652 0.019510 1 
7654 0.046884 1 
7655 0.031918 1 
7656 0.022126 1 
7657 0.019568 1 
7658 0.016321 1 
7659 0.022635 1 
7660 0.021316 1 
7661 0.018116 1 
7662 0.019707 1 
7663 0.020331 1 
7665 0.042319 1 
7667 0.032494 1 
7668 0.013519 1 
7669 0.016470 1 
7670 0.014863 1 
7671 0.024259 1 
7672 0.020348 1 
7673 0.016039 1 
7675 0.019185 1 
7676 0.025861 1 
7677 0.028610 1 
7678 0.026271 1 
7680 0.025022 1 
7682 0.039448 1 
7683 0.023592 1 
7684 0.039316 1 
7686 0.019459 1 
7687 0.032565 1 
7688 0.045706 1 
7690 0.030900 1 
7691 0.044732 1 
7692 0.050959 1 
7693 0.035051 1 
7694 0.018746 1 
7695 0.032723 1 
