2024-09-03 16:26:29
../stream-replay/logs/rtt-6207@128.txt
9 0.051498 0 
10 0.035066 0 
11 0.018317 0 
12 0.032103 0 
13 0.014685 0 
14 0.018486 0 
15 0.022561 0 
16 0.028340 0 
17 0.009336 0 
18 0.073406 0 
19 0.056880 0 
20 0.041034 0 
21 0.024923 0 
22 0.057664 0 
23 0.041499 0 
24 0.025363 0 
25 0.038621 0 
26 0.047881 0 
27 0.031626 0 
28 0.015177 0 
29 0.023502 0 
31 0.062253 0 
32 0.042849 0 
33 0.037288 0 
34 0.020528 0 
35 0.037973 0 
36 0.021499 0 
37 0.071266 0 
38 0.095908 0 
40 0.097988 0 
41 0.082218 0 
42 0.065773 0 
43 0.048453 0 
45 0.053295 0 
47 0.020409 0 
48 0.149384 0 
49 0.182563 0 
50 0.166367 0 
53 0.174364 0 
54 0.158345 0 
55 0.141941 0 
56 0.125570 0 
57 0.109103 0 
58 0.092803 0 
59 0.097385 0 
60 0.082957 0 
61 0.066731 0 
62 0.050271 0 
63 0.033384 0 
64 0.017058 0 
66 0.131896 0 
68 0.154031 0 
69 0.138007 0 
70 0.217469 0 
71 0.201368 0 
72 0.185066 0 
73 0.463567 0 
74 0.446993 0 
78 0.376376 0 
79 0.360147 0 
80 0.343176 0 
81 0.326960 0 
83 0.292231 0 
84 0.275981 0 
85 0.252646 0 
86 0.236304 0 
87 0.219960 0 
88 0.223432 0 
89 0.207029 0 
90 0.190517 0 
92 0.386347 0 
93 0.369562 0 
94 0.353280 0 
95 0.337312 0 
96 0.320848 0 
97 0.304917 0 
98 0.288493 0 
100 0.303695 0 
101 0.287079 0 
103 0.311028 0 
105 0.278500 0 
106 0.262070 0 
107 0.245648 0 
108 0.225715 0 
109 0.212545 0 
110 0.196066 0 
111 0.179546 0 
113 0.217611 0 
114 0.201570 0 
115 0.218353 0 
116 0.202312 0 
118 0.169426 0 
120 0.170454 0 
121 0.154308 0 
122 0.137908 0 
124 0.166290 0 
125 0.149690 0 
126 0.133178 0 
128 0.100235 0 
129 0.182689 0 
130 0.168162 0 
131 0.151037 0 
132 0.242952 0 
133 0.226560 0 
134 0.209640 0 
135 0.193920 0 
136 0.177242 0 
137 0.161083 0 
138 0.144689 0 
139 0.223280 0 
140 0.206726 0 
141 0.190617 0 
142 0.302058 0 
143 0.285196 0 
144 0.326048 0 
145 0.309556 0 
147 0.275183 0 
148 0.259235 0 
149 0.242812 0 
150 0.226454 0 
151 0.378207 0 
152 0.362231 0 
153 0.345324 0 
155 0.347366 0 
156 0.440277 0 
157 0.424066 0 
158 0.407537 0 
159 0.391588 0 
161 0.419154 0 
162 0.403071 0 
163 0.385735 0 
164 0.426694 0 
165 0.410368 0 
166 0.394149 0 
168 0.361557 0 
169 0.345174 0 
170 0.329125 0 
171 0.312543 0 
172 0.295934 0 
173 0.279665 0 
174 0.263429 0 
176 0.238230 0 
177 0.253709 0 
178 0.237051 0 
179 0.293574 0 
181 0.261143 0 
182 0.244677 0 
183 0.228680 0 
184 0.211943 0 
186 0.179314 0 
187 0.176143 0 
188 0.159559 0 
189 0.143549 0 
190 0.126784 0 
191 0.185540 0 
193 0.152757 0 
194 0.205946 0 
195 0.257670 0 
196 0.242034 0 
197 0.225021 0 
198 0.208760 0 
199 0.191956 0 
200 0.175917 0 
201 0.190788 0 
203 0.157815 0 
204 0.154967 0 
205 0.138496 0 
206 0.122917 0 
207 0.106561 0 
208 0.090057 0 
209 0.141692 0 
210 0.125671 0 
211 0.109290 0 
212 0.092606 0 
215 0.115385 0 
216 0.098973 0 
217 0.082426 0 
218 0.068147 0 
219 0.196486 0 
220 0.179684 0 
221 0.163593 0 
222 0.146996 0 
223 0.129963 0 
224 0.112749 0 
225 0.155432 0 
226 0.139309 0 
227 0.122787 0 
228 0.106565 0 
230 0.072976 0 
231 0.131846 0 
232 0.109620 0 
233 0.093566 0 
234 0.075252 0 
235 0.059195 0 
236 0.043070 0 
237 0.025442 0 
239 0.147863 0 
240 0.131127 0 
241 0.115156 0 
242 0.098682 0 
244 0.066422 0 
246 0.043911 0 
247 0.026879 0 
248 0.256582 0 
249 0.240379 0 
252 0.191735 0 
253 0.175506 0 
254 0.177754 0 
255 0.299292 0 
256 0.282338 0 
257 0.278328 0 
258 0.262709 0 
259 0.255642 0 
260 0.306959 0 
261 0.290509 0 
262 0.293835 0 
263 0.277470 0 
265 0.244045 0 
267 0.211582 0 
268 0.315953 0 
269 0.299832 0 
270 0.283495 0 
271 0.264960 0 
272 0.248394 0 
273 0.227811 0 
275 0.248903 0 
276 0.227485 0 
277 0.212261 0 
278 0.196990 0 
279 0.178264 0 
280 0.206497 0 
281 0.190134 0 
282 0.173845 0 
283 0.244716 0 
284 0.289385 0 
285 0.273430 0 
286 0.257191 0 
287 0.240752 0 
288 0.224605 0 
289 0.208308 0 
291 0.289902 0 
292 0.267028 0 
293 0.255496 0 
294 0.238184 0 
297 0.189205 0 
298 0.172937 0 
299 0.160936 0 
300 0.219767 0 
302 0.186372 0 
304 0.153994 0 
305 0.137997 0 
308 0.086532 0 
310 0.146704 0 
312 0.113971 0 
313 0.097911 0 
314 0.081706 0 
315 0.063703 0 
317 0.029864 0 
319 0.205687 0 
320 0.189319 0 
321 0.172584 0 
323 0.140054 0 
324 0.123757 0 
325 0.107238 0 
327 0.074739 0 
328 0.058702 0 
329 0.041001 0 
330 0.083300 0 
331 0.067181 0 
332 0.050665 0 
333 0.052984 0 
334 0.036597 0 
335 0.020070 0 
336 0.093722 0 
337 0.077450 0 
338 0.061190 0 
339 0.068316 0 
340 0.051750 0 
341 0.035283 0 
342 0.041620 0 
343 0.077766 0 
344 0.061078 0 
346 0.110300 0 
347 0.093845 0 
348 0.077706 0 
349 0.061440 0 
350 0.055298 0 
351 0.165656 0 
352 0.149670 0 
354 0.236871 0 
355 0.220359 0 
356 0.203567 0 
357 0.187242 0 
358 0.208387 0 
359 0.188406 0 
360 0.196087 0 
361 0.180761 0 
362 0.163837 0 
363 0.300756 0 
364 0.284414 0 
365 0.267674 0 
367 0.325489 0 
368 0.309005 0 
369 0.292710 0 
370 0.276546 0 
371 0.269318 0 
372 0.254837 0 
373 0.238419 0 
375 0.205555 0 
376 0.207945 0 
377 0.193604 0 
378 0.177018 0 
380 0.166576 0 
381 0.149326 0 
382 0.133395 0 
383 0.117115 0 
385 0.116443 0 
386 0.099400 0 
387 0.083215 0 
388 0.098143 0 
389 0.080558 0 
390 0.065212 0 
392 0.085018 0 
393 0.068587 0 
394 0.052458 0 
395 0.035584 0 
396 0.018368 0 
397 0.069371 0 
398 0.136966 0 
399 0.120414 0 
400 0.103830 0 
402 0.070287 0 
403 0.054639 0 
404 0.037748 0 
405 0.021112 0 
406 0.079886 0 
407 0.063317 0 
408 0.046938 0 
409 0.030682 0 
410 0.013986 0 
411 0.071888 0 
412 0.055509 0 
413 0.076602 0 
414 0.059828 0 
415 0.043758 0 
416 0.027332 0 
417 0.054946 0 
418 0.037893 0 
419 0.048369 0 
420 0.031472 0 
421 0.015227 0 
422 0.242747 0 
423 0.226242 0 
424 0.210315 0 
425 0.194282 0 
426 0.234841 0 
427 0.218517 0 
429 0.185715 0 
430 0.168844 0 
431 0.152718 0 
432 0.136053 0 
433 0.150477 0 
434 0.134261 0 
435 0.117831 0 
436 0.156886 0 
438 0.123011 0 
439 0.106903 0 
440 0.088621 0 
441 0.073036 0 
443 0.040417 0 
445 0.088960 0 
446 0.074255 0 
447 0.139068 0 
448 0.123905 0 
451 0.071931 0 
452 0.056057 0 
453 0.039787 0 
454 0.112514 0 
455 0.096175 0 
456 0.079531 0 
457 0.063515 0 
458 0.118396 0 
459 0.103247 0 
460 0.086819 0 
461 0.071415 0 
462 0.054998 0 
464 0.022123 0 
466 0.060235 0 
467 0.043683 0 
468 0.026726 0 
469 0.039103 0 
470 0.021749 0 
471 0.226206 0 
472 0.210049 0 
474 0.177423 0 
475 0.229723 0 
476 0.220084 0 
477 0.203884 0 
478 0.209950 0 
479 0.193624 0 
480 0.177492 0 
481 0.160434 0 
482 0.198746 0 
483 0.180848 0 
484 0.164907 0 
485 0.150578 0 
486 0.134258 0 
487 0.180967 0 
488 0.164609 0 
490 0.149838 0 
491 0.132590 0 
492 0.219246 0 
493 0.203158 0 
494 0.185503 0 
495 0.169618 0 
496 0.152842 0 
497 0.176434 0 
498 0.159970 0 
499 0.143394 0 
503 0.186810 0 
504 0.169143 0 
505 0.267754 0 
506 0.251669 0 
507 0.235113 0 
508 0.219857 0 
509 0.203520 0 
511 0.291718 0 
512 0.274408 0 
513 0.423566 0 
514 0.407281 0 
516 0.373197 0 
518 0.341233 0 
519 0.324064 0 
520 0.308427 0 
522 0.274785 0 
523 0.254178 0 
524 0.235934 0 
526 0.203035 0 
527 0.185929 0 
528 0.154296 0 
529 0.142935 0 
530 0.125909 0 
531 0.109836 0 
532 0.186371 0 
533 0.172206 0 
534 0.155969 0 
535 0.139613 0 
536 0.123133 0 
537 0.106564 0 
538 0.090516 0 
539 0.073756 0 
540 0.055959 0 
541 0.049689 0 
542 0.032507 0 
543 0.172016 0 
545 0.137897 0 
546 0.121796 0 
547 0.105960 0 
548 0.089572 0 
549 0.072843 0 
550 0.084594 0 
551 0.067675 0 
553 0.035149 0 
554 0.116052 0 
555 0.099844 0 
556 0.082601 0 
557 0.067441 0 
558 0.050575 0 
559 0.034435 0 
560 0.017507 0 
561 0.020389 0 
562 0.069259 0 
563 0.053088 0 
564 0.036875 0 
566 0.064065 0 
567 0.127820 0 
568 0.111619 0 
569 0.140721 0 
570 0.123551 0 
571 0.107316 0 
572 0.138331 0 
574 0.105904 0 
575 0.089434 0 
576 0.073389 0 
577 0.056944 0 
579 0.089914 0 
580 0.073497 0 
581 0.057113 0 
582 0.040604 0 
584 0.068887 0 
585 0.133393 0 
586 0.116680 0 
587 0.100332 0 
588 0.083858 0 
589 0.067465 0 
591 0.034920 0 
593 0.294436 0 
594 0.528274 0 
595 0.511790 0 
596 0.495239 0 
599 0.472363 0 
601 0.439742 0 
602 0.423232 0 
603 0.407089 0 
604 0.448742 0 
605 0.432337 0 
606 0.412519 0 
607 0.395971 0 
608 0.379201 0 
609 0.362304 0 
610 0.346381 0 
611 0.330047 0 
612 0.313609 0 
613 0.297662 0 
614 0.339397 0 
615 0.323503 0 
616 0.305010 0 
617 0.289068 0 
618 0.272784 0 
619 0.256342 0 
622 0.225865 0 
623 0.209632 0 
626 0.205083 0 
628 0.169616 0 
629 0.152821 0 
630 0.190109 0 
631 0.173695 0 
632 0.157687 0 
633 0.140809 0 
634 0.123034 0 
635 0.106791 0 
637 0.149119 0 
638 0.205569 0 
639 0.189773 0 
640 0.173455 0 
642 0.138413 0 
644 0.105148 0 
645 0.105782 0 
646 0.191596 0 
647 0.209323 0 
650 0.160007 0 
651 0.142627 0 
652 0.126746 0 
653 0.110312 0 
654 0.102040 0 
655 0.121128 0 
656 0.104267 0 
657 0.088202 0 
658 0.099987 0 
659 0.083409 0 
660 0.066924 0 
661 0.050746 0 
663 0.022907 0 
665 0.018985 0 
666 0.021817 0 
667 0.016127 0 
668 0.007541 0 
669 0.013524 0 
670 0.016004 0 
671 0.016144 0 
673 0.056470 0 
674 0.055047 0 
675 0.038541 0 
676 0.022365 0 
677 0.025097 0 
678 0.008586 0 
679 0.007257 0 
680 0.007527 0 
681 0.011678 0 
682 0.049295 0 
683 0.030977 0 
684 0.015361 0 
689 0.067458 1 
690 0.051072 1 
691 0.035048 1 
687 0.140408 0 
689 0.106844 0 
692 0.057513 1 
693 0.044245 1 
694 0.027512 1 
695 0.029460 1 
696 0.047848 1 
697 0.047371 1 
698 0.030949 1 
700 0.012505 1 
690 0.203308 0 
691 0.186958 0 
692 0.182360 0 
693 0.166094 0 
694 0.149351 0 
695 0.149055 0 
696 0.134678 0 
697 0.118145 0 
698 0.101674 0 
700 0.082085 0 
702 0.049534 0 
703 0.024732 0 
704 0.015026 0 
705 0.011236 0 
706 0.006393 0 
707 0.015141 0 
708 0.008188 0 
702 0.116157 1 
703 0.110160 1 
704 0.093277 1 
705 0.077117 1 
706 0.060637 1 
707 0.043790 1 
708 0.027226 1 
710 0.015280 0 
711 0.012354 0 
710 0.033782 1 
712 0.010730 0 
711 0.040956 1 
712 0.025026 1 
713 0.010479 0 
715 0.015802 0 
713 0.059456 1 
717 0.018289 0 
718 0.011418 0 
718 0.049085 1 
719 0.027925 1 
719 0.030066 0 
721 0.004924 0 
722 0.020861 0 
721 0.047292 1 
722 0.042667 1 
723 0.028257 1 
725 0.042713 0 
726 0.026370 0 
727 0.012456 0 
728 0.021011 0 
725 0.084532 1 
726 0.068187 1 
727 0.051915 1 
728 0.035678 1 
729 0.039532 0 
730 0.022784 0 
729 0.042890 1 
731 0.028839 0 
732 0.038023 0 
733 0.021791 0 
734 0.019256 0 
735 0.008605 0 
736 0.007015 0 
737 0.008157 0 
738 0.006722 0 
739 0.013931 0 
740 0.021743 0 
741 0.007581 0 
730 0.205103 1 
731 0.189169 1 
732 0.173273 1 
733 0.157012 1 
734 0.140131 1 
735 0.122481 1 
736 0.105792 1 
737 0.089186 1 
738 0.072641 1 
739 0.055007 1 
742 0.006288 0 
741 0.051538 1 
742 0.034946 1 
744 0.013132 0 
745 0.013790 0 
744 0.041696 1 
745 0.025262 1 
746 0.014619 0 
746 0.020082 1 
747 0.009011 0 
748 0.013596 0 
747 0.039841 1 
749 0.010868 0 
750 0.010230 0 
752 0.009018 0 
753 0.014420 0 
748 0.105476 1 
749 0.089539 1 
750 0.073363 1 
754 0.026477 0 
755 0.010130 0 
756 0.026789 0 
757 0.015471 0 
752 0.114643 1 
753 0.098501 1 
754 0.082096 1 
755 0.065657 1 
756 0.050021 1 
758 0.031041 0 
759 0.015117 0 
758 0.084633 1 
759 0.068791 1 
760 0.052386 1 
761 0.046746 0 
762 0.025986 0 
763 0.026204 0 
765 0.025860 0 
766 0.009716 0 
767 0.008117 0 
768 0.018200 0 
769 0.008036 0 
770 0.006754 0 
771 0.012926 0 
773 0.014399 0 
774 0.015291 0 
775 0.017254 0 
776 0.014517 0 
778 0.010660 0 
779 0.021740 0 
780 0.022903 0 
781 0.007141 0 
783 0.018931 0 
784 0.046352 0 
785 0.028971 0 
786 0.038811 0 
787 0.022353 0 
788 0.029474 0 
790 0.017747 0 
791 0.015774 0 
792 0.039067 0 
793 0.045197 0 
794 0.029683 0 
795 0.013346 0 
796 0.015437 0 
797 0.062809 0 
798 0.046747 0 
800 0.014117 0 
801 0.124949 0 
802 0.109109 0 
803 0.092814 0 
804 0.076565 0 
805 0.060136 0 
806 0.060068 0 
807 0.043925 0 
808 0.046783 0 
809 0.030370 0 
810 0.098951 0 
811 0.082816 0 
812 0.066575 0 
813 0.073308 0 
814 0.057242 0 
815 0.040954 0 
816 0.025037 0 
817 0.045199 0 
818 0.029231 0 
819 0.102922 0 
820 0.087293 0 
821 0.067777 0 
822 0.078168 0 
823 0.061770 0 
824 0.045560 0 
825 0.039651 0 
827 0.108853 0 
828 0.154642 0 
829 0.134107 0 
830 0.117990 0 
831 0.101686 0 
832 0.085360 0 
833 0.069114 0 
834 0.064525 0 
836 0.030617 0 
838 0.103653 0 
839 0.087463 0 
841 0.054757 0 
843 0.025181 0 
844 0.106826 0 
846 0.171855 0 
854 0.119361 0 
855 0.128781 0 
856 0.114674 0 
857 0.098431 0 
858 0.082303 0 
859 0.065814 0 
860 0.049932 0 
862 0.106279 0 
864 0.118283 0 
865 0.101823 0 
866 0.085355 0 
867 0.068709 0 
868 0.050338 0 
869 0.033916 0 
870 0.017838 0 
872 0.103683 0 
873 0.087521 0 
874 0.071471 0 
875 0.053863 0 
876 0.038195 0 
877 0.079053 0 
878 0.063114 0 
879 0.047056 0 
880 0.040351 0 
881 0.024080 0 
882 0.101800 0 
883 0.085618 0 
884 0.069291 0 
885 0.052877 0 
886 0.036389 0 
888 0.124760 0 
889 0.108529 0 
890 0.195949 0 
891 0.184386 0 
892 0.168460 0 
893 0.193531 0 
894 0.177450 0 
895 0.160572 0 
896 0.144610 0 
897 0.172513 0 
899 0.158305 0 
901 0.125840 0 
902 0.109181 0 
903 0.092582 0 
904 0.126928 0 
905 0.110676 0 
906 0.094320 0 
907 0.113924 0 
909 0.081821 0 
910 0.122858 0 
911 0.108674 0 
912 0.092323 0 
914 0.108193 0 
916 0.162592 0 
917 0.146533 0 
918 0.130519 0 
920 0.095633 0 
921 0.151412 0 
922 0.134964 0 
924 0.102637 0 
925 0.120594 0 
926 0.104100 0 
927 0.087826 0 
928 0.070006 0 
929 0.073670 0 
930 0.054388 0 
931 0.110822 0 
932 0.093829 0 
933 0.077183 0 
934 0.061138 0 
935 0.044986 0 
936 0.028462 0 
937 0.051303 0 
938 0.092034 0 
940 0.110883 0 
941 0.094968 0 
943 0.068075 0 
944 0.051261 0 
945 0.034998 0 
946 0.072737 0 
947 0.087458 0 
948 0.070343 0 
949 0.054772 0 
951 0.022308 0 
952 0.029127 0 
953 0.025545 0 
954 0.026837 0 
955 0.156033 0 
956 0.139894 0 
957 0.191513 0 
958 0.175009 0 
959 0.158600 0 
960 0.209040 0 
961 0.192276 0 
962 0.176124 0 
964 0.142460 0 
965 0.122247 0 
966 0.129220 0 
967 0.112677 0 
969 0.160372 0 
970 0.142927 0 
972 0.111903 0 
973 0.211959 0 
974 0.283276 0 
975 0.266542 0 
977 0.230473 0 
978 0.214076 0 
979 0.197886 0 
980 0.181855 0 
982 0.149308 0 
983 0.132354 0 
984 0.116421 0 
985 0.100064 0 
986 0.083635 0 
987 0.067203 0 
989 0.073500 0 
990 0.057317 0 
991 0.039661 0 
992 0.090159 0 
993 0.074276 0 
994 0.080036 0 
995 0.063328 0 
996 0.086907 0 
997 0.070958 0 
999 0.037944 0 
1000 0.135333 0 
1001 0.118598 0 
1002 0.102328 0 
1003 0.085923 0 
1004 0.066759 0 
1005 0.053372 0 
1006 0.036784 0 
1007 0.020288 0 
1008 0.049416 0 
1009 0.033141 0 
1010 0.016994 0 
1011 0.103431 0 
1012 0.087256 0 
1013 0.070340 0 
1014 0.054127 0 
1015 0.059786 0 
1016 0.043742 0 
1017 0.027650 0 
1018 0.094501 0 
1019 0.078189 0 
1020 0.062373 0 
1021 0.045949 0 
1022 0.029419 0 
1023 0.013283 0 
1024 0.030986 0 
1026 0.111540 0 
1027 0.094983 0 
1028 0.112413 0 
1029 0.096107 0 
1032 0.137329 0 
1033 0.121033 0 
1036 0.205218 0 
1037 0.188948 0 
1038 0.172706 0 
1040 0.139642 0 
1042 0.106969 0 
1044 0.152351 0 
1045 0.136374 0 
1048 0.087100 0 
1049 0.071028 0 
1050 0.086037 0 
1051 0.069693 0 
1052 0.053224 0 
1053 0.036290 0 
1054 0.020906 0 
1055 0.042874 0 
1056 0.027113 0 
1057 0.043836 0 
1058 0.231743 0 
1059 0.215235 0 
1061 0.184435 0 
1063 0.229423 0 
1064 0.228225 0 
1065 0.214265 0 
1066 0.197947 0 
1067 0.181948 0 
1068 0.165640 0 
1069 0.141593 0 
1071 0.163583 0 
1072 0.146197 0 
1073 0.153460 0 
1074 0.136362 0 
1075 0.120129 0 
1076 0.103855 0 
1077 0.087656 0 
1078 0.071087 0 
1079 0.055214 0 
1080 0.038368 0 
1081 0.054838 0 
1082 0.040520 0 
1083 0.024066 0 
1084 0.016298 0 
1085 0.065745 0 
1087 0.162263 0 
1088 0.227284 0 
1089 0.210968 0 
1090 0.200869 0 
1091 0.185372 0 
1092 0.168924 0 
1093 0.152887 0 
1094 0.136421 0 
1095 0.120310 0 
1096 0.104018 0 
1098 0.304265 0 
1100 0.271808 0 
1101 0.255708 0 
1102 0.240441 0 
1103 0.224246 0 
1104 0.207543 0 
1105 0.190971 0 
1106 0.327848 0 
1108 0.292557 0 
1109 0.276571 0 
1110 0.270460 0 
1111 0.254066 0 
1113 0.276724 0 
1115 0.243248 0 
1120 0.254247 0 
1121 0.238100 0 
1123 0.205134 0 
1124 0.188674 0 
1125 0.234564 0 
1126 0.214323 0 
1127 0.198416 0 
1128 0.315547 0 
1129 0.291010 0 
1130 0.275738 0 
1131 0.264983 0 
1132 0.248721 0 
1133 0.230200 0 
1134 0.210881 0 
1135 0.194405 0 
1138 0.143276 0 
1139 0.127684 0 
1140 0.111127 0 
1142 0.078835 0 
1143 0.080593 0 
1144 0.064287 0 
1145 0.047409 0 
1146 0.066412 0 
1147 0.051379 0 
1148 0.034144 0 
1150 0.156922 0 
1151 0.140720 0 
1152 0.124833 0 
1153 0.108060 0 
1154 0.149810 0 
1155 0.133372 0 
1156 0.117552 0 
1157 0.101195 0 
1158 0.084645 0 
1159 0.068012 0 
1160 0.052498 0 
1161 0.112220 0 
1163 0.078819 0 
1164 0.062564 0 
1165 0.045461 0 
1166 0.029566 0 
1167 0.023931 0 
1168 0.006908 0 
1169 0.034721 0 
1171 0.178814 0 
1172 0.162997 0 
1173 0.146636 0 
1174 0.130299 0 
1176 0.098385 0 
1177 0.082315 0 
1178 0.066141 0 
1179 0.050206 0 
1181 0.236990 0 
1182 0.219211 0 
1183 0.309815 0 
1184 0.293405 0 
1185 0.277128 0 
1186 0.260693 0 
1188 0.227763 0 
1189 0.211396 0 
1190 0.195489 0 
1191 0.298690 0 
1192 0.282323 0 
1193 0.266220 0 
1194 0.343125 0 
1195 0.325377 0 
1196 0.307797 0 
1198 0.384978 0 
1199 0.369296 0 
1200 0.352925 0 
1201 0.336959 0 
1202 0.320279 0 
1203 0.303609 0 
1204 0.287383 0 
1205 0.270682 0 
1206 0.254338 0 
1207 0.327469 0 
1208 0.311330 0 
1209 0.355940 0 
1210 0.339880 0 
1211 0.323727 0 
1212 0.307536 0 
1213 0.291511 0 
1214 0.274976 0 
1215 0.259163 0 
1216 0.242486 0 
1217 0.225884 0 
1218 0.208404 0 
1219 0.256570 0 
1220 0.239910 0 
1221 0.223559 0 
1222 0.206210 0 
1223 0.240754 0 
1225 0.207713 0 
1226 0.191962 0 
1227 0.175295 0 
1228 0.222914 0 
1229 0.205668 0 
1230 0.190332 0 
1231 0.173801 0 
1232 0.189938 0 
1234 0.268374 0 
1235 0.252566 0 
1236 0.236151 0 
1237 0.215287 0 
1239 0.177962 0 
1241 0.315941 0 
1242 0.300385 0 
1243 0.463148 0 
1244 0.444917 0 
1247 0.395311 0 
1248 0.379131 0 
1249 0.362591 0 
1250 0.346266 0 
1251 0.330873 0 
1252 0.418348 0 
1253 0.401592 0 
1254 0.384765 0 
1255 0.406492 0 
1256 0.390113 0 
1257 0.373622 0 
1258 0.357120 0 
1260 0.324142 0 
1262 0.354304 0 
1263 0.340150 0 
1265 0.326177 0 
1272 0.239960 0 
1273 0.326055 0 
1274 0.310117 0 
1275 0.294281 0 
1276 0.277654 0 
1277 0.261210 0 
1278 0.244658 0 
1279 0.228041 0 
1280 0.211478 0 
1281 0.239647 0 
1282 0.222999 0 
1283 0.206841 0 
1284 0.190259 0 
1286 0.181226 0 
1287 0.269224 0 
1288 0.250784 0 
1289 0.271742 0 
1290 0.254053 0 
1291 0.238389 0 
1292 0.222241 0 
1293 0.282401 0 
1294 0.265892 0 
1295 0.248554 0 
1297 0.216951 0 
1299 0.189227 0 
1300 0.196882 0 
1301 0.180848 0 
1304 0.215697 0 
1305 0.199227 0 
1307 0.255814 0 
1308 0.239908 0 
1309 0.269642 0 
1310 0.253158 0 
1312 0.300640 0 
1316 0.234526 0 
1318 0.208367 0 
1319 0.221790 0 
1320 0.205706 0 
1322 0.172978 0 
1323 0.195367 0 
1324 0.178929 0 
1325 0.181860 0 
1326 0.165759 0 
1327 0.149199 0 
1328 0.128561 0 
1329 0.178250 0 
1330 0.161389 0 
1331 0.145341 0 
1334 0.095419 0 
1337 0.123469 0 
1338 0.107408 0 
1339 0.091550 0 
1341 0.058723 0 
1342 0.042773 0 
1343 0.026235 0 
1344 0.030663 0 
1345 0.057648 0 
1346 0.151783 0 
1347 0.135872 0 
1349 0.103559 0 
1350 0.086834 0 
1351 0.168083 0 
1352 0.151601 0 
1353 0.135738 0 
1354 0.119695 0 
1355 0.129514 0 
1356 0.113225 0 
1357 0.096899 0 
1358 0.127546 0 
1359 0.111122 0 
1360 0.094375 0 
1362 0.061286 0 
1363 0.044978 0 
1364 0.084984 0 
1365 0.069521 0 
1366 0.066317 0 
1367 0.050495 0 
1368 0.033456 0 
1370 0.055373 0 
1371 0.059399 0 
1372 0.045168 0 
1375 0.149847 0 
1376 0.133713 0 
1377 0.195982 0 
1378 0.180177 0 
1380 0.146423 0 
1381 0.141822 0 
1382 0.126098 0 
1383 0.162003 0 
1384 0.145475 0 
1385 0.128945 0 
1387 0.096554 0 
1388 0.079820 0 
1389 0.303699 0 
1390 0.287585 0 
1391 0.270959 0 
1392 0.255183 0 
1393 0.238362 0 
1394 0.222762 0 
1395 0.205993 0 
1402 0.210115 0 
1403 0.194064 0 
1404 0.177166 0 
1405 0.160429 0 
1406 0.144299 0 
1407 0.127943 0 
1408 0.187028 0 
1409 0.170768 0 
1410 0.154253 0 
1411 0.137860 0 
1412 0.121925 0 
1413 0.215648 0 
1414 0.199088 0 
1415 0.182379 0 
1416 0.166046 0 
1417 0.149694 0 
1418 0.133330 0 
1419 0.117340 0 
1420 0.100729 0 
1421 0.083748 0 
1422 0.067635 0 
1424 0.047682 0 
1425 0.109483 0 
1426 0.093246 0 
1427 0.077374 0 
1428 0.061428 0 
1429 0.044841 0 
1430 0.028906 0 
1431 0.072300 0 
1433 0.124712 0 
1434 0.107301 0 
1435 0.090667 0 
1436 0.074730 0 
1438 0.041902 0 
1440 0.008984 0 
1441 0.076571 0 
1442 0.125707 0 
1443 0.109394 0 
1446 0.059671 0 
1447 0.043578 0 
1448 0.090474 0 
1449 0.073813 0 
1450 0.056584 0 
1451 0.039402 0 
1452 0.023240 0 
1453 0.047949 0 
1454 0.031695 0 
1455 0.115275 0 
1456 0.099347 0 
1457 0.083106 0 
1459 0.156763 0 
1461 0.124227 0 
1462 0.108384 0 
1463 0.091799 0 
1464 0.075659 0 
1465 0.059297 0 
1466 0.043004 0 
1467 0.026538 0 
1469 0.036747 0 
1471 0.110147 0 
1472 0.093484 0 
1473 0.208250 0 
1474 0.192253 0 
1475 0.208806 0 
1476 0.191984 0 
1477 0.175415 0 
1478 0.159594 0 
1479 0.136368 0 
1480 0.122139 0 
1481 0.106091 0 
1482 0.089866 0 
1483 0.073745 0 
1485 0.148779 0 
1487 0.142640 0 
1488 0.127744 0 
1489 0.171468 0 
1490 0.155306 0 
1491 0.138963 0 
1492 0.144460 0 
1493 0.128222 0 
1494 0.110485 0 
1496 0.163997 0 
1498 0.131267 0 
1499 0.115110 0 
1500 0.097608 0 
1501 0.080821 0 
1502 0.064335 0 
1503 0.047981 0 
1504 0.030854 0 
1506 0.069619 0 
1511 0.014427 0 
1513 0.036551 0 
1514 0.020447 0 
1517 0.116449 0 
1518 0.100182 0 
1519 0.083764 0 
1521 0.109262 0 
1522 0.091954 0 
1523 0.075938 0 
1525 0.198251 0 
1526 0.181726 0 
1527 0.170199 0 
1528 0.153922 0 
1529 0.206886 0 
1530 0.190490 0 
1531 0.173648 0 
1532 0.157692 0 
1533 0.141675 0 
1534 0.125040 0 
1535 0.131577 0 
1536 0.115586 0 
1537 0.141265 0 
1538 0.124991 0 
1540 0.216801 0 
1541 0.200606 0 
1542 0.184030 0 
1543 0.167471 0 
1544 0.151511 0 
1545 0.135307 0 
1546 0.117587 0 
1548 0.085156 0 
1549 0.100136 0 
1550 0.083951 0 
1551 0.067959 0 
1552 0.359527 0 
1553 0.343403 0 
1554 0.327453 0 
1556 0.364081 0 
1559 0.314852 0 
1561 0.316060 0 
1562 0.299581 0 
1563 0.283412 0 
1565 0.342308 0 
1566 0.327049 0 
1567 0.310820 0 
1569 0.324133 0 
1570 0.307678 0 
1571 0.403225 0 
1572 0.386418 0 
1574 0.369372 0 
1575 0.353528 0 
1576 0.337456 0 
1577 0.378916 0 
1579 0.344375 0 
1580 0.327765 0 
1581 0.311755 0 
1582 0.413543 0 
1583 0.397387 0 
1584 0.376996 0 
1586 0.346155 0 
1587 0.360682 0 
1588 0.342963 0 
1589 0.327996 0 
1590 0.323186 0 
1591 0.344075 0 
1592 0.328499 0 
1593 0.433720 0 
1594 0.417469 0 
1596 0.383445 0 
1597 0.367337 0 
1598 0.350745 0 
1599 0.334657 0 
1600 0.318022 0 
1601 0.301784 0 
1602 0.285448 0 
1603 0.276333 0 
1604 0.303814 0 
1605 0.286445 0 
1606 0.270713 0 
1607 0.254083 0 
1608 0.237819 0 
1609 0.219356 0 
1610 0.202541 0 
1611 0.186457 0 
1612 0.200075 0 
1613 0.183876 0 
1614 0.167343 0 
1615 0.151644 0 
1616 0.181262 0 
1617 0.182188 0 
1618 0.166124 0 
1619 0.149749 0 
1620 0.133535 0 
1621 0.142986 0 
1623 0.110306 0 
1624 0.148023 0 
1625 0.133173 0 
1626 0.116994 0 
1627 0.100519 0 
1628 0.110986 0 
1629 0.129067 0 
1630 0.112751 0 
1633 0.063834 0 
1634 0.047893 0 
1635 0.029900 0 
1637 0.036460 0 
1639 0.052174 0 
1640 0.029071 0 
1641 0.182086 0 
1642 0.162753 0 
1645 0.113036 0 
1646 0.096621 0 
1647 0.185760 0 
1648 0.169326 0 
1649 0.152735 0 
1650 0.136761 0 
1651 0.121191 0 
1652 0.113374 0 
1653 0.097550 0 
1654 0.081270 0 
1655 0.064485 0 
1656 0.103712 0 
1658 0.106557 0 
1660 0.073966 0 
1661 0.057361 0 
1662 0.041003 0 
1663 0.047130 0 
1664 0.030956 0 
1665 0.062347 0 
1666 0.046367 0 
1668 0.052493 0 
1669 0.107362 0 
1670 0.089887 0 
1671 0.109548 0 
1672 0.093324 0 
1673 0.076562 0 
1674 0.061321 0 
1675 0.044684 0 
1676 0.028455 0 
1677 0.064097 0 
1678 0.053509 0 
1679 0.037146 0 
1680 0.120571 0 
1681 0.103957 0 
1682 0.087940 0 
1685 0.081726 0 
1686 0.066027 0 
1687 0.050066 0 
1688 0.032349 0 
1689 0.016137 0 
1690 0.228259 0 
1691 0.212596 0 
1692 0.196252 0 
1693 0.288284 0 
1695 0.255981 0 
1697 0.248071 0 
1698 0.245497 0 
1699 0.228790 0 
1700 0.212749 0 
1701 0.196253 0 
1702 0.219170 0 
1703 0.203095 0 
1705 0.170978 0 
1706 0.154619 0 
1707 0.175263 0 
1708 0.193539 0 
1710 0.161066 0 
1712 0.123987 0 
1713 0.107188 0 
1714 0.090943 0 
1716 0.056886 0 
1717 0.124521 0 
1718 0.107930 0 
1720 0.072879 0 
1721 0.056825 0 
1722 0.040580 0 
1723 0.024672 0 
1724 0.028900 0 
1725 0.012440 0 
1726 0.053286 0 
1727 0.037295 0 
1728 0.021501 0 
1729 0.038883 0 
1730 0.021754 0 
1731 0.042594 0 
1732 0.032386 0 
1733 0.034721 0 
1735 0.131191 0 
1736 0.125465 0 
1737 0.160487 0 
1739 0.196172 0 
1740 0.179710 0 
1741 0.163637 0 
1742 0.228860 0 
1743 0.208208 0 
1744 0.189752 0 
1745 0.173374 0 
1747 0.140825 0 
1748 0.303571 0 
1749 0.286753 0 
1750 0.268710 0 
1751 0.252528 0 
1752 0.354802 0 
1753 0.338397 0 
1754 0.321960 0 
1755 0.305849 0 
1756 0.330789 0 
1757 0.314655 0 
1758 0.298234 0 
1760 0.394212 0 
1761 0.378128 0 
1762 0.515016 0 
1763 0.499068 0 
1764 0.483300 0 
1765 0.467277 0 
1766 0.478232 0 
1768 0.445656 0 
1769 0.489946 0 
1770 0.477919 0 
1771 0.536296 0 
1773 0.504078 0 
1774 0.487805 0 
1775 0.470986 0 
1776 0.592788 0 
1778 0.560423 0 
1779 0.544842 0 
1780 0.528449 0 
1781 0.610962 0 
1782 0.595035 0 
1783 0.578230 0 
1785 0.575710 0 
1786 0.559904 0 
1787 0.543990 0 
1788 0.527732 0 
1789 0.616608 0 
1790 0.600619 0 
1791 0.584134 0 
1792 0.623301 0 
1793 0.627100 0 
1795 0.773550 0 
1796 0.763173 0 
1797 0.746332 0 
1798 0.730011 0 
1799 0.712951 0 
1800 0.697357 0 
1801 0.680770 0 
1802 0.664157 0 
1803 0.647362 0 
1804 0.631143 0 
1805 0.615211 0 
1806 0.598749 0 
1807 0.582430 0 
1808 0.565233 0 
1809 0.556253 0 
1810 0.540011 0 
1811 0.584436 0 
1812 0.568076 0 
1813 0.551561 0 
1814 0.726968 0 
1815 0.709914 0 
1816 0.693739 0 
1817 0.677194 0 
1818 0.660738 0 
1819 0.644772 0 
1820 0.628625 0 
1822 0.596210 0 
1832 0.513849 0 
1833 0.497075 0 
1834 0.476935 0 
1836 0.444299 0 
1838 0.411828 0 
1840 0.575626 0 
1841 0.558764 0 
1844 0.509063 0 
1845 0.492759 0 
1846 0.476478 0 
1847 0.460316 0 
1848 0.443985 0 
1849 0.426812 0 
1850 0.409493 0 
1851 0.393034 0 
1852 0.400410 0 
1853 0.384462 0 
1854 0.387345 0 
1855 0.370481 0 
1857 0.337171 0 
1859 0.385253 0 
1860 0.369150 0 
1861 0.352911 0 
1862 0.336240 0 
1863 0.320237 0 
1864 0.303472 0 
1868 0.237471 0 
1869 0.221236 0 
1870 0.204348 0 
1871 0.188232 0 
1872 0.171906 0 
1873 0.204098 0 
1874 0.183723 0 
1875 0.167522 0 
1876 0.150789 0 
1877 0.134908 0 
1878 0.118624 0 
1879 0.102598 0 
1880 0.133627 0 
1881 0.117122 0 
1883 0.083366 0 
1884 0.066546 0 
1885 0.062557 0 
1886 0.045039 0 
1887 0.028459 0 
1888 0.012553 0 
1889 0.051629 0 
1890 0.035411 0 
1891 0.251051 0 
1892 0.235213 0 
1894 0.363395 0 
1896 0.330574 0 
1897 0.314990 0 
1898 0.298424 0 
1899 0.280743 0 
1900 0.264557 0 
1901 0.279130 0 
1902 0.263151 0 
1904 0.231055 0 
1905 0.214556 0 
1906 0.362475 0 
1907 0.346864 0 
1909 0.349403 0 
1911 0.314834 0 
1912 0.346502 0 
1913 0.327542 0 
1915 0.297213 0 
1916 0.369968 0 
1917 0.353191 0 
1919 0.320099 0 
1920 0.304243 0 
1921 0.318882 0 
1922 0.302574 0 
1923 0.286563 0 
1924 0.265657 0 
1925 0.249748 0 
1926 0.233837 0 
1927 0.217285 0 
1928 0.195926 0 
1929 0.179689 0 
1930 0.163029 0 
1931 0.161854 0 
1932 0.144764 0 
1933 0.127960 0 
1934 0.116971 0 
1935 0.101318 0 
1936 0.127122 0 
1938 0.093597 0 
1939 0.096947 0 
1940 0.080716 0 
1941 0.116301 0 
1942 0.100013 0 
1943 0.114879 0 
1944 0.097912 0 
1946 0.065342 0 
1947 0.048593 0 
1948 0.050917 0 
1949 0.034723 0 
1950 0.017040 0 
1951 0.178379 0 
1952 0.162132 0 
1953 0.144759 0 
1954 0.322407 0 
1955 0.306056 0 
1956 0.289968 0 
1957 0.273836 0 
1959 0.318818 0 
1960 0.302593 0 
1961 0.286410 0 
1962 0.269681 0 
1963 0.253298 0 
1964 0.275796 0 
1965 0.260028 0 
1967 0.227045 0 
1968 0.251866 0 
1969 0.235278 0 
1970 0.219815 0 
1972 0.187397 0 
1973 0.232699 0 
1974 0.217731 0 
1975 0.197653 0 
1977 0.168615 0 
1978 0.217364 0 
1979 0.200009 0 
1980 0.184946 0 
1981 0.168181 0 
1982 0.151897 0 
1984 0.118026 0 
1987 0.130963 0 
1988 0.114918 0 
1989 0.098377 0 
1990 0.083779 0 
1991 0.066998 0 
1992 0.050647 0 
1994 0.101259 0 
1995 0.084023 0 
1996 0.069363 0 
1997 0.058201 0 
1998 0.042258 0 
1999 0.025905 0 
2000 0.044789 0 
2001 0.028489 0 
2002 0.046437 0 
2004 0.168433 0 
2005 0.152343 0 
2006 0.136381 0 
2007 0.120175 0 
2008 0.103734 0 
2009 0.086925 0 
2010 0.073849 0 
2011 0.058786 0 
2012 0.116405 0 
2013 0.099539 0 
2014 0.082031 0 
2017 0.062545 0 
2018 0.046657 0 
2019 0.029872 0 
2021 0.011312 0 
2022 0.020967 0 
2023 0.009192 0 
2024 0.065370 0 
2025 0.049542 0 
2026 0.032859 0 
2027 0.039623 0 
2028 0.031725 0 
2030 0.085002 0 
2031 0.134391 0 
2032 0.118129 0 
2033 0.101891 0 
2035 0.069003 0 
2037 0.035655 0 
2038 0.153563 0 
2040 0.140220 0 
2044 0.180502 0 
2045 0.164185 0 
2046 0.147272 0 
2047 0.129208 0 
2048 0.111406 0 
2049 0.128371 0 
2050 0.111300 0 
2051 0.095484 0 
2052 0.077839 0 
2053 0.061780 0 
2054 0.042780 0 
2056 0.077605 0 
2058 0.045385 0 
2059 0.028842 0 
2060 0.043169 0 
2061 0.088803 0 
2062 0.072298 0 
2066 0.156395 0 
2067 0.141010 0 
2068 0.124738 0 
2069 0.156880 0 
2070 0.150994 0 
2071 0.132543 0 
2072 0.115587 0 
2073 0.124774 0 
2074 0.106777 0 
2075 0.088118 0 
2077 0.112268 0 
2078 0.093512 0 
2079 0.077585 0 
2080 0.255110 0 
2082 0.221310 0 
2083 0.205468 0 
2084 0.189441 0 
2085 0.172879 0 
2086 0.154977 0 
2087 0.139398 0 
2088 0.123715 0 
2089 0.107543 0 
2090 0.090563 0 
2091 0.115657 0 
2093 0.081792 0 
2095 0.080239 0 
2100 0.073217 0 
2101 0.086287 0 
2104 0.153396 0 
2105 0.136432 0 
2106 0.121253 0 
2108 0.161735 0 
2110 0.129228 0 
2111 0.112931 0 
2112 0.096689 0 
2114 0.064507 0 
2115 0.047903 0 
2116 0.045823 0 
2118 0.013071 0 
2119 0.164798 0 
2120 0.149163 0 
2121 0.133090 0 
2122 0.159279 0 
2123 0.143079 0 
2124 0.158636 0 
2125 0.142794 0 
2126 0.126516 0 
2127 0.121228 0 
2128 0.105255 0 
2129 0.088860 0 
2130 0.071604 0 
2131 0.055335 0 
2132 0.121916 0 
2133 0.102611 0 
2134 0.128668 0 
2135 0.112063 0 
2137 0.079219 0 
2138 0.061275 0 
2139 0.221987 0 
2140 0.205605 0 
2141 0.189286 0 
2142 0.172273 0 
2143 0.156493 0 
2145 0.122010 0 
2146 0.106547 0 
2147 0.089981 0 
2148 0.073687 0 
2149 0.057681 0 
2150 0.041284 0 
2151 0.024951 0 
2152 0.020355 0 
2153 0.003390 0 
2154 0.120428 0 
2155 0.104665 0 
2156 0.088603 0 
2158 0.174383 0 
2159 0.158856 0 
2160 0.182888 0 
2161 0.166375 0 
2162 0.150208 0 
2163 0.134168 0 
2164 0.117854 0 
2166 0.085550 0 
2167 0.068917 0 
2168 0.087483 0 
2169 0.120197 0 
2171 0.153482 0 
2172 0.137163 0 
2173 0.120056 0 
2174 0.104942 0 
2176 0.165488 0 
2177 0.148864 0 
2178 0.133386 0 
2179 0.168305 0 
2180 0.151057 0 
2181 0.134470 0 
2183 0.101919 0 
2184 0.164692 0 
2185 0.146146 0 
2186 0.281993 0 
2187 0.265455 0 
2188 0.249291 0 
2189 0.232094 0 
2190 0.223196 0 
2191 0.207464 0 
2193 0.183884 0 
2194 0.209929 0 
2195 0.193483 0 
2196 0.177529 0 
2197 0.161583 0 
2198 0.145994 0 
2199 0.129630 0 
2200 0.150605 0 
2201 0.133218 0 
2202 0.117987 0 
2203 0.101265 0 
2204 0.084817 0 
2205 0.068082 0 
2206 0.071174 0 
2207 0.046323 0 
2208 0.027057 0 
2209 0.010398 0 
2210 0.112988 0 
2211 0.096280 0 
2212 0.080286 0 
2213 0.063466 0 
2214 0.046916 0 
2215 0.030534 0 
2216 0.066307 0 
2217 0.050621 0 
2218 0.034227 0 
2220 0.081549 0 
2221 0.064872 0 
2222 0.097104 0 
2223 0.080458 0 
2224 0.064226 0 
2225 0.047528 0 
2226 0.075793 0 
2227 0.059667 0 
2229 0.044142 0 
2230 0.107755 0 
2231 0.091566 0 
2232 0.075027 0 
2234 0.040835 0 
2236 0.018433 0 
2237 0.105589 0 
2238 0.092216 0 
2239 0.075966 0 
2242 0.066962 0 
2243 0.051446 0 
2244 0.049604 0 
2245 0.073098 0 
2246 0.057132 0 
2247 0.040349 0 
2248 0.162501 0 
2249 0.155478 0 
2250 0.139172 0 
2251 0.122375 0 
2252 0.116240 0 
2253 0.100200 0 
2255 0.113832 0 
2257 0.109442 0 
2258 0.103448 0 
2259 0.086964 0 
2260 0.069573 0 
2261 0.052404 0 
2262 0.116147 0 
2263 0.097319 0 
2265 0.064139 0 
2266 0.091129 0 
2268 0.091854 0 
2269 0.075934 0 
2270 0.142377 0 
2271 0.126200 0 
2272 0.110667 0 
2273 0.098131 0 
2274 0.127990 0 
2275 0.112193 0 
2276 0.096385 0 
2277 0.226303 0 
2278 0.209697 0 
2279 0.193682 0 
2282 0.140254 0 
2283 0.125665 0 
2284 0.109862 0 
2285 0.253216 0 
2286 0.236839 0 
2290 0.232718 0 
2292 0.261171 0 
2294 0.229416 0 
2295 0.213015 0 
2296 0.286880 0 
2297 0.269947 0 
2298 0.254203 0 
2299 0.237381 0 
2300 0.221106 0 
2302 0.188175 0 
2303 0.171581 0 
2304 0.155638 0 
2305 0.215421 0 
2307 0.183151 0 
2309 0.222566 0 
2310 0.206304 0 
2311 0.189502 0 
2313 0.156706 0 
2314 0.140645 0 
2315 0.124540 0 
2317 0.091163 0 
2318 0.217743 0 
2319 0.201629 0 
2320 0.185002 0 
2321 0.168757 0 
2322 0.152198 0 
2323 0.135501 0 
2324 0.124113 0 
2325 0.107717 0 
2327 0.222635 0 
2328 0.206682 0 
2329 0.190228 0 
2330 0.187715 0 
2331 0.171412 0 
2332 0.231397 0 
2333 0.215309 0 
2334 0.199281 0 
2336 0.195408 0 
2337 0.179467 0 
2338 0.158212 0 
2339 0.256240 0 
2340 0.239939 0 
2341 0.223403 0 
2342 0.205917 0 
2344 0.173319 0 
2345 0.156817 0 
2346 0.175980 0 
2347 0.159468 0 
2348 0.143292 0 
2349 0.126842 0 
2350 0.110591 0 
2351 0.091707 0 
2352 0.131130 0 
2353 0.115189 0 
2354 0.103913 0 
2355 0.087213 0 
2357 0.053434 0 
2358 0.037838 0 
2359 0.020242 0 
2360 0.028953 0 
2361 0.014820 0 
2362 0.064239 0 
2363 0.047920 0 
2365 0.013194 0 
2366 0.044081 0 
2367 0.091644 0 
2368 0.090403 0 
2370 0.058352 0 
2371 0.041835 0 
2372 0.025415 0 
2373 0.065918 0 
2375 0.200641 0 
2376 0.313097 0 
2377 0.296356 0 
2378 0.277941 0 
2379 0.268687 0 
2380 0.352256 0 
2382 0.320301 0 
2383 0.304270 0 
2384 0.339827 0 
2385 0.323326 0 
2386 0.306677 0 
2387 0.290180 0 
2388 0.349234 0 
2389 0.332626 0 
2390 0.316641 0 
2392 0.283764 0 
2393 0.381100 0 
2394 0.365062 0 
2395 0.345361 0 
2396 0.328998 0 
2397 0.389327 0 
2398 0.373080 0 
2399 0.356951 0 
2400 0.489455 0 
2401 0.472831 0 
2402 0.456538 0 
2403 0.440479 0 
2404 0.550105 0 
2405 0.532256 0 
2406 0.516843 0 
2407 0.500403 0 
2408 0.485064 0 
2409 0.468975 0 
2410 0.451693 0 
2411 0.435479 0 
2412 0.419016 0 
2413 0.556629 0 
2414 0.541120 0 
2415 0.525105 0 
2416 0.508737 0 
2419 0.460304 0 
2420 0.756595 0 
2421 0.745193 0 
2422 0.728783 0 
2423 0.713387 0 
2424 0.702305 0 
2425 0.685852 0 
2426 0.669533 0 
2428 0.673664 0 
2429 0.657279 0 
2430 0.639151 0 
2431 0.623487 0 
2433 0.590792 0 
2435 0.557514 0 
2436 0.633826 0 
2437 0.842924 0 
2438 0.827427 0 
2441 1.057602 0 
2446 1.089358 0 
2447 1.073166 0 
2448 1.056394 0 
2449 1.040385 0 
2450 1.047968 0 
2451 1.030316 0 
2452 1.014719 0 
2454 1.040468 0 
2456 1.008649 0 
2457 0.992037 0 
2458 0.974583 0 
2459 0.957886 0 
2460 1.056713 0 
2461 1.040504 0 
2462 1.024081 0 
2464 0.988424 0 
2465 0.971533 0 
2466 0.955227 0 
2467 1.032322 0 
2468 1.016055 0 
2469 1.000011 0 
2470 0.984617 0 
2471 0.968294 0 
2472 0.951591 0 
2473 0.932722 0 
2474 0.983106 0 
2475 0.966770 0 
2476 0.950768 0 
2477 0.934584 0 
2478 0.959459 0 
2480 0.977319 0 
2481 0.960726 0 
2482 0.944602 0 
2483 0.927290 0 
2484 0.917293 0 
2485 0.901096 0 
2486 0.884900 0 
2487 0.944854 0 
2488 1.006333 0 
2489 0.990189 0 
2491 0.957258 0 
2493 0.925237 0 
2494 1.078997 0 
2495 1.063008 0 
2496 1.046344 0 
2497 1.030395 0 
2498 1.013942 0 
2499 0.997954 0 
2501 1.018460 0 
2502 1.002114 0 
2503 0.985784 0 
2504 0.972759 0 
2506 1.020367 0 
2508 0.987596 0 
2509 0.971301 0 
2510 0.952721 0 
2512 0.920229 0 
2513 0.935597 0 
2514 0.982407 0 
2516 0.950107 0 
2517 0.934237 0 
2518 0.917615 0 
2519 0.899610 0 
2520 0.884591 0 
2521 0.890585 0 
2522 0.871116 0 
2523 0.855910 0 
2524 0.851737 0 
2525 0.832313 0 
2526 0.813059 0 
2527 0.797411 0 
2528 0.780869 0 
2529 0.764618 0 
2530 0.785842 0 
2531 0.814387 0 
2532 0.798487 0 
2533 0.782002 0 
2535 0.749233 0 
2536 0.733077 0 
2537 0.771078 0 
2538 0.754709 0 
2540 0.806345 0 
2541 0.790160 0 
2543 0.757402 0 
2544 0.741236 0 
2545 0.724883 0 
2546 0.708691 0 
2547 0.729724 0 
2548 0.712944 0 
2549 0.732239 0 
2550 0.715771 0 
2551 0.699576 0 
2552 0.694809 0 
2553 0.724401 0 
2554 0.705447 0 
2556 0.671827 0 
2557 0.655839 0 
2558 0.743101 0 
2559 0.725832 0 
2560 0.709454 0 
2561 0.693240 0 
2562 0.677259 0 
2565 0.772611 0 
2566 0.756205 0 
2567 0.783630 0 
2569 0.749428 0 
2570 0.733406 0 
2571 0.784928 0 
2572 0.769135 0 
2574 0.805982 0 
2575 0.789830 0 
2576 0.773804 0 
2577 0.757452 0 
2578 0.773877 0 
2579 0.757347 0 
2581 0.723862 0 
2582 0.713071 0 
2583 0.728691 0 
2584 0.710078 0 
2585 0.693557 0 
2586 0.677174 0 
2587 0.699227 0 
2588 0.682867 0 
2589 0.665822 0 
2591 0.717949 0 
2592 0.701478 0 
2593 0.685400 0 
2594 0.790889 0 
2595 0.912479 0 
2596 0.896021 0 
2597 0.880313 0 
2598 0.863928 0 
2599 0.847759 0 
2600 0.831093 0 
2601 0.815229 0 
2602 0.931336 0 
2603 0.914883 0 
2604 0.898506 0 
2605 0.882389 0 
2606 0.911701 0 
2607 0.894853 0 
2608 0.957013 0 
2609 0.940769 0 
2610 0.924291 0 
2611 0.932564 0 
2612 0.916181 0 
2613 0.902083 0 
2614 0.885848 0 
2615 1.006908 0 
2616 0.990437 0 
2618 0.957557 0 
2621 1.065666 0 
2622 1.049793 0 
2623 1.033521 0 
2624 1.017284 0 
2625 1.000932 0 
2627 1.049670 0 
2628 1.033325 0 
2629 1.017122 0 
2630 1.000911 0 
2632 0.974339 0 
2634 1.164113 0 
2635 1.295441 0 
2636 1.380968 0 
2637 1.364925 0 
2640 1.319380 0 
2641 1.301366 0 
2642 1.284230 0 
2643 1.305612 0 
2644 1.422358 0 
2645 1.406066 0 
2646 1.389538 0 
2647 1.372360 0 
2648 1.355740 0 
2649 1.339111 0 
2650 1.322766 0 
2651 1.305883 0 
2653 1.270731 0 
2655 1.249784 0 
2656 1.233721 0 
2657 1.332290 0 
2658 1.315289 0 
2659 1.298905 0 
2660 1.282516 0 
2661 1.272577 0 
2663 1.239855 0 
2664 1.323020 0 
2665 1.306903 0 
2666 1.289959 0 
2667 1.272018 0 
2668 1.256217 0 
2669 1.239918 0 
2670 1.223746 0 
2671 1.207539 0 
2672 1.209362 0 
2673 1.192961 0 
2674 1.176701 0 
2675 1.159759 0 
2676 1.143462 0 
2677 1.217133 0 
2679 1.278788 0 
2680 1.261635 0 
2681 1.345224 0 
2682 1.386533 0 
2683 1.372364 0 
2684 1.356086 0 
2685 1.472840 0 
2686 1.456637 0 
2687 1.439728 0 
2692 1.357444 0 
2693 1.340118 0 
2694 1.324663 0 
2695 1.365268 0 
2696 1.349124 0 
2697 1.356762 0 
2698 1.340765 0 
2700 1.305565 0 
2701 1.294283 0 
2702 1.398160 0 
2703 1.375190 0 
2705 1.342044 0 
2707 1.309803 0 
2708 1.414711 0 
2709 1.398037 0 
2711 1.694753 0 
2712 1.678163 0 
2713 1.668784 0 
2715 1.637989 0 
2716 1.621433 0 
2717 1.601308 0 
2718 1.588361 0 
2719 1.572057 0 
2720 1.581943 0 
2721 1.565351 0 
2722 1.585664 0 
2723 1.569355 0 
2724 1.552902 0 
2725 1.551641 0 
2726 1.535633 0 
2727 1.518677 0 
2728 1.584670 0 
2729 1.568650 0 
2730 1.552555 0 
2731 1.536225 0 
2732 1.519972 0 
2734 1.486317 0 
2735 1.469193 0 
2736 1.453753 0 
2737 1.436472 0 
2738 1.419534 0 
2739 1.403292 0 
2740 1.386546 0 
2742 1.353659 0 
2743 1.337341 0 
2744 1.320686 0 
2745 1.543501 0 
2746 1.527690 0 
2747 1.511949 0 
2748 1.495214 0 
2749 1.479119 0 
2750 1.463857 0 
2751 1.447046 0 
2752 1.430650 0 
2753 1.414092 0 
2755 1.379960 0 
2756 1.411575 0 
2757 1.394809 0 
2759 1.393869 0 
2760 1.374392 0 
2761 1.442065 0 
2763 1.409378 0 
2764 1.393290 0 
2765 1.548762 0 
2766 1.532403 0 
2768 1.499159 0 
2769 1.502104 0 
2770 1.483108 0 
2771 1.504084 0 
2773 1.471274 0 
2774 1.455134 0 
2775 1.438395 0 
2776 1.422675 0 
2777 1.451515 0 
2778 1.435051 0 
2780 1.400968 0 
2781 1.392896 0 
2782 1.385592 0 
2783 1.369210 0 
2784 1.353188 0 
2785 1.336779 0 
2786 1.384082 0 
2787 1.385582 0 
2788 1.369232 0 
2790 1.441488 0 
2791 1.425498 0 
2792 1.409073 0 
2793 1.390198 0 
2794 1.373721 0 
2795 1.357253 0 
2796 1.341277 0 
2797 1.324373 0 
2798 1.308164 0 
2799 1.291166 0 
2801 1.406118 0 
2802 1.390245 0 
2803 1.460546 0 
2804 1.444284 0 
2805 1.427688 0 
2806 1.411520 0 
2807 1.395341 0 
2808 1.379037 0 
2809 1.362382 0 
2810 1.346568 0 
2811 1.470406 0 
2812 1.453046 0 
2813 1.436659 0 
2814 1.416385 0 
2815 1.400204 0 
2817 1.453082 0 
2818 1.436558 0 
2821 1.386163 0 
2822 1.369863 0 
2823 1.365812 0 
2824 1.348737 0 
2826 1.400711 0 
2827 1.384188 0 
2828 1.368059 0 
2829 1.351962 0 
2831 1.319377 0 
2833 1.286260 0 
2834 1.306228 0 
2835 1.346750 0 
2836 1.330164 0 
2839 1.395980 0 
2840 1.378915 0 
2841 1.362837 0 
2842 1.344707 0 
2843 1.328792 0 
2844 1.312521 0 
2845 1.355166 0 
2846 1.338501 0 
2847 1.320087 0 
2848 1.304827 0 
2849 1.307642 0 
2850 1.351827 0 
2852 1.335106 0 
2854 1.302340 0 
2855 1.286347 0 
2856 1.543430 0 
2857 1.527259 0 
2858 1.511034 0 
2859 1.494435 0 
2860 1.477971 0 
2862 1.445242 0 
2863 1.445793 0 
2864 1.429696 0 
2865 1.441099 0 
2866 1.424065 0 
2867 1.407878 0 
2868 1.391876 0 
2869 1.375270 0 
2870 1.391919 0 
2871 1.375644 0 
2872 1.359512 0 
2873 1.343204 0 
2874 1.326855 0 
2875 1.310884 0 
2876 1.294428 0 
2878 1.309134 0 
2879 1.337468 0 
2880 1.347446 0 
2881 1.330939 0 
2882 1.314798 0 
2883 1.298192 0 
2884 1.341553 0 
2885 1.325502 0 
2886 1.308496 0 
2887 1.291404 0 
2889 1.324245 0 
2891 1.303381 0 
2892 1.323301 0 
2893 1.306916 0 
2894 1.291036 0 
2895 1.275161 0 
2896 1.258680 0 
2900 1.386006 0 
2901 1.369792 0 
2902 1.351283 0 
2904 1.336295 0 
2906 1.341033 0 
2907 1.324759 0 
2908 1.308157 0 
2910 1.270429 0 
2911 1.259050 0 
2912 1.301686 0 
2914 1.268475 0 
2915 1.252297 0 
2916 1.235522 0 
2917 1.224997 0 
2918 1.213643 0 
2919 1.196877 0 
2920 1.191197 0 
2921 1.247807 0 
2922 1.231787 0 
2923 1.215431 0 
2924 1.199173 0 
2926 1.165982 0 
2927 1.145797 0 
2928 1.249525 0 
2929 1.233750 0 
2930 1.217078 0 
2931 1.200696 0 
2933 1.162881 0 
2937 1.289057 0 
2938 1.273287 0 
2939 1.299296 0 
2941 1.266220 0 
2942 1.249811 0 
2943 1.233272 0 
2944 1.216503 0 
2945 1.197914 0 
2946 1.183211 0 
2947 1.276645 0 
2948 1.259372 0 
2949 1.243477 0 
2950 1.226371 0 
2951 1.209950 0 
2952 1.193171 0 
2954 1.149032 0 
2955 1.130902 0 
2956 1.426415 0 
2957 1.410312 0 
2958 1.471480 0 
2959 1.455437 0 
2960 1.439881 0 
2962 1.404180 0 
2963 1.527030 0 
2964 1.510944 0 
2965 1.529460 0 
2967 1.495818 0 
2968 1.479689 0 
2969 1.463390 0 
2970 1.474623 0 
2972 1.441861 0 
2973 1.489440 0 
2974 1.473111 0 
2975 1.456869 0 
2976 1.462988 0 
2977 1.563676 0 
2979 1.530790 0 
2980 1.514160 0 
2981 1.497599 0 
2982 1.481082 0 
2983 1.527905 0 
2984 1.511770 0 
2985 1.494153 0 
2986 1.478287 0 
3073 0.056390 1 
3074 0.039982 1 
3075 0.038251 1 
2987 1.533255 0 
2989 1.500778 0 
2990 1.484838 0 
3077 0.041076 1 
3078 0.024513 1 
2991 1.502969 0 
2992 1.486439 0 
2995 1.437479 0 
2996 1.421321 0 
2998 1.389963 0 
2999 1.373572 0 
3000 1.357097 0 
3001 1.340937 0 
3002 1.324840 0 
3079 0.030870 1 
3003 1.345085 0 
3004 1.328786 0 
3080 0.071426 1 
3081 0.054495 1 
3082 0.038357 1 
3083 0.021173 1 
3005 1.340154 0 
3006 1.323570 0 
3084 0.074028 1 
3085 0.058554 1 
3086 0.042511 1 
3088 0.043712 1 
3090 0.031567 1 
3091 0.039879 1 
3007 1.474732 0 
3008 1.458484 0 
3009 1.442378 0 
3010 1.426280 0 
3092 0.058913 1 
3093 0.042839 1 
3094 0.027340 1 
3095 0.030858 1 
3096 0.028324 1 
3011 1.460996 0 
3012 1.458694 0 
3013 1.442788 0 
3014 1.434364 0 
3016 1.401401 0 
3098 0.039743 1 
3099 0.021382 1 
3100 0.025091 1 
3101 0.009813 1 
3017 1.434669 0 
3018 1.418057 0 
3019 1.401620 0 
3022 1.410588 0 
3023 1.394507 0 
3103 0.072625 1 
3105 0.040189 1 
3106 0.029399 1 
3107 0.013396 1 
3025 1.409460 0 
3026 1.408880 0 
3027 1.392273 0 
3028 1.375775 0 
3030 1.342712 0 
3032 1.310455 0 
3109 0.024343 1 
3033 1.321075 0 
3110 0.029985 1 
3111 0.037526 1 
3034 1.351660 0 
3035 1.333580 0 
3038 1.285603 0 
3039 1.265839 0 
3040 1.249874 0 
3113 0.030277 1 
3041 1.250297 0 
3042 1.275186 0 
3043 1.262341 0 
3044 1.246462 0 
3045 1.230227 0 
3046 1.245989 0 
3047 1.227868 0 
3048 1.208239 0 
3049 1.191805 0 
3114 0.109729 1 
3115 0.091069 1 
3116 0.074460 1 
3117 0.058594 1 
3118 0.039872 1 
3051 1.172879 0 
3119 0.031801 1 
3120 0.014222 1 
3121 0.013422 1 
3122 0.041698 1 
3123 0.026035 1 
3124 0.043091 1 
3053 1.278527 0 
3054 1.262467 0 
3055 1.246408 0 
3056 1.221658 0 
3057 1.201880 0 
3058 1.185663 0 
3059 1.169241 0 
3061 1.136703 0 
3062 1.120643 0 
3125 0.067792 1 
3126 0.048476 1 
3063 1.113357 0 
3064 1.097145 0 
3065 1.080875 0 
3066 1.065178 0 
3127 0.055322 1 
3128 0.066209 1 
3129 0.048728 1 
3130 0.028897 1 
3067 1.104073 0 
3068 1.088089 0 
3069 1.071887 0 
3132 0.029574 1 
3133 0.013916 1 
3134 0.020601 1 
3070 1.097483 0 
3071 1.089453 0 
3072 1.073061 0 
3073 1.057327 0 
3074 1.041124 0 
3075 1.024127 0 
3077 0.992030 0 
3078 1.008917 0 
3079 0.993044 0 
3080 0.976685 0 
3081 0.959720 0 
3082 0.943597 0 
3135 0.070078 1 
3136 0.052826 1 
3137 0.034896 1 
3138 0.031412 1 
3140 0.030361 1 
3141 0.041942 1 
3142 0.025807 1 
3083 1.022792 0 
3084 1.006825 0 
3085 0.991320 0 
3086 0.975342 0 
3143 0.050916 1 
3144 0.045469 1 
3145 0.028849 1 
3146 0.012924 1 
3147 0.025685 1 
3088 1.019815 0 
3090 0.988177 0 
3091 0.972314 0 
3148 0.036353 1 
3149 0.039176 1 
3150 0.034701 1 
3151 0.018893 1 
3153 0.021433 1 
3154 0.028981 1 
3155 0.044698 1 
3156 0.032749 1 
3157 0.015846 1 
3092 1.132680 0 
3093 1.116325 0 
3094 1.098301 0 
3095 1.082214 0 
3158 0.034617 1 
3159 0.016856 1 
3098 1.073476 0 
3161 0.039056 1 
3099 1.107233 0 
3100 1.089854 0 
3101 1.073934 0 
3162 0.063577 1 
3163 0.046566 1 
3164 0.030002 1 
3106 1.025381 0 
3107 1.009375 0 
3109 0.976256 0 
3110 0.960139 0 
3111 0.944209 0 
3113 0.911401 0 
3114 0.893803 0 
3166 0.026214 1 
3115 0.897211 0 
3116 0.879844 0 
3117 0.863274 0 
3118 0.844520 0 
3167 0.025685 1 
3119 0.848726 0 
3120 0.831197 0 
3121 0.816114 0 
3122 0.813660 0 
3168 0.066899 1 
3169 0.050365 1 
3123 0.826097 0 
3124 0.808287 0 
3125 0.792080 0 
3126 0.772712 0 
3171 0.098541 1 
3172 0.079980 1 
3173 0.064392 1 
3174 0.048115 1 
3175 0.031670 1 
3176 0.015521 1 
3127 0.853551 0 
3128 0.837096 0 
3178 0.049699 1 
3179 0.034637 1 
3129 0.924540 0 
3130 0.906157 0 
3132 0.875382 0 
3133 0.859759 0 
3134 0.843516 0 
3135 0.826966 0 
3136 0.809623 0 
3180 0.120159 1 
3181 0.103190 1 
3182 0.086988 1 
3183 0.070902 1 
3184 0.054704 1 
3185 0.038777 1 
3137 0.872704 0 
3138 0.854780 0 
3186 0.044002 1 
3188 0.019740 1 
3189 0.021836 1 
3141 0.845978 0 
3142 0.829825 0 
3143 0.813868 0 
3144 0.797576 0 
3190 0.060138 1 
3191 0.043973 1 
3192 0.051937 1 
3193 0.032960 1 
3194 0.079019 1 
3195 0.062567 1 
3196 0.045661 1 
3197 0.029558 1 
3145 0.943127 0 
3146 0.927210 0 
3147 0.910612 0 
3148 0.893103 0 
3149 0.877755 0 
3150 0.885818 0 
3151 0.869949 0 
3153 0.836080 0 
3154 0.819803 0 
3155 0.798959 0 
3156 0.813428 0 
3157 0.796626 0 
3158 0.780495 0 
3159 0.762658 0 
3161 0.723691 0 
3162 0.766622 0 
3163 0.749569 0 
3164 0.732908 0 
3166 0.700573 0 
3167 0.684032 0 
3168 0.664737 0 
3169 0.648103 0 
3171 0.643515 0 
3172 0.648291 0 
3173 0.633035 0 
3198 0.207524 1 
3199 0.197866 1 
3200 0.180539 1 
3201 0.163986 1 
3202 0.148327 1 
3203 0.123534 1 
3204 0.107558 1 
3205 0.080492 1 
3206 0.066454 1 
3207 0.049463 1 
3174 0.678167 0 
3175 0.661630 0 
3176 0.645750 0 
3178 0.598614 0 
3179 0.583335 0 
3180 0.569131 0 
3208 0.104137 1 
3209 0.086364 1 
3210 0.069816 1 
3211 0.053169 1 
3212 0.036643 1 
3181 0.589504 0 
3183 0.557596 0 
3213 0.048565 1 
3185 0.565986 0 
3186 0.549048 0 
3188 0.512006 0 
3189 0.497952 0 
3190 0.481807 0 
3191 0.466101 0 
3192 0.487674 0 
3193 0.468713 0 
3194 0.452200 0 
3195 0.435647 0 
3215 0.135914 1 
3196 0.510519 0 
3197 0.494209 0 
3198 0.478024 0 
3199 0.461921 0 
3200 0.445028 0 
3201 0.428143 0 
3202 0.412446 0 
3203 0.386709 0 
3204 0.370595 0 
3205 0.343395 0 
3206 0.329295 0 
3207 0.312135 0 
3208 0.295386 0 
3209 0.277589 0 
3216 0.160103 1 
3217 0.143145 1 
3218 0.127151 1 
3219 0.109674 1 
3220 0.092162 1 
3221 0.075906 1 
3222 0.059655 1 
3224 0.026494 1 
3210 0.290224 0 
3211 0.273663 0 
3212 0.257139 0 
3213 0.240834 0 
3215 0.204521 0 
3216 0.187704 0 
3217 0.170734 0 
3218 0.154694 0 
3225 0.061023 1 
3219 0.163970 0 
3220 0.159855 0 
3221 0.143615 0 
3222 0.127266 0 
3224 0.093930 0 
3225 0.077332 0 
3226 0.061112 0 
3227 0.044231 0 
3229 0.074486 1 
3231 0.051890 0 
3232 0.069204 0 
3231 0.107586 1 
3233 0.074631 1 
3234 0.059393 1 
3233 0.110688 0 
3234 0.095567 0 
3237 0.039784 0 
3238 0.027094 0 
3239 0.035063 1 
3240 0.056395 1 
3241 0.039239 1 
3242 0.020295 1 
3243 0.036674 1 
3244 0.031476 1 
3245 0.023627 1 
3239 0.131016 0 
3240 0.114721 0 
3241 0.097436 0 
3242 0.078561 0 
3243 0.064490 0 
3246 0.064331 1 
3247 0.048154 1 
3244 0.132330 0 
3248 0.067153 1 
3250 0.029668 1 
3245 0.116788 0 
3246 0.100989 0 
3247 0.084734 0 
3252 0.042980 1 
3253 0.027153 1 
3248 0.133725 0 
3250 0.096620 0 
3252 0.064079 0 
3254 0.074847 1 
3255 0.072758 1 
3256 0.062518 1 
3257 0.046132 1 
3258 0.026784 1 
3253 0.143525 0 
3254 0.126702 0 
3260 0.057827 1 
3261 0.038977 1 
3255 0.179177 0 
3256 0.163444 0 
3257 0.146960 0 
3258 0.127668 0 
3262 0.112978 1 
3263 0.095727 1 
3264 0.074816 1 
3265 0.057388 1 
3266 0.040881 1 
3267 0.023866 1 
3268 0.045979 1 
3262 0.174855 0 
3263 0.157629 0 
3264 0.136968 0 
3265 0.119547 0 
3266 0.100692 0 
3267 0.084015 0 
3268 0.067925 0 
3269 0.078514 1 
3270 0.062245 1 
3271 0.046132 1 
3272 0.029687 1 
3273 0.034567 1 
3269 0.119093 0 
3274 0.049440 1 
3270 0.127366 0 
3271 0.120942 0 
3272 0.104760 0 
3273 0.089459 0 
3274 0.071702 0 
3276 0.039727 0 
3277 0.021575 0 
3276 0.122221 1 
3277 0.104127 1 
3278 0.088098 0 
3279 0.072218 0 
3280 0.055830 0 
3281 0.039542 0 
3282 0.022169 0 
3278 0.113892 1 
3279 0.105959 1 
3280 0.089593 1 
3281 0.073300 1 
3282 0.055913 1 
3283 0.039503 1 
3284 0.025418 0 
3285 0.007228 0 
3284 0.053630 1 
3285 0.057021 1 
3287 0.051126 1 
3289 0.062302 1 
3290 0.046145 1 
3291 0.098045 0 
3292 0.083816 0 
3293 0.067784 0 
3294 0.050577 0 
3295 0.070606 0 
3297 0.038755 0 
3298 0.019422 0 
3299 0.009152 0 
3295 0.115546 1 
3297 0.081121 1 
3298 0.061880 1 
3300 0.059403 0 
3302 0.026860 0 
3299 0.253025 1 
3300 0.237554 1 
3302 0.204783 1 
3304 0.171821 1 
3305 0.154474 1 
3306 0.137681 1 
3308 0.104809 1 
3309 0.088922 1 
3310 0.072014 1 
3312 0.041818 1 
3313 0.025613 1 
3314 0.030094 1 
3309 0.113556 0 
3310 0.096786 0 
3312 0.062983 0 
3313 0.046880 0 
3315 0.014853 0 
3316 0.036726 0 
3317 0.020940 0 
3315 0.055423 1 
3316 0.054892 1 
3317 0.038614 1 
3318 0.037178 0 
3319 0.025848 0 
3318 0.045947 1 
3319 0.028760 1 
3320 0.049469 1 
3321 0.067265 1 
3322 0.050854 1 
3323 0.034008 1 
3320 0.083819 0 
3321 0.067720 0 
3322 0.052610 0 
3323 0.035768 0 
3324 0.018665 0 
3324 0.061139 1 
3325 0.036941 1 
3326 0.042278 1 
3325 0.066080 0 
3326 0.048098 0 
3327 0.036416 1 
3328 0.038218 1 
3329 0.025396 1 
3328 0.069213 0 
3331 0.024392 1 
3332 0.052291 1 
3333 0.034254 1 
3331 0.105894 0 
3334 0.048312 0 
3335 0.031214 0 
3336 0.060828 0 
3337 0.044864 0 
3339 0.012857 0 
3334 0.110166 1 
3335 0.093184 1 
3339 0.051778 1 
3340 0.035003 1 
3341 0.018221 1 
3340 0.043260 0 
3341 0.026519 0 
3342 0.023765 1 
3343 0.051508 1 
3344 0.033767 1 
3345 0.043211 1 
3346 0.052836 1 
3347 0.070094 1 
3348 0.053645 1 
3349 0.037492 1 
3343 0.143275 0 
3344 0.125502 0 
3345 0.109226 0 
3350 0.027126 1 
3346 0.093009 0 
3352 0.036606 0 
3352 0.067398 1 
3353 0.052300 0 
3354 0.026036 0 
3353 0.073257 1 
3356 0.052494 0 
3357 0.035816 0 
3354 0.092340 1 
3355 0.076798 1 
3358 0.037949 0 
3360 0.038354 0 
3361 0.022094 0 
3358 0.103093 1 
3360 0.070459 1 
3361 0.054255 1 
3362 0.049340 0 
3363 0.053187 0 
3365 0.021065 0 
3362 0.088287 1 
3366 0.030982 0 
3367 0.014485 0 
3365 0.055159 1 
3366 0.038632 1 
3367 0.047751 1 
3368 0.037963 1 
3370 0.051372 1 
3371 0.033708 1 
3372 0.042165 1 
3373 0.123720 1 
3374 0.107691 1 
3375 0.091009 1 
3377 0.058247 1 
3368 0.213115 0 
3370 0.179614 0 
3371 0.161871 0 
3372 0.147223 0 
3373 0.130889 0 
3374 0.114840 0 
3375 0.098609 0 
3377 0.104607 0 
3378 0.088394 0 
3379 0.072044 0 
3380 0.053563 0 
3381 0.038880 0 
3382 0.034036 0 
3383 0.018762 0 
3384 0.050360 0 
3385 0.034192 0 
3378 0.156490 1 
3379 0.182577 1 
3380 0.164382 1 
3381 0.149729 1 
3382 0.132517 1 
3383 0.117606 1 
3384 0.099724 1 
3385 0.101628 1 
3387 0.066381 1 
3388 0.049015 1 
3389 0.053237 0 
3390 0.035788 0 
3391 0.020900 0 
3392 0.035480 0 
3389 0.090763 1 
3393 0.083132 0 
3394 0.066844 0 
3395 0.050358 0 
3396 0.034194 0 
3397 0.018199 0 
3392 0.131401 1 
3393 0.115046 1 
3394 0.098741 1 
3398 0.054248 0 
3399 0.074747 0 
3400 0.058974 0 
3401 0.042678 0 
3402 0.026543 0 
3395 0.148211 1 
3396 0.132095 1 
3397 0.116231 1 
3398 0.096660 1 
3402 0.052522 1 
3403 0.071439 0 
3404 0.053578 0 
3405 0.068784 0 
3406 0.052323 0 
3407 0.036134 0 
3408 0.050471 0 
3409 0.036462 0 
3410 0.020783 0 
3403 0.137668 1 
3404 0.119801 1 
3405 0.104585 1 
3406 0.088094 1 
3407 0.072141 1 
3411 0.017529 0 
3409 0.067073 1 
3410 0.051297 1 
3411 0.035115 1 
3412 0.024889 0 
3414 0.025176 0 
3412 0.069732 1 
3414 0.045962 1 
3415 0.054116 1 
3416 0.036786 1 
3417 0.037983 1 
3418 0.022187 1 
3419 0.030450 1 
3416 0.138682 0 
3417 0.122521 0 
3418 0.106495 0 
3420 0.075927 0 
3421 0.059615 0 
3423 0.026593 0 
3420 0.139820 1 
3421 0.123535 1 
3423 0.090515 1 
3424 0.074368 1 
3425 0.087534 0 
3426 0.071249 0 
3428 0.037150 0 
3430 0.038262 0 
3431 0.021077 0 
3432 0.051455 0 
3433 0.036773 0 
3428 0.147769 1 
3430 0.097599 1 
3431 0.080372 1 
3432 0.062515 1 
3433 0.047780 1 
3436 0.038564 1 
3437 0.057780 1 
3436 0.088521 0 
3437 0.071760 0 
3438 0.055601 0 
3439 0.101851 0 
3440 0.084828 0 
3441 0.068625 0 
3442 0.052604 0 
3438 0.133947 1 
3439 0.117723 1 
3440 0.100594 1 
3441 0.084388 1 
3442 0.068013 1 
3443 0.093329 0 
3444 0.077114 0 
3445 0.059011 0 
3446 0.055530 0 
3443 0.121461 1 
3444 0.105162 1 
3447 0.064346 0 
3445 0.099954 1 
3446 0.084467 1 
3447 0.094582 1 
3449 0.048097 1 
3449 0.085521 0 
3451 0.055457 0 
3452 0.050725 0 
3453 0.034845 0 
3454 0.018641 0 
3455 0.015750 0 
3456 0.083014 0 
3457 0.067039 0 
3459 0.034205 0 
3454 0.119690 1 
3455 0.103534 1 
3459 0.072889 1 
3460 0.056101 1 
3461 0.039790 1 
3461 0.082371 0 
3462 0.066344 0 
3463 0.049714 0 
3464 0.033376 0 
3462 0.071543 1 
3463 0.054921 1 
3464 0.038583 1 
3465 0.033554 0 
3466 0.017336 0 
3465 0.035400 1 
3467 0.042341 0 
3468 0.025647 0 
3467 0.056324 1 
3468 0.039591 1 
3469 0.069050 1 
3470 0.052331 1 
3471 0.044468 1 
3471 0.089003 0 
3472 0.072520 0 
3473 0.074091 0 
3475 0.041645 0 
3476 0.025061 0 
3477 0.008754 0 
3478 0.019788 0 
3475 0.096096 1 
3476 0.079556 1 
3477 0.062855 1 
3478 0.045693 1 
3479 0.033705 0 
3480 0.017779 0 
3479 0.041319 1 
3481 0.020925 0 
3482 0.020552 0 
3483 0.004293 0 
3480 0.066636 1 
3481 0.050133 1 
3484 0.011648 0 
3482 0.062397 1 
3483 0.055682 1 
3484 0.038766 1 
3486 0.014458 0 
3488 0.015038 0 
3486 0.053539 1 
3489 0.015101 0 
3490 0.036662 0 
3491 0.019661 0 
3492 0.015161 0 
3488 0.082947 1 
3489 0.066060 1 
3490 0.049919 1 
3491 0.032750 1 
3493 0.016151 0 
3494 0.014129 0 
3492 0.061100 1 
3493 0.055703 1 
3494 0.040787 1 
3496 0.012645 0 
3497 0.022635 0 
3496 0.040757 1 
3497 0.024095 1 
3498 0.042263 1 
3499 0.023878 1 
3501 0.036991 1 
3501 0.041900 0 
3503 0.029518 0 
3504 0.012648 0 
3503 0.056946 1 
3504 0.040094 1 
3505 0.031139 1 
3507 0.020101 0 
3508 0.052279 0 
3509 0.045805 0 
3511 0.011764 0 
3507 0.094495 1 
3508 0.078265 1 
3512 0.020078 0 
3513 0.014572 0 
3514 0.007867 0 
3509 0.111007 1 
3511 0.076959 1 
3515 0.023167 0 
3512 0.103907 1 
3513 0.087636 1 
3514 0.071651 1 
3516 0.057850 0 
3517 0.041187 0 
3518 0.025272 0 
3519 0.008611 0 
3520 0.032516 0 
3521 0.016823 0 
3522 0.019216 0 
3515 0.142870 1 
3516 0.126635 1 
3517 0.109963 1 
3518 0.094048 1 
3519 0.077168 1 
3520 0.061161 1 
3523 0.028609 0 
3524 0.011992 0 
3521 0.088739 1 
3522 0.071878 1 
3523 0.055228 1 
3524 0.038590 1 
3525 0.047905 0 
3526 0.030410 0 
3527 0.014558 0 
3528 0.025712 0 
3530 0.033259 0 
3531 0.017105 0 
3532 0.018772 0 
3525 0.143785 1 
3526 0.126300 1 
3527 0.110181 1 
3528 0.094298 1 
3530 0.061859 1 
3533 0.010927 0 
3534 0.014070 0 
3531 0.065062 1 
3532 0.049007 1 
3535 0.015046 0 
3534 0.039168 1 
3536 0.027591 0 
3538 0.067633 0 
3539 0.051585 0 
3540 0.035369 0 
3541 0.016506 0 
3542 0.052318 0 
3543 0.036009 0 
3544 0.019522 0 
3545 0.030872 0 
3546 0.033851 0 
3547 0.017003 0 
3535 0.266456 1 
3536 0.250871 1 
3538 0.218163 1 
3539 0.202088 1 
3540 0.185871 1 
3541 0.166641 1 
3542 0.150196 1 
3543 0.133877 1 
3544 0.117779 1 
3545 0.101664 1 
3546 0.084576 1 
3547 0.067702 1 
3548 0.042176 1 
3549 0.056933 1 
3548 0.093389 0 
3551 0.067820 1 
3551 0.099422 0 
3552 0.082852 0 
3553 0.066395 0 
3554 0.049085 0 
3555 0.033707 0 
3556 0.034143 0 
3557 0.017063 0 
3552 0.112207 1 
3553 0.095938 1 
3554 0.078606 1 
3555 0.063226 1 
3556 0.047078 1 
3557 0.029979 1 
3559 0.062737 0 
3560 0.045684 0 
3561 0.038586 1 
3561 0.063027 0 
3562 0.045091 0 
3564 0.017205 0 
3565 0.032473 0 
3566 0.017076 0 
3567 0.018660 0 
3562 0.106623 1 
3564 0.077967 1 
3565 0.061153 1 
3566 0.045571 1 
3567 0.094441 1 
3569 0.060270 1 
3570 0.044398 1 
3571 0.028062 1 
3572 0.011788 1 
3573 0.085389 0 
3574 0.069397 0 
3576 0.041312 0 
3577 0.025338 0 
3578 0.037143 0 
3579 0.020296 0 
3580 0.022521 0 
3581 0.014160 0 
3582 0.026053 0 
3573 0.181380 1 
3574 0.164958 1 
3576 0.131987 1 
3577 0.115944 1 
3578 0.099313 1 
3579 0.082441 1 
3580 0.066645 1 
3581 0.050373 1 
3583 0.059464 0 
3582 0.097974 1 
3583 0.081251 1 
3584 0.065230 1 
3584 0.093731 0 
3586 0.060703 0 
3587 0.070554 0 
3588 0.054481 0 
3589 0.038142 0 
3590 0.021811 0 
3591 0.014758 0 
3592 0.009081 0 
3593 0.008338 0 
3594 0.018602 0 
3595 0.021229 0 
3596 0.014787 0 
