2024-09-03 18:09:26
../stream-replay/logs/rtt-6206@128.txt
5 0.060072 0 
6 0.044075 0 
7 0.065267 0 
8 0.048848 0 
9 0.032601 0 
10 0.187891 0 
11 0.171731 0 
12 0.175851 0 
13 0.159643 0 
14 0.162709 0 
15 0.141663 0 
16 0.132737 0 
17 0.116660 0 
18 0.100254 0 
19 0.083619 0 
20 0.097110 0 
21 0.076564 0 
22 0.076570 0 
23 0.056562 0 
24 0.040265 0 
25 0.024110 0 
26 0.086876 0 
27 0.070538 0 
28 0.054703 0 
29 0.316616 0 
31 0.301854 0 
32 0.496773 0 
33 0.480147 0 
34 0.460039 0 
35 0.571066 0 
36 0.554965 0 
37 0.538860 0 
40 0.898557 0 
41 0.879927 0 
42 0.863532 0 
43 0.847356 0 
45 0.814356 0 
47 0.916784 0 
48 0.899607 0 
49 0.906994 0 
50 0.891201 0 
53 0.842516 0 
54 0.910718 0 
55 0.894196 0 
56 0.873500 0 
57 0.871092 0 
58 0.854966 0 
59 0.839549 0 
60 0.842282 0 
61 0.826253 0 
62 0.821478 0 
63 0.805489 0 
64 0.790558 0 
66 0.846713 0 
68 0.899245 0 
69 0.880337 0 
70 0.864138 0 
71 0.890057 0 
72 0.873806 0 
73 0.857260 0 
74 0.841602 0 
76 0.847076 0 
77 0.830867 0 
78 0.813282 0 
79 0.796148 0 
80 0.776308 0 
81 0.759507 0 
82 0.743403 0 
83 0.723573 0 
84 0.741673 0 
85 0.726031 0 
86 0.709374 0 
87 0.704342 0 
88 0.687913 0 
89 0.671788 0 
90 0.673935 0 
92 0.639035 0 
93 0.631776 0 
94 0.612345 0 
95 0.603614 0 
96 0.586697 0 
97 0.570003 0 
98 0.595563 0 
99 0.579988 0 
100 0.563743 0 
101 0.649590 0 
103 0.615951 0 
106 0.679256 0 
107 0.661792 0 
108 0.785374 0 
109 0.769012 0 
110 0.752406 0 
111 0.730613 0 
113 0.697185 0 
114 0.732353 0 
115 0.710063 0 
116 0.693524 0 
118 0.660743 0 
120 0.724611 0 
121 0.702489 0 
122 0.682367 0 
124 0.748475 0 
125 0.745382 0 
126 0.795401 0 
128 0.762901 0 
129 0.741754 0 
130 0.913497 0 
131 0.889996 0 
132 0.874104 0 
133 0.858081 0 
134 0.842083 0 
135 1.054886 0 
136 1.037944 0 
137 1.020363 0 
138 1.071080 0 
139 1.054926 0 
140 1.038625 0 
141 1.022423 0 
142 1.069909 0 
144 1.092972 0 
145 1.076757 0 
147 1.096072 0 
148 1.079960 0 
149 1.063378 0 
150 1.142007 0 
151 1.125485 0 
152 1.350608 0 
153 1.334257 0 
155 1.299989 0 
156 1.719717 0 
157 1.703116 0 
158 1.687079 0 
159 1.708260 0 
160 1.851405 0 
161 1.834472 0 
162 1.988300 0 
163 1.964905 0 
164 1.947259 0 
165 1.931471 0 
166 2.180876 0 
168 2.144209 0 
169 2.148149 0 
170 2.180360 0 
171 2.164054 0 
172 2.153281 0 
173 2.135170 0 
174 2.118955 0 
176 2.082974 0 
177 2.192467 0 
178 2.173198 0 
179 2.153247 0 
181 2.113179 0 
182 2.096471 0 
184 2.081945 0 
187 2.128375 0 
188 2.112280 0 
189 2.116985 0 
190 2.120087 0 
191 2.095692 0 
193 2.088240 0 
194 2.072613 0 
195 2.217552 0 
196 2.199825 0 
197 2.183756 0 
198 2.331988 0 
199 2.314969 0 
200 2.303910 0 
201 2.283706 0 
203 2.246618 0 
205 2.311646 0 
206 2.356695 0 
207 2.440008 0 
208 2.423636 0 
209 2.407360 0 
210 2.480455 0 
211 2.463654 0 
212 2.447662 0 
213 2.431293 0 
214 2.415253 0 
215 2.399169 0 
216 2.442678 0 
217 2.426423 0 
218 2.410109 0 
219 2.394095 0 
221 2.469399 0 
222 2.448712 0 
223 2.498964 0 
224 2.483223 0 
225 2.492451 0 
226 2.762483 0 
227 2.744670 0 
228 2.727726 0 
230 2.786854 0 
231 2.780674 0 
232 2.775896 0 
233 2.759828 0 
234 2.743785 0 
235 2.737972 0 
236 2.721744 0 
237 2.705413 0 
239 2.760628 0 
240 2.963027 0 
241 2.946782 0 
242 2.930481 0 
244 2.894792 0 
246 2.861570 0 
247 2.885207 0 
248 2.986503 0 
249 2.963418 0 
252 2.928815 0 
253 2.909032 0 
254 2.892853 0 
255 2.880809 0 
256 2.861492 0 
257 2.845764 0 
258 2.853226 0 
259 2.837414 0 
260 2.820994 0 
261 2.812337 0 
262 2.796263 0 
263 2.843493 0 
265 2.805027 0 
267 2.819172 0 
268 2.803043 0 
269 2.786450 0 
270 2.767663 0 
271 2.751021 0 
272 2.880117 0 
273 2.858594 0 
275 2.825619 0 
276 2.988421 0 
277 2.968636 0 
278 2.979044 0 
279 2.962727 0 
280 2.943259 0 
281 3.130304 0 
282 3.113746 0 
283 3.096967 0 
284 3.099923 0 
285 3.083733 0 
286 3.062142 0 
287 3.071364 0 
288 3.047452 0 
289 3.031240 0 
291 3.131047 0 
292 3.132139 0 
293 3.114315 0 
294 3.094325 0 
295 3.090487 0 
296 3.074386 0 
297 3.054963 0 
298 3.213669 0 
299 3.197293 0 
300 3.181171 0 
302 3.166648 0 
304 3.134636 0 
305 3.118268 0 
306 3.110484 0 
307 3.094238 0 
308 3.077715 0 
309 3.076537 0 
310 3.060051 0 
312 3.037507 0 
313 3.021453 0 
314 3.005211 0 
315 3.039977 0 
317 3.008209 0 
319 3.022190 0 
320 3.005883 0 
321 3.057561 0 
323 3.023700 0 
324 3.036773 0 
325 3.017850 0 
327 2.981631 0 
328 3.060044 0 
329 3.043963 0 
330 3.024294 0 
331 3.007771 0 
332 2.991481 0 
333 3.049835 0 
334 3.033701 0 
335 3.017717 0 
336 3.050043 0 
337 3.033836 0 
338 3.014632 0 
339 2.998961 0 
340 2.982887 0 
341 2.963095 0 
342 2.946758 0 
343 2.926992 0 
344 3.062114 0 
346 3.019115 0 
347 3.003043 0 
348 2.999351 0 
349 2.982757 0 
350 3.004732 0 
351 2.988033 0 
352 2.972612 0 
354 2.936411 0 
355 2.920076 0 
356 2.903862 0 
357 3.118372 0 
358 3.102532 0 
359 3.110826 0 
360 3.091385 0 
361 3.084797 0 
362 3.062068 0 
363 3.045791 0 
364 3.029492 0 
365 3.013265 0 
367 3.227780 0 
368 3.211664 0 
369 3.189224 0 
370 3.172795 0 
371 3.156633 0 
372 3.140685 0 
373 3.119684 0 
375 3.087370 0 
376 3.066577 0 
377 3.050332 0 
378 3.210942 0 
380 3.196959 0 
381 3.180892 0 
382 3.178148 0 
383 3.162243 0 
385 3.130240 0 
386 3.142663 0 
387 3.148089 0 
388 3.131759 0 
389 3.115758 0 
390 3.099337 0 
392 3.074218 0 
393 3.058329 0 
394 3.079679 0 
395 3.063989 0 
396 3.149913 0 
397 3.179987 0 
398 3.163826 0 
399 3.162966 0 
400 3.143486 0 
402 3.110741 0 
403 3.128073 0 
404 3.111994 0 
405 3.095447 0 
406 3.130516 0 
407 3.114386 0 
408 3.098220 0 
409 3.081970 0 
410 3.230176 0 
411 3.307763 0 
412 3.291776 0 
413 3.275198 0 
418 3.617547 0 
419 3.600754 0 
421 3.568843 0 
422 3.552748 0 
423 3.536798 0 
424 3.520790 0 
425 3.503136 0 
426 3.486958 0 
427 3.524693 0 
429 3.488223 0 
430 3.581488 0 
431 3.565110 0 
432 3.548365 0 
433 3.532646 0 
434 3.513523 0 
435 3.497288 0 
436 3.657288 0 
439 3.689328 0 
440 3.670532 0 
441 3.654829 0 
443 3.622344 0 
445 3.624831 0 
446 3.632982 0 
447 3.862223 0 
448 3.845925 0 
451 3.792244 0 
452 3.790750 0 
453 3.774542 0 
454 3.758388 0 
455 3.769792 0 
456 3.753784 0 
457 3.737273 0 
458 3.830250 0 
459 3.814346 0 
460 3.798153 0 
461 3.944694 0 
462 3.927544 0 
464 3.976575 0 
466 3.937844 0 
467 3.936082 0 
468 3.919691 0 
469 3.903191 0 
470 3.898568 0 
471 3.882344 0 
472 3.860546 0 
474 4.049253 0 
475 4.032835 0 
476 4.017263 0 
477 4.001225 0 
478 4.014260 0 
479 3.997913 0 
480 4.096843 0 
481 4.080676 0 
482 4.064839 0 
483 4.187289 0 
484 4.212061 0 
485 4.195815 0 
486 4.286241 0 
488 4.479225 0 
490 4.447514 0 
491 4.431373 0 
492 4.415046 0 
493 4.603710 0 
494 4.587451 0 
495 4.571411 0 
496 4.556033 0 
497 4.539940 0 
498 4.523967 0 
499 4.508046 0 
501 4.520046 0 
503 4.488873 0 
504 4.473097 0 
505 4.456931 0 
506 4.440865 0 
507 4.472616 0 
508 4.455866 0 
509 4.440002 0 
511 4.407722 0 
512 4.461677 0 
513 4.445910 0 
514 4.429559 0 
516 4.479138 0 
518 4.499087 0 
519 4.483992 0 
520 4.467802 0 
522 4.587187 0 
523 4.571461 0 
524 4.574570 0 
526 4.542299 0 
527 4.521003 0 
528 4.504993 0 
529 4.703375 0 
530 4.699130 0 
533 4.736424 0 
534 4.719892 0 
535 4.704005 0 
536 4.730881 0 
537 4.712540 0 
538 4.696350 0 
539 4.883543 0 
540 4.867351 0 
541 4.934351 0 
542 4.933486 0 
543 4.910722 0 
545 5.174345 0 
546 5.158532 0 
547 5.136652 0 
548 5.120036 0 
549 5.104191 0 
550 5.087799 0 
551 5.118946 0 
553 5.082450 0 
554 5.067383 0 
555 5.238831 0 
556 5.222667 0 
557 5.206893 0 
558 5.258402 0 
559 5.242713 0 
560 5.235841 0 
561 5.220204 0 
562 5.201922 0 
563 5.185808 0 
564 5.185411 0 
566 5.153091 0 
567 5.244136 0 
568 5.227508 0 
569 5.390844 0 
570 5.374625 0 
571 5.358206 0 
572 5.342654 0 
574 5.310366 0 
575 5.291583 0 
576 5.516818 0 
577 5.511082 0 
579 5.476173 0 
580 5.459802 0 
581 5.443273 0 
582 5.427089 0 
584 5.394356 0 
585 5.393594 0 
586 5.377534 0 
587 5.361298 0 
588 5.432115 0 
589 5.407799 0 
591 5.374698 0 
592 5.495347 0 
593 5.561235 0 
594 5.545123 0 
595 5.529101 0 
596 5.509397 0 
597 5.772742 0 
598 5.756783 0 
599 5.740674 0 
601 5.707928 0 
602 5.691698 0 
603 5.675382 0 
604 5.658314 0 
605 5.638526 0 
606 6.199037 0 
607 6.182839 0 
608 6.166441 0 
609 6.537082 0 
610 6.589931 0 
611 6.570096 0 
612 6.553838 0 
613 6.537478 0 
614 6.521343 0 
615 6.505244 0 
616 6.488859 0 
617 6.594094 0 
618 6.575625 0 
619 6.595111 0 
620 6.587186 0 
621 6.570893 0 
622 6.554979 0 
623 6.538815 0 
625 6.589742 0 
626 6.573395 0 
628 6.540814 0 
629 6.523934 0 
630 6.544983 0 
631 6.528906 0 
632 6.512265 0 
633 6.495647 0 
634 6.479355 0 
635 6.678898 0 
637 6.643200 0 
638 6.627590 0 
639 6.611258 0 
640 6.595163 0 
642 6.606259 0 
644 6.596286 0 
645 6.753927 0 
646 7.027005 0 
647 7.010851 0 
650 6.962525 0 
651 6.946368 0 
652 6.929852 0 
653 6.913680 0 
654 6.897324 0 
655 6.881026 0 
656 6.953828 0 
657 6.937232 0 
658 7.050895 0 
659 7.034824 0 
660 7.018306 0 
661 7.003462 0 
663 7.089819 0 
665 7.055466 0 
666 7.078595 0 
667 7.061992 0 
668 7.045459 0 
669 7.029164 0 
670 7.080088 0 
671 7.063079 0 
673 7.024472 0 
674 7.031427 0 
675 7.014778 0 
676 7.078530 0 
677 7.062473 0 
678 7.042713 0 
679 7.092187 0 
680 7.076226 0 
681 7.059116 0 
682 7.042624 0 
683 7.085029 0 
684 7.068496 0 
685 7.054287 0 
686 7.043849 0 
687 7.027293 0 
689 7.045595 0 
690 7.067742 0 
691 7.051656 0 
692 7.028094 0 
693 7.039126 0 
694 7.023130 0 
695 7.007056 0 
696 6.991621 0 
697 7.018109 0 
698 7.001806 0 
700 6.984609 0 
702 6.945426 0 
703 6.942607 0 
704 6.926501 0 
705 6.941653 0 
706 6.925710 0 
707 6.909569 0 
708 6.892874 0 
710 7.015712 0 
711 7.000612 0 
712 6.984352 0 
713 6.987115 0 
715 6.950001 0 
717 6.917912 0 
718 6.964633 0 
719 6.977386 0 
721 6.983221 0 
722 6.967559 0 
723 6.970744 0 
725 6.938442 0 
726 6.922235 0 
727 6.906049 0 
728 6.897092 0 
729 6.881005 0 
730 6.939173 0 
731 6.923085 0 
732 6.906564 0 
733 6.883353 0 
734 6.867395 0 
735 6.851432 0 
736 6.835145 0 
737 6.818987 0 
738 6.802890 0 
739 7.165078 0 
740 7.148478 0 
741 7.221990 0 
742 7.206035 0 
744 7.174104 0 
745 7.181275 0 
746 7.158473 0 
747 7.142198 0 
748 7.213882 0 
749 7.189637 0 
750 7.205580 0 
752 7.173249 0 
753 7.156962 0 
754 7.141047 0 
757 7.366704 0 
758 7.351115 0 
759 7.329658 0 
760 7.319329 0 
761 7.302018 0 
762 7.285992 0 
763 7.270195 0 
765 7.237726 0 
766 7.221103 0 
767 7.211412 0 
768 7.268714 0 
769 7.295263 0 
770 7.480825 0 
771 7.463338 0 
773 7.431167 0 
774 7.651494 0 
775 7.632365 0 
776 7.658857 0 
778 7.625111 0 
779 7.613338 0 
780 7.597057 0 
781 7.581143 0 
783 7.610357 0 
784 7.599165 0 
785 7.583540 0 
786 7.565257 0 
787 7.589585 0 
788 7.573682 0 
790 7.541154 0 
791 7.563423 0 
792 7.541062 0 
793 7.686851 0 
794 7.669341 0 
795 7.660647 0 
796 7.795612 0 
797 7.779461 0 
798 7.763694 0 
800 7.931513 0 
801 7.915432 0 
802 7.922549 0 
803 7.899010 0 
804 7.882329 0 
805 8.028272 0 
806 8.012392 0 
807 7.995979 0 
808 8.116161 0 
809 8.099828 0 
810 8.088961 0 
811 8.190045 0 
812 8.173914 0 
813 8.157288 0 
814 8.140415 0 
815 8.153266 0 
816 8.155013 0 
817 8.163402 0 
818 8.147382 0 
819 8.131323 0 
820 8.108938 0 
821 8.182464 0 
822 8.168471 0 
823 8.149384 0 
824 8.133344 0 
825 8.304456 0 
827 8.267803 0 
828 8.251911 0 
829 8.235712 0 
830 8.219429 0 
831 8.201839 0 
832 8.185591 0 
833 8.169452 0 
834 8.151748 0 
836 8.274683 0 
837 8.258341 0 
838 8.240253 0 
839 8.224071 0 
841 8.189616 0 
843 8.348559 0 
844 8.431407 0 
845 8.416276 0 
846 8.400349 0 
849 8.392304 0 
850 8.376791 0 
851 8.410587 0 
852 8.394732 0 
853 8.378326 0 
854 8.485413 0 
855 8.469284 0 
856 8.452741 0 
857 8.500041 0 
858 8.483592 0 
859 8.468076 0 
860 8.500018 0 
862 8.467890 0 
864 8.476499 0 
865 8.461737 0 
866 8.445502 0 
867 8.429393 0 
868 8.413129 0 
869 8.393737 0 
870 8.442823 0 
872 8.410494 0 
873 8.517973 0 
874 8.540168 0 
875 8.524409 0 
876 8.558873 0 
877 8.542474 0 
878 8.527508 0 
879 8.511496 0 
880 8.495352 0 
881 8.478938 0 
882 8.538150 0 
883 8.522398 0 
884 8.502133 0 
885 8.486514 0 
886 8.482419 0 
888 8.515763 0 
889 8.499502 0 
890 8.483296 0 
891 8.466994 0 
892 8.450407 0 
893 8.514800 0 
894 8.498861 0 
895 8.595155 0 
896 8.578712 0 
897 8.562268 0 
899 8.529729 0 
901 8.498455 0 
902 8.480655 0 
906 8.415835 0 
907 8.409948 0 
910 8.435419 0 
911 8.419528 0 
912 8.402982 0 
918 8.403258 0 
920 8.383209 0 
1018 6.733996 0 
1019 6.710269 0 
1020 6.692739 0 
1021 6.674981 0 
1022 6.692684 0 
1023 6.676775 0 
1024 6.657285 0 
1026 6.669955 0 
1027 6.653797 0 
1028 6.677183 0 
1029 6.661232 0 
1030 6.642083 0 
1031 6.621455 0 
1032 6.605208 0 
1033 6.589015 0 
1035 6.949899 0 
1036 6.933654 0 
1037 6.917168 0 
1038 6.901044 0 
1040 6.868540 0 
1042 7.016089 0 
1043 7.000428 0 
1044 6.980185 0 
1045 6.964446 0 
1048 6.908845 0 
1049 6.892330 0 
1050 6.876362 0 
1051 6.860294 0 
1052 6.898303 0 
1053 6.882175 0 
1054 6.909132 0 
1055 6.892406 0 
1056 6.875192 0 
1057 6.858958 0 
1058 6.860924 0 
1059 6.844525 0 
1061 6.889572 0 
1063 6.857258 0 
1064 6.833785 0 
1065 6.876434 0 
1066 6.859804 0 
1067 6.843987 0 
1068 6.986198 0 
1069 6.970304 0 
1071 6.937772 0 
1072 7.036201 0 
1073 7.111637 0 
1074 7.154397 0 
1075 7.138279 0 
1076 7.122144 0 
1077 7.140025 0 
1078 7.123518 0 
1079 7.117597 0 
1080 7.099529 0 
1081 7.083826 0 
1082 7.198256 0 
1083 7.182402 0 
1084 7.166445 0 
1085 7.150013 0 
1087 7.195121 0 
1088 7.240527 0 
1089 7.224499 0 
1090 7.208909 0 
1091 7.203070 0 
1092 7.187500 0 
1093 7.165418 0 
1094 7.183447 0 
1095 7.164796 0 
1100 7.169749 0 
1101 7.153628 0 
1102 7.137424 0 
1103 7.121014 0 
1104 7.103215 0 
1105 7.087313 0 
1106 7.200079 0 
1108 7.167751 0 
1109 7.152269 0 
1110 7.136140 0 
1111 7.113349 0 
1113 7.139089 0 
1115 7.164158 0 
1116 7.148025 0 
1117 7.139668 0 
1119 7.107838 0 
1120 7.091501 0 
1121 7.271601 0 
1123 7.238988 0 
1124 7.264714 0 
1125 7.249061 0 
1126 7.233416 0 
1127 7.216961 0 
1128 7.206093 0 
1129 7.195415 0 
1130 7.335350 0 
1131 7.452195 0 
1132 7.435801 0 
1133 7.420211 0 
1134 7.402203 0 
1135 7.386089 0 
1136 7.369777 0 
1137 7.404198 0 
1138 7.505989 0 
1139 7.489790 0 
1140 7.470759 0 
1142 7.438298 0 
1143 7.419124 0 
1144 7.403094 0 
1145 7.386958 0 
1146 7.370136 0 
1147 7.396194 0 
1148 7.380518 0 
1150 7.348186 0 
1151 7.422494 0 
1152 7.406313 0 
1153 7.387966 0 
1154 7.458173 0 
1155 7.441844 0 
1156 7.425764 0 
1157 7.409890 0 
1158 7.393234 0 
1159 7.377346 0 
1160 7.421476 0 
1161 7.407223 0 
1163 7.374532 0 
1164 7.365081 0 
1165 7.348954 0 
1166 7.339220 0 
1167 7.401025 0 
1168 7.384500 0 
1169 7.368623 0 
1171 7.375762 0 
1172 7.359806 0 
1173 7.455220 0 
1174 7.438995 0 
1176 7.463475 0 
1177 7.447011 0 
1178 7.429836 0 
1179 7.413780 0 
1181 7.377594 0 
1182 7.360789 0 
1183 7.430179 0 
1184 7.414209 0 
1185 7.397738 0 
1186 7.381637 0 
1188 7.382966 0 
1189 7.435484 0 
1190 7.419307 0 
1191 7.403894 0 
1192 7.492313 0 
1193 7.496849 0 
1194 7.480682 0 
1195 7.483109 0 
1196 7.496565 0 
1198 7.461974 0 
1199 7.593671 0 
1200 7.577183 0 
1201 7.552867 0 
1202 7.733148 0 
1203 7.716937 0 
1204 7.700378 0 
1205 7.707839 0 
1206 7.692261 0 
1207 7.675792 0 
1209 7.984556 0 
1210 7.968761 0 
1211 7.952844 0 
1212 7.972298 0 
1213 7.956078 0 
1214 7.939778 0 
1215 7.955355 0 
1216 7.939305 0 
1218 8.133442 0 
1219 8.117182 0 
1220 8.128218 0 
1221 8.112894 0 
1222 8.311570 0 
1223 8.292211 0 
1227 8.300907 0 
1228 8.288421 0 
1229 8.271875 0 
1230 8.255868 0 
1231 8.245072 0 
1232 8.228969 0 
1234 8.243270 0 
1235 8.227159 0 
1236 8.211182 0 
1237 8.193491 0 
1239 8.159752 0 
1241 8.364157 0 
1242 8.372499 0 
1243 8.486230 0 
1244 8.489721 0 
1247 8.557545 0 
1248 8.541320 0 
1249 8.525409 0 
1251 8.630892 0 
1252 8.614830 0 
1253 8.609161 0 
1254 8.700080 0 
1255 8.683989 0 
1256 8.668267 0 
1258 8.748918 0 
1260 8.717739 0 
1262 9.186437 0 
1263 9.170548 0 
1264 9.241611 0 
1265 9.225454 0 
1266 9.209060 0 
1267 9.192973 0 
1268 9.176584 0 
1270 9.141038 0 
1271 9.319160 0 
1272 9.300452 0 
1273 9.397160 0 
1274 9.380940 0 
1275 9.406639 0 
1276 9.390494 0 
1277 9.473073 0 
1278 9.453816 0 
1279 9.437726 0 
1280 9.437098 0 
1281 9.420841 0 
1282 9.404595 0 
1283 9.444893 0 
1284 9.428460 0 
1286 9.655689 0 
1287 9.640453 0 
1288 9.645039 0 
1289 9.624265 0 
1290 9.608012 0 
1293 9.697363 0 
1294 9.681493 0 
1295 9.774695 0 
1297 9.735466 0 
1299 9.700429 0 
1300 9.684223 0 
1301 9.667865 0 
1302 9.651824 0 
1303 9.635670 0 
1304 9.618956 0 
1415 7.953674 0 
1416 7.937781 0 
1417 7.930205 0 
1418 7.913239 0 
1419 7.897896 0 
1420 7.880804 0 
1421 8.009126 0 
1422 7.993129 0 
1424 7.986569 0 
1425 7.970040 0 
1426 7.954241 0 
1427 7.946066 0 
1428 7.991019 0 
1429 7.974592 0 
1430 7.954803 0 
1431 7.939107 0 
1433 8.093890 0 
1434 8.077703 0 
1435 8.061837 0 
1436 8.045600 0 
1438 8.012990 0 
1440 8.038527 0 
1441 8.018865 0 
1443 8.266814 0 
1446 8.215135 0 
1447 8.199081 0 
1448 8.179229 0 
1449 8.159914 0 
1450 8.139185 0 
1451 8.190549 0 
1452 8.174449 0 
1453 8.158313 0 
1454 8.356535 0 
1455 8.340554 0 
1456 8.324357 0 
1457 8.308296 0 
1459 8.274570 0 
1461 8.242674 0 
1462 8.226693 0 
1463 8.210198 0 
1464 8.194353 0 
1465 8.302486 0 
1466 8.286243 0 
1467 8.270278 0 
1469 8.238286 0 
1470 8.219346 0 
1471 8.203123 0 
1472 8.187087 0 
1473 8.203974 0 
1474 8.187824 0 
1475 8.171163 0 
1476 8.171382 0 
1477 8.155281 0 
1478 8.138783 0 
1480 8.204800 0 
1481 8.188773 0 
1482 8.236212 0 
1483 8.220137 0 
1485 8.225652 0 
1486 8.235898 0 
1487 8.218225 0 
1488 8.228791 0 
1489 8.212931 0 
1490 8.196421 0 
1491 8.276214 0 
1492 8.253921 0 
1493 8.237446 0 
1494 8.575435 0 
1496 8.542747 0 
1498 8.639019 0 
1499 8.622506 0 
1500 8.606292 0 
1501 8.655712 0 
1502 8.635420 0 
1503 8.619311 0 
1504 8.762318 0 
1506 8.730497 0 
1507 8.724399 0 
1508 8.708136 0 
1509 8.688406 0 
1511 8.784065 0 
1513 8.807954 0 
1514 8.791744 0 
1515 8.790040 0 
1517 8.778384 0 
1518 8.877138 0 
1519 8.860908 0 
1521 8.828920 0 
1522 8.827401 0 
1523 8.810851 0 
1524 8.794526 0 
1525 8.778584 0 
1526 8.824841 0 
1527 8.841160 0 
1528 8.824980 0 
1529 8.808371 0 
1530 8.788290 0 
1531 8.772487 0 
1532 8.756155 0 
1533 8.738786 0 
1534 8.722500 0 
1535 8.739843 0 
1536 8.725534 0 
1537 8.749865 0 
1538 8.733102 0 
1540 8.813635 0 
1541 8.792279 0 
1542 8.775781 0 
1543 8.804949 0 
1544 8.788671 0 
1545 8.778224 0 
1546 8.762042 0 
1548 8.729840 0 
1549 8.724094 0 
1550 8.706921 0 
1551 8.690371 0 
1552 9.044088 0 
1553 9.021508 0 
1554 9.006553 0 
1555 9.033778 0 
1556 9.017582 0 
1557 9.001247 0 
1558 8.985137 0 
1559 8.968749 0 
1561 8.933338 0 
1562 9.050690 0 
1563 9.032269 0 
1564 9.019642 0 
1565 9.003860 0 
1566 8.994081 0 
1567 8.977483 0 
1569 8.945473 0 
1570 8.999420 0 
1571 8.982866 0 
1572 9.155033 0 
1575 9.210312 0 
1576 9.194273 0 
1579 9.145259 0 
1580 9.246546 0 
1581 9.229460 0 
1582 9.213314 0 
1583 9.197204 0 
1584 9.231853 0 
1586 9.192704 0 
1587 9.247154 0 
1588 9.230728 0 
1589 9.229564 0 
1590 9.213456 0 
1591 9.197216 0 
1592 9.233943 0 
1593 9.218038 0 
1594 9.346602 0 
1596 9.314388 0 
1597 9.298460 0 
1598 9.312906 0 
1599 9.296955 0 
1600 9.279994 0 
1602 9.308870 0 
1603 9.292665 0 
1604 9.311618 0 
1605 9.295757 0 
1606 9.279473 0 
1607 9.349033 0 
1608 9.332776 0 
1609 9.316736 0 
1610 9.303620 0 
1611 9.287429 0 
1612 9.280590 0 
1613 9.319150 0 
1614 9.299730 0 
1615 9.283951 0 
1616 9.374189 0 
1617 9.354900 0 
1618 9.338602 0 
1619 9.322429 0 
1620 9.303117 0 
1621 9.286500 0 
1623 9.254007 0 
1624 9.265739 0 
1625 9.249582 0 
1626 9.233704 0 
1627 9.274631 0 
1628 9.257835 0 
1629 9.241581 0 
1630 9.224905 0 
1632 9.250254 0 
1633 9.233125 0 
1634 9.217010 0 
1635 9.198174 0 
1637 9.165681 0 
1639 9.421331 0 
1640 9.693635 0 
1642 9.736843 0 
1645 9.687801 0 
1646 9.672067 0 
1647 9.656010 0 
1649 9.736861 0 
1650 9.720810 0 
1651 9.709731 0 
1652 9.901854 0 
1653 9.886425 0 
1654 9.979918 0 
1655 9.963640 0 
1656 9.947563 0 
1658 10.070981 0 
1660 10.203014 0 
1661 10.186837 0 
1662 10.171143 0 
1663 10.155111 0 
1664 10.139109 0 
1665 10.122792 0 
1666 10.106401 0 
1668 10.177388 0 
1669 10.161176 0 
1670 10.145249 0 
1671 10.129064 0 
1678 10.203686 0 
1679 10.203462 0 
1680 10.285836 0 
1681 10.269650 0 
1682 10.252995 0 
1684 10.259553 0 
1685 10.243179 0 
1686 10.262284 0 
1687 10.246443 0 
1688 10.226517 0 
1690 10.414932 0 
1691 10.398965 0 
1692 10.382303 0 
1693 10.366630 0 
1695 10.362863 0 
1697 10.374230 0 
1698 10.358129 0 
1699 10.341828 0 
1700 10.321641 0 
1701 10.305476 0 
1871 7.517327 0 
1872 7.501391 0 
1873 7.704071 0 
1874 7.684595 0 
1875 7.675613 0 
1876 7.655329 0 
1877 7.690297 0 
1878 7.674067 0 
1879 7.770889 0 
1880 7.747288 0 
1881 7.730958 0 
1883 7.795029 0 
1884 7.959379 0 
1886 8.012354 0 
1887 7.996184 0 
1888 8.021244 0 
1889 8.061581 0 
1890 8.045276 0 
1891 8.028902 0 
1892 8.012723 0 
1894 8.009660 0 
1896 7.974536 0 
1897 7.958121 0 
1898 7.934774 0 
1899 7.941395 0 
1900 7.954405 0 
1901 7.938207 0 
1902 7.922254 0 
1904 7.941228 0 
1905 7.924817 0 
1906 7.991938 0 
1907 7.984121 0 
1909 8.095387 0 
1911 8.059711 0 
1912 8.110088 0 
1913 8.093731 0 
1915 8.498564 0 
1916 8.481996 0 
1917 8.465631 0 
1919 8.434506 0 
1920 8.418579 0 
1921 8.402347 0 
1923 8.474402 0 
1924 8.459419 0 
1925 8.464325 0 
1926 8.448006 0 
1927 8.451668 0 
1928 8.435464 0 
1929 8.419005 0 
1930 8.406473 0 
1931 8.390340 0 
1932 8.495286 0 
1933 8.513611 0 
1934 8.538429 0 
1935 8.521857 0 
1936 8.505651 0 
1938 8.519284 0 
1939 8.503079 0 
1940 8.487065 0 
1941 8.550167 0 
1942 8.532310 0 
1943 8.526034 0 
1944 8.518382 0 
1946 8.485986 0 
1947 8.553603 0 
1948 8.537446 0 
1949 8.521003 0 
1950 8.505153 0 
1951 8.488964 0 
1952 8.472777 0 
1953 8.459255 0 
1954 8.437817 0 
1955 8.461546 0 
1956 8.446022 0 
1957 8.429902 0 
1959 8.440484 0 
1960 8.424343 0 
1961 8.407854 0 
1962 8.424915 0 
1963 8.409059 0 
1964 8.397032 0 
1965 8.380244 0 
1967 8.347338 0 
1969 8.422711 0 
1970 8.406496 0 
1972 8.385484 0 
1973 8.369419 0 
1974 8.452472 0 
1975 8.436260 0 
1977 8.404262 0 
1978 8.382907 0 
1979 8.366767 0 
1980 8.389054 0 
1981 8.372673 0 
1982 8.357023 0 
1984 8.397002 0 
1985 8.380725 0 
1986 8.364641 0 
1987 8.348584 0 
1988 8.332078 0 
1989 8.316192 0 
1990 8.300090 0 
1991 8.283655 0 
1992 8.266457 0 
1994 8.233734 0 
1995 8.217791 0 
1996 8.286272 0 
1997 8.270210 0 
1998 8.254216 0 
1999 8.237983 0 
2000 8.221798 0 
2001 8.388404 0 
2002 8.371616 0 
2003 8.401193 0 
2004 8.385127 0 
2005 8.368735 0 
2006 8.467312 0 
2007 8.451168 0 
2008 8.434333 0 
2009 8.418895 0 
2010 8.402579 0 
2011 8.385796 0 
2012 8.369666 0 
2013 8.392068 0 
2014 8.376346 0 
2015 8.360286 0 
2016 8.337898 0 
2017 8.321457 0 
2018 8.305033 0 
2019 8.312763 0 
2021 8.280009 0 
2022 8.375068 0 
2023 8.359077 0 
2024 8.340534 0 
2025 8.337690 0 
2026 8.321621 0 
2027 8.298337 0 
2028 8.431816 0 
2030 8.406887 0 
2031 8.394123 0 
2032 8.377834 0 
2033 8.361712 0 
2038 8.457082 0 
2039 8.514282 0 
2040 8.497965 0 
2043 8.603666 0 
2044 8.587578 0 
2045 8.571440 0 
2046 8.628487 0 
2047 8.611671 0 
2048 8.629175 0 
2049 8.613178 0 
2050 8.716727 0 
2051 8.696019 0 
2052 8.679785 0 
2053 8.663736 0 
2054 8.647322 0 
2056 8.670849 0 
2058 8.672252 0 
2059 8.655875 0 
2060 8.791422 0 
2061 8.774996 0 
2062 8.759102 0 
2063 8.742915 0 
2064 8.727062 0 
2066 9.045916 0 
2067 9.208336 0 
2068 9.191983 0 
2069 9.176057 0 
2070 9.166152 0 
2071 9.149885 0 
2072 9.150227 0 
2073 9.134298 0 
2074 9.118001 0 
2075 9.124246 0 
2076 9.146095 0 
2077 9.130230 0 
2078 9.108366 0 
2079 9.091616 0 
2080 9.075576 0 
2082 9.307514 0 
2084 9.374027 0 
2085 9.357202 0 
2086 9.341452 0 
2087 9.546881 0 
2088 9.530636 0 
2090 9.607627 0 
2091 9.591645 0 
2093 9.558745 0 
2095 9.524042 0 
2096 9.507885 0 
2097 9.506966 0 
2098 9.488333 0 
2099 9.472128 0 
2100 9.658858 0 
2101 9.642481 0 
2103 9.608511 0 
2104 9.592265 0 
2105 9.574757 0 
2106 9.558682 0 
2110 9.682876 0 
2111 9.680722 0 
2112 9.664449 0 
2114 9.631498 0 
2115 9.693115 0 
2116 9.677374 0 
2118 9.682188 0 
2119 9.665869 0 
2120 9.649700 0 
2121 9.652313 0 
2122 9.644445 0 
2123 9.627697 0 
2124 9.742225 0 
2125 9.726176 0 
2126 9.702550 0 
2127 9.791726 0 
2128 9.771660 0 
2129 9.754942 0 
2130 9.848339 0 
2131 9.832117 0 
2132 9.816260 0 
2133 9.863785 0 
2134 9.847531 0 
2135 9.863883 0 
2137 9.830812 0 
2138 9.856081 0 
2139 9.840109 0 
2140 9.824029 0 
2141 9.805822 0 
2142 9.984994 0 
2143 9.968682 0 
2145 10.098644 0 
2146 10.082927 0 
2147 10.069023 0 
2148 10.184489 0 
2149 10.169009 0 
2150 10.169908 0 
2151 10.153661 0 
2152 10.137747 0 
2153 10.120810 0 
2154 10.242990 0 
2155 10.226845 0 
2156 10.210376 0 
2158 10.265622 0 
2311 7.680739 0 
2313 7.751812 0 
2314 7.735802 0 
2315 7.942018 0 
2317 7.910106 0 
2318 7.893446 0 
2321 7.843505 0 
2322 7.839676 0 
2323 7.823247 0 
2327 8.195097 0 
2328 8.233675 0 
2329 8.217181 0 
2330 8.201198 0 
2331 8.219352 0 
2332 8.203169 0 
2333 8.295630 0 
2334 8.279614 0 
2336 8.267848 0 
2337 8.251601 0 
2338 8.235395 0 
2339 8.236850 0 
2340 8.217185 0 
2341 8.455227 0 
2342 8.438959 0 
2344 8.406347 0 
2345 8.420075 0 
2346 8.416290 0 
2347 8.400301 0 
2348 8.424592 0 
2349 8.401739 0 
2350 8.385960 0 
2351 8.369780 0 
2353 8.485889 0 
2354 8.546849 0 
2355 8.616212 0 
2357 8.584408 0 
2358 8.567968 0 
2359 8.552346 0 
2360 8.536275 0 
2361 8.520090 0 
2362 8.503373 0 
2363 8.539659 0 
2365 8.507510 0 
2367 8.571511 0 
2368 8.572307 0 
2370 8.539832 0 
2371 8.523478 0 
2372 8.633213 0 
2373 8.616921 0 
2375 8.577229 0 
2376 8.628988 0 
2377 8.612838 0 
2378 8.634598 0 
2379 8.618557 0 
2380 8.602426 0 
2382 8.645855 0 
2383 8.630161 0 
2384 8.669489 0 
2385 8.653311 0 
2386 8.648571 0 
2387 8.632610 0 
2388 8.641218 0 
2389 8.690236 0 
2390 8.674030 0 
2392 8.650191 0 
2393 8.634056 0 
2394 8.726074 0 
2395 8.709799 0 
2396 8.693603 0 
2397 8.674582 0 
2398 8.755581 0 
2399 8.739111 0 
2400 8.723031 0 
2401 8.706818 0 
2402 8.733670 0 
2403 8.717691 0 
2404 8.701517 0 
2405 8.685444 0 
2406 8.712827 0 
2407 8.701680 0 
2408 8.685491 0 
2409 8.669415 0 
2410 8.645985 0 
2411 8.629706 0 
2412 8.641340 0 
2413 8.657380 0 
2414 8.641011 0 
2415 8.624710 0 
2416 8.767062 0 
2417 8.748510 0 
2419 8.715195 0 
2420 8.692667 0 
2421 8.676803 0 
2422 8.682590 0 
2423 8.701414 0 
2424 8.685392 0 
2425 8.686210 0 
2428 8.727121 0 
2429 8.702822 0 
2430 8.687250 0 
2431 8.671128 0 
2433 8.635630 0 
2435 8.678181 0 
2436 8.800213 0 
2437 8.829420 0 
2438 8.832550 0 
2441 8.776583 0 
2442 8.769984 0 
2443 8.753643 0 
2444 8.764498 0 
2445 8.748364 0 
2446 8.732292 0 
2447 8.716430 0 
2448 8.700382 0 
2449 8.712447 0 
2450 8.802646 0 
2451 8.786195 0 
2452 8.769710 0 
2454 8.764017 0 
2456 8.838767 0 
2457 8.823168 0 
2458 8.821223 0 
2459 8.822586 0 
2460 8.806932 0 
2461 8.790867 0 
2462 8.843966 0 
2464 8.811656 0 
2465 8.794866 0 
2466 8.777110 0 
2467 8.815278 0 
2468 8.799150 0 
2469 8.783077 0 
2470 8.766949 0 
2471 8.750823 0 
2472 8.731407 0 
2473 8.768350 0 
2474 8.752671 0 
2475 8.736116 0 
2476 8.747374 0 
2477 8.730499 0 
2478 8.714552 0 
2481 8.865398 0 
2482 8.931989 0 
2483 8.915883 0 
2484 8.900248 0 
2485 8.932976 0 
2486 8.910169 0 
2487 8.894390 0 
2488 8.895434 0 
2489 8.878804 0 
2491 8.863741 0 
2493 8.828797 0 
2496 8.784226 0 
2497 8.792012 0 
2498 8.858827 0 
2499 8.842786 0 
2501 9.129856 0 
2502 9.113688 0 
2503 9.097182 0 
2504 9.253918 0 
2506 9.221073 0 
2508 9.197325 0 
2509 9.197170 0 
2510 9.181129 0 
2512 9.180921 0 
2513 9.286721 0 
2514 9.270087 0 
2516 9.237752 0 
2517 9.799989 0 
2518 9.778578 0 
2519 9.768813 0 
2520 9.815139 0 
2521 9.858005 0 
2523 9.824639 0 
2524 9.819543 0 
2525 9.891187 0 
2526 9.875446 0 
2527 9.869711 0 
2528 9.849925 0 
2529 9.831898 0 
2531 9.874384 0 
2532 9.858470 0 
2533 9.841282 0 
2535 9.805287 0 
2536 9.941500 0 
2537 9.925564 0 
2538 9.926727 0 
2539 9.928039 0 
2540 9.911930 0 
2541 9.913409 0 
2543 9.885764 0 
2544 9.869612 0 
2545 9.946068 0 
2546 9.929939 0 
2547 9.914039 0 
2548 9.937424 0 
2549 9.921649 0 
2550 9.905492 0 
2551 9.951369 0 
2552 9.933262 0 
2553 9.916766 0 
2554 9.900865 0 
2556 9.868077 0 
2557 9.881388 0 
2558 9.864911 0 
2559 9.857827 0 
2560 9.841074 0 
2561 9.830640 0 
2562 9.855392 0 
2564 9.822660 0 
2566 9.844743 0 
2567 9.863829 0 
2569 9.831175 0 
2570 9.889006 0 
2571 9.872401 0 
2572 9.849953 0 
2574 9.817671 0 
2575 9.947341 0 
2576 9.930915 0 
2577 9.934953 0 
2578 10.003275 0 
2579 9.987024 0 
2581 10.045990 0 
2582 10.028029 0 
2584 10.058773 0 
2585 10.042668 0 
2586 10.020864 0 
2587 10.006482 0 
2588 10.131462 0 
2589 10.115344 0 
2591 10.080275 0 
2592 10.254549 0 
2593 10.238569 0 
2594 10.223429 0 
2595 10.265203 0 
2596 10.249112 0 
2597 10.230789 0 
2598 10.222252 0 
2599 10.232381 0 
2759 7.545821 0 
2760 7.591364 0 
2761 7.574900 0 
2764 7.609736 0 
2765 7.593339 0 
2766 7.667840 0 
2768 7.635183 0 
2769 7.632155 0 
2770 7.616240 0 
2771 7.677789 0 
2773 7.737901 0 
2774 7.721782 0 
2775 7.706590 0 
2776 7.689908 0 
2777 7.673440 0 
2778 7.773665 0 
2780 7.741410 0 
2781 7.918154 0 
2782 7.901392 0 
2783 7.983860 0 
2784 7.967926 0 
2785 7.946167 0 
2786 8.168193 0 
2787 8.152557 0 
2788 8.136442 0 
2790 8.119223 0 
2791 8.102885 0 
2792 8.113676 0 
2793 8.130299 0 
2794 8.116045 0 
2795 8.100113 0 
2796 8.083686 0 
2797 8.074600 0 
2798 8.058226 0 
2799 8.100526 0 
2800 8.109132 0 
2801 8.093069 0 
2802 8.076872 0 
2803 8.054655 0 
2804 8.038124 0 
2805 8.022215 0 
2806 8.038747 0 
2807 8.022903 0 
2808 8.093825 0 
2809 8.077610 0 
2810 8.061531 0 
2811 8.046062 0 
2812 8.310056 0 
2813 8.293633 0 
2814 8.277689 0 
2815 8.256588 0 
2817 8.223236 0 
2818 8.423111 0 
2819 8.406864 0 
2820 8.391379 0 
2821 8.375299 0 
2822 8.597488 0 
2823 8.581450 0 
2824 8.564716 0 
2826 8.558503 0 
2827 8.542963 0 
2828 8.526407 0 
2829 8.510783 0 
2831 8.477295 0 
2833 8.444211 0 
2836 8.658898 0 
2839 8.610506 0 
2840 8.594275 0 
2841 8.578268 0 
2842 8.581152 0 
2843 8.564187 0 
2844 8.548035 0 
2845 8.591871 0 
2846 8.575751 0 
2847 8.559530 0 
2849 8.795093 0 
2850 8.779389 0 
2852 8.768348 0 
2854 8.752365 0 
2855 8.736101 0 
2856 8.719929 0 
2857 8.721828 0 
2858 8.705978 0 
2859 8.689839 0 
2860 8.742885 0 
2862 8.710081 0 
2863 8.838135 0 
2864 8.822438 0 
2865 8.805928 0 
2866 9.004976 0 
2867 8.988792 0 
2868 8.972617 0 
2870 9.043903 0 
2871 9.027779 0 
2872 9.199177 0 
2873 9.183216 0 
2874 9.167801 0 
2875 9.151541 0 
2876 9.135192 0 
2878 9.101767 0 
2879 9.146242 0 
2880 9.130130 0 
2881 9.114188 0 
2883 9.160204 0 
2884 9.144156 0 
2885 9.383168 0 
2886 9.366983 0 
2887 9.351688 0 
2889 9.319693 0 
2891 9.280930 0 
2892 9.313644 0 
2893 9.297497 0 
2894 9.278778 0 
2895 9.262779 0 
2896 9.473439 0 
2897 9.495482 0 
2899 9.462562 0 
2900 9.446777 0 
2901 9.537877 0 
2902 9.521804 0 
2904 9.791939 0 
2906 9.759503 0 
2907 9.775479 0 
2908 9.793506 0 
2910 9.759070 0 
2911 9.761236 0 
2912 9.755831 0 
2914 9.779784 0 
2915 9.763721 0 
2916 9.747323 0 
2917 9.729459 0 
2918 9.731707 0 
2919 9.712195 0 
2920 9.688635 0 
2922 9.753999 0 
2923 9.737781 0 
2924 9.753516 0 
2925 9.737360 0 
2926 9.721028 0 
2927 9.705026 0 
2928 9.696964 0 
2929 9.887613 0 
2930 9.871560 0 
2931 9.930518 0 
2933 9.893172 0 
2934 10.108278 0 
2935 10.092301 0 
2936 10.099699 0 
2938 10.093832 0 
2939 10.078280 0 
2941 10.038575 0 
2942 10.022436 0 
2943 10.082845 0 
2944 10.098208 0 
2945 10.081538 0 
2946 10.092695 0 
2947 10.077006 0 
2948 10.060614 0 
2949 10.194122 0 
2950 10.177997 0 
2951 10.161813 0 
2952 10.143735 0 
2954 10.112340 0 
2955 10.332409 0 
2956 10.316953 0 
2958 10.700344 0 
2959 10.716100 0 
2960 10.699573 0 
2962 10.667462 0 
2963 10.651525 0 
2964 10.641562 0 
2965 10.671149 0 
2967 10.638439 0 
2968 10.690618 0 
2969 10.674460 0 
2970 10.650727 0 
2972 10.617920 0 
2973 10.600544 0 
2974 10.619930 0 
2975 10.606054 0 
2976 10.589998 0 
2977 10.614398 0 
2979 10.579975 0 
2980 10.760112 0 
2981 10.743363 0 
2982 10.727129 0 
2983 10.710654 0 
2984 10.693096 0 
2985 10.677553 0 
2986 10.661371 0 
2987 10.645122 0 
2989 10.670566 0 
2990 10.654364 0 
2991 10.638736 0 
2992 10.684466 0 
2993 10.668312 0 
2994 10.653979 0 
2995 10.638073 0 
2996 10.635352 0 
2997 10.627841 0 
2998 10.611591 0 
2999 10.599878 0 
3000 10.583727 0 
3001 10.567509 0 
3002 10.618413 0 
3003 10.601813 0 
3004 10.578990 0 
3005 10.561148 0 
3006 10.544879 0 
3007 10.657280 0 
3008 10.672881 0 
3009 10.657130 0 
3010 10.639737 0 
3011 10.623578 0 
3012 10.600597 0 
3013 10.576051 0 
3014 10.615983 0 
3016 10.583462 0 
3017 10.790118 0 
3018 10.773709 0 
3019 10.757999 0 
3020 10.866201 0 
3021 10.850192 0 
3022 10.834082 0 
3023 10.838910 0 
3025 10.845011 0 
3026 10.828819 0 
3027 10.812372 0 
3028 10.796308 0 
3030 10.762399 0 
3032 10.761100 0 
3033 10.966718 0 
3035 11.024411 0 
3038 10.973782 0 
3039 10.957663 0 
3040 11.044443 0 
3041 11.028322 0 
3042 11.012232 0 
3043 10.996098 0 
3044 10.995701 0 
3045 11.016074 0 
3204 8.494486 0 
3205 8.478913 0 
3206 8.884738 0 
3207 8.868901 0 
3208 8.852524 0 
3209 8.991445 0 
3210 8.975252 0 
3211 8.975318 0 
3212 8.958982 0 
3213 8.942860 0 
3215 9.014052 0 
3216 9.005372 0 
3217 8.988616 0 
3218 8.973127 0 
3219 8.993477 0 
3220 8.977330 0 
3221 8.960934 0 
3222 8.944644 0 
3224 8.957707 0 
3225 8.941220 0 
3226 8.925407 0 
3227 8.907994 0 
3229 8.875466 0 
3231 9.032218 0 
3232 9.102122 0 
3233 9.092782 0 
3234 9.073367 0 
3237 9.039433 0 
3238 9.038638 0 
3239 9.022298 0 
3240 9.006374 0 
3241 9.076512 0 
3242 9.060412 0 
3243 9.044287 0 
3244 9.259342 0 
3245 9.243081 0 
3246 9.222060 0 
3247 9.205956 0 
3248 9.189834 0 
3250 9.318157 0 
3252 9.286022 0 
3253 9.270549 0 
3254 9.275441 0 
3255 9.259163 0 
3256 9.252686 0 
3258 9.273858 0 
3260 9.241873 0 
3261 9.231517 0 
3262 9.215801 0 
3263 9.226321 0 
3264 9.210989 0 
3265 9.194884 0 
3266 9.176110 0 
3267 9.159948 0 
3268 9.143510 0 
3269 9.243531 0 
3270 9.227049 0 
3271 9.210806 0 
3272 9.194788 0 
3273 9.176331 0 
3274 9.164656 0 
3276 9.272480 0 
3277 9.256372 0 
3278 9.239803 0 
3279 9.223040 0 
3280 9.206831 0 
3281 9.471235 0 
3282 9.455147 0 
3283 9.439474 0 
3284 9.449286 0 
3285 9.433008 0 
3287 9.400688 0 
3289 9.367241 0 
3290 9.348640 0 
3291 9.345241 0 
3292 9.456480 0 
3293 9.440613 0 
3294 9.422387 0 
3295 9.657524 0 
3297 9.625089 0 
3298 9.748048 0 
3299 9.732120 0 
3300 9.715302 0 
3304 9.807724 0 
3305 9.790823 0 
3306 9.774876 0 
3308 9.753051 0 
3312 9.826813 0 
3313 9.818435 0 
3314 9.876019 0 
3315 9.859387 0 
3316 9.842673 0 
3317 9.864352 0 
3318 9.887521 0 
3319 9.871679 0 
3320 9.855600 0 
3321 9.839312 0 
3322 9.823123 0 
3323 9.806830 0 
3324 9.867657 0 
3325 9.851697 0 
3326 9.857594 0 
3327 9.841355 0 
3328 9.825176 0 
3329 9.808582 0 
3331 9.770925 0 
3332 9.917961 0 
3333 9.932704 0 
3334 9.916340 0 
3335 9.898435 0 
3336 9.882092 0 
3337 9.865469 0 
3339 9.863027 0 
3340 10.098842 0 
3341 10.082262 0 
3342 10.065990 0 
3344 10.085540 0 
3345 10.069480 0 
3346 10.307590 0 
3347 10.289522 0 
3348 10.273669 0 
3349 10.257689 0 
3350 10.328072 0 
3352 10.293588 0 
3353 10.369966 0 
3354 10.373629 0 
3355 10.357447 0 
3356 10.341149 0 
3357 10.324951 0 
3358 10.397604 0 
3360 10.365494 0 
3361 10.366618 0 
3362 10.344492 0 
3363 10.365980 0 
3365 10.330457 0 
3366 10.314167 0 
3367 10.389318 0 
3368 10.373162 0 
3370 10.532333 0 
3371 10.515723 0 
3372 10.584176 0 
3373 10.567692 0 
3374 10.566365 0 
3375 10.555153 0 
3377 10.517580 0 
3378 10.501324 0 
3379 10.574143 0 
3380 10.555509 0 
3381 10.599292 0 
3382 10.583247 0 
3383 10.576825 0 
3384 10.561047 0 
3385 10.544921 0 
3388 10.715243 0 
3389 10.699466 0 
3390 10.846938 0 
3391 10.830482 0 
3392 10.814400 0 
3393 10.798324 0 
3397 10.939635 0 
3398 10.923303 0 
3399 10.907110 0 
3400 10.911222 0 
3401 10.888968 0 
3402 10.873107 0 
3403 10.943408 0 
3404 10.927344 0 
3405 10.911306 0 
3406 10.895220 0 
3407 10.878956 0 
3408 10.862725 0 
3409 10.945879 0 
3410 10.983413 0 
3411 10.961602 0 
3412 10.941777 0 
3414 10.909239 0 
3415 10.892429 0 
3416 11.094375 0 
3417 11.078236 0 
3418 11.200036 0 
3419 11.180308 0 
3420 11.164583 0 
3423 11.155012 0 
3424 11.138834 0 
3425 11.122633 0 
3426 11.106274 0 
3428 11.074075 0 
3431 11.143555 0 
3433 11.358262 0 
3436 11.309593 0 
3437 11.320210 0 
3438 11.304190 0 
3439 11.288364 0 
3440 11.370299 0 
3441 11.354482 0 
3442 11.337330 0 
3443 11.321202 0 
3444 11.304888 0 
3445 11.285754 0 
3446 11.269639 0 
3447 11.253573 0 
3449 11.250391 0 
3451 11.277917 0 
3452 11.260999 0 
3453 11.244528 0 
3454 11.282465 0 
3455 11.265933 0 
3456 11.250607 0 
3457 11.647701 0 
3459 11.612204 0 
3460 11.664078 0 
3461 11.647624 0 
3462 11.654230 0 
3463 11.692374 0 
3464 11.673707 0 
3465 11.709254 0 
3466 11.710410 0 
3467 11.691678 0 
3468 11.675809 0 
3469 11.807124 0 
3470 11.791608 0 
3471 11.775106 0 
3472 11.790831 0 
3473 11.774366 0 
3476 11.873044 0 
3477 11.867974 0 
3478 11.852009 0 
3479 11.847439 0 
3480 11.862490 0 
3481 11.846268 0 
3482 11.830142 0 
3483 11.875859 0 
3484 11.860552 0 
3486 11.824261 0 
3489 11.895588 0 
3490 11.879451 0 
3697 8.463783 0 
3698 8.443025 0 
3700 8.642186 0 
3702 8.654267 0 
3703 8.630898 0 
3704 8.607328 0 
3706 8.575801 0 
3707 8.560070 0 
3708 8.552146 0 
3710 8.517854 0 
3711 8.501587 0 
3712 8.483094 0 
3713 8.487634 0 
3714 8.471330 0 
3715 8.514105 0 
3716 8.497682 0 
3717 8.718857 0 
3718 8.702749 0 
3719 8.686595 0 
3720 8.796556 0 
3721 8.780679 0 
3722 8.763076 0 
3723 8.773269 0 
3724 8.757267 0 
3725 8.820321 0 
3726 8.803874 0 
3727 8.808902 0 
3729 8.775591 0 
3730 8.759663 0 
3731 8.849397 0 
3732 8.833234 0 
3733 8.817053 0 
3734 8.826186 0 
3735 8.810060 0 
3737 8.777734 0 
3738 8.761756 0 
3739 8.745461 0 
3740 8.828048 0 
3741 8.812001 0 
3742 8.795722 0 
3743 8.939124 0 
3744 8.922271 0 
3745 8.925429 0 
3746 8.909693 0 
3747 8.893675 0 
3748 8.877203 0 
3750 8.843296 0 
3751 8.827297 0 
3752 8.811136 0 
3753 8.813828 0 
3754 8.798065 0 
3758 8.922346 0 
3759 8.915946 0 
3760 8.899978 0 
3761 8.883899 0 
3763 8.851085 0 
3764 8.859497 0 
3765 8.843436 0 
3766 8.827122 0 
3768 8.817393 0 
3769 8.801559 0 
3770 8.785368 0 
3771 8.854793 0 
3772 8.837120 0 
3773 8.830152 0 
3775 8.808514 0 
3776 8.934936 0 
3777 8.918991 0 
3778 8.995058 0 
3779 8.978527 0 
3780 8.962350 0 
3781 8.966950 0 
3782 8.950709 0 
3783 8.934798 0 
3785 8.938078 0 
3786 8.918373 0 
3787 9.016400 0 
3788 9.000248 0 
3789 8.983937 0 
3790 8.976854 0 
3791 8.960981 0 
3792 8.945169 0 
3794 9.103669 0 
3795 9.082423 0 
3796 9.210635 0 
3797 9.194131 0 
3798 9.174914 0 
3799 9.296546 0 
3800 9.308751 0 
3801 9.292978 0 
3802 9.273843 0 
3803 9.253788 0 
3804 9.237794 0 
3805 9.221999 0 
3806 9.205618 0 
3807 9.189208 0 
3808 9.248621 0 
3809 9.232806 0 
3810 9.216780 0 
3812 9.360464 0 
3815 9.520577 0 
3816 9.504554 0 
3817 9.488386 0 
3818 9.482824 0 
3819 9.466629 0 
3822 9.499669 0 
3823 9.483888 0 
3824 9.467728 0 
3826 9.435069 0 
3828 9.401726 0 
3829 9.564246 0 
3830 9.668096 0 
3831 9.651747 0 
3835 9.900154 0 
3836 9.925927 0 
3837 9.909767 0 
3838 9.891444 0 
3839 9.875367 0 
3840 9.859212 0 
3841 9.993038 0 
3842 9.977000 0 
3843 9.960865 0 
3844 9.944741 0 
3845 9.955547 0 
3847 9.923101 0 
3849 9.900923 0 
3850 9.884870 0 
3851 10.115363 0 
3852 10.097788 0 
3853 10.081359 0 
3854 10.065193 0 
3855 10.385301 0 
3857 10.350577 0 
3858 10.334940 0 
3859 10.404961 0 
3860 10.388521 0 
3861 10.372313 0 
3862 10.532308 0 
3863 10.516165 0 
3864 10.521540 0 
3865 10.499020 0 
3866 10.482330 0 
3867 10.466456 0 
3869 10.551883 0 
3870 10.532136 0 
3871 10.592156 0 
3873 10.566816 0 
3875 10.664976 0 
3876 10.657495 0 
3877 10.638187 0 
3878 10.634131 0 
3879 10.617947 0 
3880 10.601413 0 
3881 10.582804 0 
3886 10.992054 0 
3887 10.975760 0 
3888 10.956640 0 
3890 11.145801 0 
3891 11.129504 0 
3892 11.113868 0 
3894 11.074540 0 
3895 11.174446 0 
3896 11.158375 0 
3897 11.142071 0 
3899 11.173639 0 
3901 11.181898 0 
3902 11.163220 0 
3903 11.145873 0 
3905 11.183560 0 
3906 11.192479 0 
3907 11.226647 0 
3909 11.193152 0 
3910 11.177194 0 
3911 11.153142 0 
3912 11.441912 0 
3913 11.425960 0 
3914 11.592881 0 
3915 11.577099 0 
3917 11.740595 0 
3918 11.724617 0 
3919 11.780563 0 
3920 11.834737 0 
3921 11.818657 0 
3922 11.801443 0 
3923 11.826521 0 
3925 11.833136 0 
3929 11.956646 0 
3934 12.019758 0 
3936 12.033799 0 
3937 12.017577 0 
3938 12.001358 0 
3940 12.172988 0 
3941 12.156229 0 
3942 12.160624 0 
3943 12.157077 0 
3944 12.140546 0 
3945 12.124501 0 
3946 12.108468 0 
3947 12.091889 0 
3949 12.103367 0 
3950 12.087063 0 
3951 12.080086 0 
3954 12.339881 0 
3955 12.323833 0 
3957 12.290620 0 
3958 12.319798 0 
3959 12.296936 0 
3960 12.350013 0 
3962 12.392050 0 
3963 12.375660 0 
3964 12.359548 0 
3965 12.343605 0 
3967 12.305199 0 
3968 12.289141 0 
3969 12.501079 0 
3970 12.485183 0 
3971 12.469134 0 
3972 12.452579 0 
3974 12.420357 0 
3975 12.510241 0 
3976 12.494403 0 
3977 12.511494 0 
3978 12.495353 0 
3979 12.479269 0 
3980 12.481842 0 
3981 12.465678 0 
3982 12.449705 0 
3984 12.545572 0 
4193 9.029909 0 
4194 9.206442 0 
4195 9.186839 0 
4196 9.173451 0 
4197 9.240516 0 
4198 9.224327 0 
4199 9.200218 0 
4200 9.201476 0 
4201 9.185386 0 
4202 9.169054 0 
4203 9.214686 0 
4204 9.198125 0 
4205 9.175773 0 
4206 9.166046 0 
4207 9.179732 0 
4208 9.163252 0 
4210 9.130627 0 
4211 9.114919 0 
4212 9.098748 0 
4213 9.081967 0 
4214 9.065756 0 
4215 9.075216 0 
4216 9.059106 0 
4217 9.042665 0 
4219 9.083038 0 
4220 9.066226 0 
4221 9.050338 0 
4222 9.034295 0 
4224 8.994710 0 
4226 8.962362 0 
4229 9.812839 0 
4236 9.898626 0 
4237 9.883072 0 
4238 9.866963 0 
4240 9.895859 0 
4241 9.922753 0 
4242 9.906010 0 
4243 9.890337 0 
4245 9.857028 0 
4247 9.957146 0 
4248 9.960608 0 
4249 9.945111 0 
4250 9.928785 0 
4251 9.912565 0 
4252 9.908333 0 
4253 9.886316 0 
4255 9.846155 0 
4256 9.883013 0 
4260 10.029299 0 
4261 10.013464 0 
4266 10.167071 0 
4267 10.150859 0 
4268 10.203604 0 
4269 10.187331 0 
4271 10.258368 0 
4272 10.427572 0 
4273 10.625456 0 
4275 10.609612 0 
4280 10.619085 0 
4282 10.678127 0 
4284 10.641838 0 
4285 10.670675 0 
4286 10.654525 0 
4287 10.637828 0 
4289 10.674538 0 
4290 10.809334 0 
4292 10.811792 0 
4294 10.780048 0 
4295 10.763924 0 
4297 10.730452 0 
4299 10.697828 0 
4300 10.681436 0 
4301 10.665071 0 
4303 10.628284 0 
4304 10.611874 0 
4305 10.595517 0 
4308 10.546676 0 
4309 10.530114 0 
4310 10.514169 0 
4937 0.009427 1 
4311 10.536584 0 
4312 10.520051 0 
4938 0.004293 1 
4939 0.009092 1 
4940 0.009272 1 
4941 0.009786 1 
4942 0.006756 1 
4944 0.007529 1 
4945 0.010034 1 
4946 0.014970 1 
4947 0.015689 1 
4313 10.680536 0 
4314 10.662991 0 
4948 0.009481 1 
4315 10.662046 0 
4316 10.647313 0 
4317 10.631048 0 
4318 10.614702 0 
4319 10.598629 0 
4949 0.011200 1 
4950 0.011948 1 
4952 0.012439 1 
4953 0.016103 1 
4954 0.010151 1 
4320 10.686673 0 
4321 10.670948 0 
4955 0.014055 1 
4322 10.685359 0 
4323 10.668886 0 
4324 10.652810 0 
4957 0.005212 1 
4958 0.007345 1 
4959 0.010489 1 
4326 10.660250 0 
4327 10.643549 0 
4960 0.006672 1 
4962 0.009805 1 
4963 0.007934 1 
4964 0.007214 1 
4965 0.009707 1 
4966 0.009089 1 
4967 0.007235 1 
4969 0.010652 1 
4970 0.013471 1 
4971 0.014134 1 
4329 10.826262 0 
4972 0.009256 1 
4330 10.819231 0 
4331 10.800136 0 
4332 10.784227 0 
4973 0.012889 1 
4974 0.005885 1 
4975 0.005590 1 
4976 0.006888 1 
4977 0.009207 1 
4334 10.841962 0 
4335 10.824887 0 
4336 10.808792 0 
4337 10.808224 0 
4338 10.792053 0 
4339 10.775862 0 
4340 10.759605 0 
4979 0.009336 1 
4980 0.007065 1 
4981 0.007398 1 
4982 0.005964 1 
4983 0.010915 1 
4984 0.007742 1 
4985 0.011628 1 
4341 10.852452 0 
4342 10.836393 0 
4343 10.820144 0 
4344 10.803972 0 
4345 10.787760 0 
4347 10.755230 0 
4348 10.739138 0 
4349 10.722854 0 
4350 10.706392 0 
4351 10.690142 0 
4352 10.669417 0 
4353 10.653328 0 
4355 10.620737 0 
4356 10.604723 0 
4986 0.004949 1 
4987 0.005090 1 
4988 0.008513 1 
4989 0.005515 1 
4990 0.011421 1 
4991 0.015668 1 
4992 0.006239 1 
4993 0.011819 1 
4994 0.011208 1 
4995 0.011541 1 
4996 0.014323 1 
4997 0.005803 1 
4998 0.005371 1 
4999 0.012080 1 
5000 0.008026 1 
5001 0.021660 1 
5002 0.014304 1 
5003 0.009356 1 
5004 0.007278 1 
5006 0.005405 1 
5007 0.008927 1 
4360 10.905403 0 
4361 10.888970 0 
5008 0.008110 1 
5009 0.015631 1 
5010 0.007798 1 
5011 0.008289 1 
5012 0.007964 1 
5013 0.011673 1 
4362 11.007783 0 
4363 10.990095 0 
4365 10.957806 0 
5015 0.015013 1 
5016 0.008744 1 
4366 10.955178 0 
4367 10.956402 0 
4368 10.939760 0 
4369 10.923589 0 
4370 10.942363 0 
5020 0.010330 1 
4372 10.939186 0 
5022 0.011835 1 
5023 0.009198 1 
5024 0.014323 1 
5025 0.016297 1 
5028 0.011176 1 
5029 0.011491 1 
5030 0.013543 1 
4374 11.086905 0 
4375 11.071724 0 
5031 0.031028 1 
5032 0.014379 1 
5033 0.010348 1 
4376 11.082839 0 
4377 11.064247 0 
5034 0.009328 1 
4378 11.067157 0 
5035 0.012062 1 
5036 0.012323 1 
5037 0.017925 1 
5038 0.014673 1 
4379 11.117373 0 
4380 11.101148 0 
5039 0.010595 1 
5041 0.012982 1 
5043 0.011239 1 
5044 0.020549 1 
5045 0.012258 1 
4382 11.177099 0 
4383 11.161350 0 
4384 11.145917 0 
5046 0.008069 1 
5047 0.009509 1 
5048 0.007195 1 
5049 0.009046 1 
5051 0.013426 1 
4385 11.223111 0 
4386 11.206931 0 
4387 11.190631 0 
4388 11.174406 0 
4389 11.157801 0 
5052 0.009999 1 
5053 0.010235 1 
4390 11.174631 0 
4391 11.158204 0 
4392 11.141564 0 
5054 0.008164 1 
4393 11.145285 0 
4394 11.128925 0 
4395 11.112939 0 
4396 11.096292 0 
5055 0.007982 1 
5056 0.006905 1 
5057 0.012682 1 
5058 0.006852 1 
4397 11.151781 0 
4398 11.135742 0 
5059 0.011839 1 
4399 11.119361 0 
5060 0.007893 1 
5061 0.014365 1 
5062 0.008089 1 
5063 0.007369 1 
5064 0.007751 1 
5065 0.007251 1 
4400 11.213877 0 
4401 11.197753 0 
4402 11.179391 0 
5067 0.008929 1 
5068 0.006334 1 
5069 0.010700 1 
5070 0.008198 1 
5071 0.008133 1 
5072 0.006964 1 
5073 0.009643 1 
4403 11.291926 0 
4404 11.275743 0 
4405 11.260612 0 
4406 11.243449 0 
4407 11.227162 0 
4409 11.200951 0 
5074 0.006221 1 
5075 0.013291 1 
4410 11.216503 0 
4411 11.200020 0 
5076 0.014172 1 
5078 0.013478 1 
5080 0.009448 1 
5081 0.016211 1 
5082 0.018642 1 
5083 0.013791 1 
5084 0.018981 1 
5085 0.014004 1 
5086 0.007203 1 
4412 11.379130 0 
4413 11.363333 0 
4414 11.347569 0 
4415 11.331639 0 
5088 0.009272 1 
5089 0.008888 1 
5090 0.008857 1 
5091 0.010071 1 
5093 0.016453 1 
5095 0.009054 1 
5096 0.009552 1 
5097 0.014916 1 
5099 0.019157 1 
5100 0.021407 1 
5101 0.008471 1 
5103 0.007163 1 
5104 0.019167 1 
5105 0.011290 1 
5106 0.018259 1 
5107 0.008073 1 
5108 0.010948 1 
5109 0.017050 1 
5110 0.010235 1 
4416 11.716376 0 
5111 0.010451 1 
5112 0.011367 1 
5113 0.012508 1 
5114 0.011152 1 
5115 0.008465 1 
5116 0.006133 1 
4419 11.768353 0 
4420 11.752202 0 
4421 11.735952 0 
4423 11.703670 0 
5117 0.017203 1 
5118 0.011385 1 
5119 0.010362 1 
5120 0.009587 1 
5122 0.012216 1 
4425 11.785886 0 
5123 0.014363 1 
5124 0.012190 1 
5125 0.009004 1 
5126 0.010544 1 
4426 11.830118 0 
5127 0.010169 1 
5128 0.013723 1 
5130 0.016648 1 
5131 0.020755 1 
5132 0.009895 1 
5133 0.013786 1 
5134 0.007193 1 
5135 0.039040 1 
5136 0.019520 1 
5137 0.011414 1 
5138 0.007634 1 
5139 0.009669 1 
5140 0.008815 1 
4428 12.034797 0 
5141 0.010532 1 
5143 0.013194 1 
4433 12.002106 0 
4434 11.985912 0 
4435 11.969429 0 
4436 11.952451 0 
4437 11.936279 0 
5144 0.016897 1 
5145 0.015434 1 
5146 0.015466 1 
5147 0.010282 1 
5148 0.010341 1 
5149 0.010203 1 
4438 12.041091 0 
4439 12.023497 0 
5151 0.015857 1 
5152 0.019547 1 
4440 12.036064 0 
4441 12.019853 0 
4442 12.003856 0 
5153 0.017408 1 
4444 11.993974 0 
5154 0.017339 1 
4446 11.987525 0 
4447 11.971179 0 
5156 0.013723 1 
5157 0.009956 1 
5158 0.012147 1 
5159 0.018272 1 
4448 12.033915 0 
4449 12.016161 0 
4450 12.008395 0 
5161 0.016588 1 
5162 0.013298 1 
5163 0.008527 1 
4451 12.045475 0 
4452 12.029007 0 
4454 11.993674 0 
5164 0.011778 1 
4455 11.984967 0 
5165 0.011435 1 
4456 12.002198 0 
5166 0.015546 1 
5168 0.012827 1 
5169 0.012232 1 
5170 0.019874 1 
5171 0.010802 1 
5172 0.013254 1 
5173 0.012482 1 
5174 0.010148 1 
5175 0.006911 1 
5176 0.015944 1 
5178 0.010108 1 
5179 0.009089 1 
5180 0.008993 1 
4457 12.238609 0 
4458 12.216999 0 
4459 12.201403 0 
4460 12.185327 0 
5181 0.011474 1 
5182 0.016282 1 
5183 0.012424 1 
5184 0.011770 1 
5185 0.009515 1 
5186 0.015059 1 
5187 0.010643 1 
5188 0.010107 1 
4462 12.278904 0 
4463 12.263509 0 
5189 0.009677 1 
5190 0.009016 1 
5191 0.011113 1 
5192 0.009443 1 
5193 0.007151 1 
5194 0.007835 1 
5195 0.012124 1 
5196 0.015250 1 
5197 0.009427 1 
5198 0.008187 1 
4464 12.425529 0 
4465 12.409611 0 
5199 0.009822 1 
4466 12.405080 0 
4467 12.390545 0 
5200 0.027107 1 
5201 0.024326 1 
5202 0.012124 1 
5203 0.017676 1 
5205 0.014730 1 
5206 0.014913 1 
4471 12.449613 0 
5207 0.012085 1 
5208 0.009294 1 
5209 0.007325 1 
5210 0.013009 1 
5211 0.011766 1 
5212 0.016179 1 
5214 0.013691 1 
4472 12.556150 0 
4473 12.539777 0 
5215 0.008228 1 
4474 12.535247 0 
4475 12.519280 0 
4476 12.503026 0 
5216 0.009277 1 
5219 0.017474 1 
5221 0.021098 1 
5222 0.017495 1 
4725 8.449673 0 
5223 0.026490 1 
5224 0.022975 1 
5227 0.010048 1 
5228 0.022816 1 
5229 0.013034 1 
4726 8.560141 0 
4727 8.542250 0 
5230 0.039433 1 
5231 0.027724 1 
5232 0.011535 1 
5233 0.019567 1 
5234 0.012309 1 
5235 0.011630 1 
5236 0.018389 1 
5237 0.022565 1 
5238 0.017205 1 
4729 8.648239 0 
4730 8.632619 0 
4732 8.600378 0 
4733 8.584046 0 
4734 8.567225 0 
4735 8.550046 0 
4736 8.533995 0 
4737 8.517845 0 
4738 8.517165 0 
4739 8.497736 0 
4740 8.480377 0 
5240 0.016283 1 
4741 8.487240 0 
4742 8.471373 0 
4743 8.454988 0 
5242 0.028057 1 
4745 8.463214 0 
4746 8.446939 0 
4747 8.431348 0 
4748 8.414663 0 
5243 0.022363 1 
4749 8.409730 0 
4750 8.393669 0 
5244 0.021425 1 
5245 0.009791 1 
5246 0.010940 1 
5247 0.008497 1 
5248 0.009940 1 
5250 0.014397 1 
4753 8.447147 0 
4754 8.431787 0 
5251 0.012504 1 
4755 8.436038 0 
5252 0.015157 1 
5253 0.019582 1 
4756 8.462804 0 
4758 8.427095 0 
4759 8.410613 0 
4760 8.390580 0 
4761 8.374444 0 
5254 0.027119 1 
5255 0.016166 1 
5256 0.014271 1 
5257 0.007888 1 
5258 0.011812 1 
5259 0.012366 1 
5260 0.006381 1 
5261 0.009067 1 
5262 0.009730 1 
4763 8.484559 0 
4764 8.467912 0 
4765 8.451488 0 
5263 0.011337 1 
5264 0.007654 1 
5266 0.018478 1 
4766 8.517959 0 
4767 8.502140 0 
5267 0.039074 1 
5268 0.022805 1 
4768 8.514531 0 
4770 8.487692 0 
4771 8.467585 0 
5269 0.047915 1 
5270 0.031658 1 
5271 0.032823 1 
5272 0.017124 1 
5273 0.012273 1 
5274 0.014546 1 
5275 0.018116 1 
5277 0.015655 1 
4773 8.583321 0 
4774 8.567517 0 
4775 8.551085 0 
5279 0.019442 1 
5280 0.023083 1 
5281 0.013222 1 
5282 0.013114 1 
5283 0.007478 1 
4777 8.622492 0 
4778 8.606128 0 
5284 0.018980 1 
5285 0.014066 1 
4780 8.606623 0 
4781 8.590832 0 
4782 8.574652 0 
4783 8.558380 0 
4784 8.542484 0 
4785 8.522945 0 
4786 8.517869 0 
4787 8.501536 0 
4788 8.492889 0 
4789 8.477106 0 
4790 8.461139 0 
5287 0.021593 1 
5288 0.021834 1 
4791 8.469381 0 
5289 0.016988 1 
4792 8.471732 0 
4793 8.455425 0 
4794 8.439255 0 
5290 0.015932 1 
5292 0.019718 1 
5294 0.009744 1 
5295 0.023999 1 
5296 0.019038 1 
5298 0.029702 1 
5299 0.013421 1 
5300 0.012958 1 
5302 0.020554 1 
5303 0.027742 1 
5304 0.015414 1 
5305 0.016517 1 
5306 0.017175 1 
5307 0.010570 1 
5308 0.008214 1 
5309 0.007057 1 
5310 0.030843 1 
5311 0.040558 1 
5312 0.024495 1 
5313 0.017727 1 
5314 0.011735 1 
4795 8.845385 0 
4796 8.829557 0 
5315 0.027607 1 
5316 0.023417 1 
4797 8.847307 0 
4798 8.831407 0 
4799 8.814938 0 
4800 8.798962 0 
5317 0.032568 1 
5318 0.016472 1 
5319 0.020182 1 
5321 0.014223 1 
4801 8.852891 0 
4802 8.834286 0 
4803 8.817932 0 
4804 8.808884 0 
4805 8.792411 0 
4807 8.759801 0 
5322 0.017489 1 
5323 0.014261 1 
5324 0.013989 1 
5325 0.012919 1 
5326 0.017560 1 
5327 0.013361 1 
5329 0.017479 1 
5330 0.012134 1 
5331 0.014980 1 
5332 0.013901 1 
5333 0.008733 1 
5334 0.027668 1 
5335 0.019844 1 
5336 0.014331 1 
4808 8.992639 0 
5337 0.025891 1 
5338 0.016053 1 
5339 0.014488 1 
4811 8.986783 0 
4812 8.970541 0 
5340 0.010822 1 
5342 0.041476 1 
5343 0.025424 1 
5344 0.016744 1 
5345 0.030461 1 
5346 0.014436 1 
4813 9.086842 0 
4814 9.071002 0 
5347 0.022749 1 
5348 0.017564 1 
5350 0.014746 1 
4816 9.089505 0 
5351 0.022511 1 
4817 9.096817 0 
4818 9.080556 0 
4819 9.060626 0 
4821 9.028442 0 
5352 0.025493 1 
5353 0.027833 1 
5355 0.010714 1 
5356 0.016561 1 
5357 0.011270 1 
5358 0.022446 1 
5360 0.015962 1 
5361 0.023649 1 
4824 9.136557 0 
4825 9.122363 0 
5362 0.021652 1 
5363 0.015457 1 
5364 0.023197 1 
5365 0.024568 1 
5367 0.019331 1 
5368 0.014019 1 
5369 0.032417 1 
5370 0.021389 1 
5371 0.018565 1 
5372 0.018120 1 
5373 0.017526 1 
5374 0.019708 1 
5375 0.017640 1 
4826 9.323667 0 
4829 9.274714 0 
5377 0.019788 1 
5378 0.010443 1 
4830 9.294208 0 
4831 9.278132 0 
5379 0.015013 1 
5380 0.009632 1 
5381 0.017691 1 
5382 0.041172 1 
5383 0.035448 1 
5384 0.025793 1 
5385 0.011203 1 
5386 0.016444 1 
5387 0.019672 1 
5388 0.028176 1 
5389 0.027478 1 
5390 0.030291 1 
5391 0.014915 1 
5392 0.013782 1 
5393 0.012096 1 
5394 0.018457 1 
5395 0.023394 1 
5396 0.021905 1 
4832 9.573761 0 
4833 9.558744 0 
4834 9.542885 0 
5397 0.023860 1 
5398 0.022959 1 
5399 0.021875 1 
5400 0.011234 1 
5401 0.009884 1 
5402 0.014153 1 
5404 0.026868 1 
5405 0.016789 1 
5406 0.030665 1 
5407 0.025113 1 
5408 0.025179 1 
4835 9.720900 0 
4836 9.704615 0 
5409 0.017246 1 
4838 9.698307 0 
4839 9.682090 0 
4840 9.665948 0 
5410 0.023599 1 
5411 0.023932 1 
5413 0.030621 1 
5414 0.026154 1 
5415 0.013147 1 
4842 9.739042 0 
4844 9.707653 0 
4845 9.691495 0 
5416 0.025853 1 
5418 0.009747 1 
4847 9.712784 0 
4848 9.686361 0 
5420 0.023724 1 
5421 0.033448 1 
4850 9.735013 0 
5422 0.063985 1 
5423 0.047790 1 
5426 0.019132 1 
5427 0.028197 1 
4854 9.729029 0 
5428 0.030735 1 
5429 0.027041 1 
5430 0.037317 1 
5431 0.051060 1 
5432 0.032019 1 
5433 0.028052 1 
5434 0.029601 1 
4856 9.805936 0 
4857 9.789914 0 
4858 9.773891 0 
4859 9.755194 0 
4860 9.738966 0 
5435 0.030273 1 
5436 0.014001 1 
4861 9.764722 0 
4862 9.748585 0 
4863 9.732411 0 
5437 0.038716 1 
5439 0.017004 1 
5441 0.015563 1 
5442 0.013047 1 
5443 0.021430 1 
5444 0.020790 1 
5445 0.019247 1 
5446 0.030078 1 
4864 9.890826 0 
4865 9.874666 0 
4866 9.852579 0 
5447 0.039702 1 
5449 0.012451 1 
5450 0.046228 1 
5451 0.030038 1 
4870 9.858922 0 
5452 0.033907 1 
5453 0.026702 1 
5454 0.035605 1 
5455 0.019617 1 
5456 0.019615 1 
5457 0.018361 1 
5458 0.011380 1 
5459 0.012808 1 
4872 9.952157 0 
4873 9.935912 0 
4874 9.920700 0 
5460 0.025788 1 
4875 9.946735 0 
4876 9.930619 0 
5461 0.043891 1 
4877 9.917875 0 
4879 9.890117 0 
4881 9.857961 0 
4882 9.841816 0 
4883 9.825820 0 
4884 9.809495 0 
5462 0.068255 1 
5463 0.051746 1 
4885 9.849560 0 
4886 9.833340 0 
4887 9.846892 0 
5465 0.083963 1 
4889 9.823709 0 
4890 9.807929 0 
4891 9.791822 0 
4892 9.776011 0 
5466 0.093121 1 
5467 0.077588 1 
5468 0.061301 1 
5469 0.053285 1 
5470 0.043784 1 
5471 0.027914 1 
5472 0.011788 1 
5473 0.023408 1 
5474 0.035642 1 
4894 9.843255 0 
4896 9.808189 0 
5476 0.029295 1 
5478 0.018928 1 
5479 0.033536 1 
5480 0.037279 1 
5481 0.021044 1 
4897 9.906598 0 
4898 9.890209 0 
5482 0.045001 1 
5483 0.026332 1 
4900 9.885530 0 
4901 9.869805 0 
4902 9.853815 0 
5484 0.024695 1 
4904 9.860873 0 
4905 9.844708 0 
4906 9.824045 0 
5486 0.022601 1 
5487 0.017158 1 
5488 0.010606 1 
4907 9.862783 0 
4908 9.846639 0 
4909 9.830456 0 
5489 0.029751 1 
5491 0.023019 1 
4910 9.866730 0 
4911 9.851451 0 
4912 9.838811 0 
4913 9.823061 0 
4914 9.807153 0 
4915 9.791085 0 
5493 0.033747 1 
5494 0.017351 1 
5495 0.026157 1 
4917 9.836920 0 
4918 9.821195 0 
4919 9.805033 0 
5498 0.280993 1 
5499 0.264881 1 
5501 0.232012 1 
5502 0.215793 1 
5503 0.199603 1 
5504 0.183390 1 
5505 0.167217 1 
5506 0.150995 1 
5507 0.224382 1 
5508 0.208288 1 
5509 0.204346 1 
5510 0.186340 1 
5511 0.170299 1 
5512 0.154039 1 
5513 0.152302 1 
5514 0.135908 1 
5515 0.119886 1 
4924 10.142518 0 
5516 0.137747 1 
5517 0.121557 1 
5518 0.105055 1 
5520 0.071262 1 
4925 10.161084 0 
4926 10.144887 0 
5521 0.083893 1 
5522 0.067437 1 
5523 0.050877 1 
5524 0.034411 1 
5525 0.068103 1 
5526 0.074692 1 
5528 0.042909 1 
5529 0.026851 1 
5530 0.037460 1 
4928 10.262542 0 
4929 10.261957 0 
4931 10.229554 0 
5531 0.125550 1 
5532 0.109523 1 
5533 0.093264 1 
5534 0.077030 1 
5535 0.073540 1 
5536 0.078176 1 
5537 0.061741 1 
4935 10.230414 0 
5538 0.061506 1 
5539 0.045195 1 
4936 10.254396 0 
4937 10.236125 0 
5541 0.054609 1 
4938 10.241640 0 
4939 10.225317 0 
4940 10.220293 0 
4941 10.204135 0 
5542 0.055752 1 
5543 0.034667 1 
4942 10.225015 0 
4944 10.189833 0 
5544 0.072961 1 
5545 0.056811 1 
5546 0.040747 1 
5547 0.036458 1 
5549 0.036790 1 
5550 0.044705 1 
5551 0.038023 1 
5552 0.034023 1 
4950 10.215914 0 
4952 10.183645 0 
5554 0.034696 1 
5555 0.018610 1 
5556 0.031069 1 
5557 0.014852 1 
4953 10.202842 0 
4954 10.186946 0 
5559 0.031582 1 
5560 0.042231 1 
5561 0.026320 1 
5562 0.035744 1 
5563 0.019640 1 
5564 0.029828 1 
4955 10.329256 0 
4957 10.324256 0 
4958 10.308573 0 
4959 10.292163 0 
4960 10.275993 0 
4962 10.243942 0 
4963 10.227609 0 
4964 10.211365 0 
5566 0.065658 1 
5567 0.066230 1 
5568 0.089939 1 
5569 0.099955 1 
5570 0.095250 1 
5571 0.078983 1 
5572 0.068385 1 
5573 0.045659 1 
5574 0.029157 1 
5576 0.027097 1 
5577 0.025767 1 
5578 0.032356 1 
5579 0.016137 1 
5580 0.032325 1 
5581 0.032727 1 
4966 10.409392 0 
4967 10.393183 0 
4969 10.372494 0 
4970 10.356376 0 
4971 10.340080 0 
5582 0.058020 1 
5583 0.072659 1 
5584 0.051880 1 
5585 0.035368 1 
5586 0.016093 1 
5587 0.017860 1 
5588 0.017447 1 
4972 10.435114 0 
4973 10.419051 0 
4974 10.400676 0 
5589 0.043188 1 
5590 0.026874 1 
5591 0.033691 1 
5592 0.017089 1 
5593 0.043019 1 
5594 0.027273 1 
5595 0.034058 1 
5596 0.017546 1 
4976 10.479903 0 
4980 10.415583 0 
4981 10.399143 0 
4982 10.408408 0 
4983 10.392527 0 
4984 10.376670 0 
5597 0.051811 1 
5598 0.035475 1 
5599 0.019499 1 
4985 10.393395 0 
4986 10.377686 0 
4987 10.361192 0 
5600 0.050455 1 
5601 0.034385 1 
5603 0.036589 1 
5604 0.068847 1 
5605 0.076065 1 
5606 0.057171 1 
5607 0.056280 1 
5608 0.039731 1 
5609 0.035739 1 
5610 0.028449 1 
5612 0.028281 1 
5613 0.017577 1 
5614 0.013629 1 
5615 0.018308 1 
4988 10.598878 0 
4989 10.582716 0 
4990 10.565218 0 
4991 10.550427 0 
4992 10.533232 0 
4993 10.517034 0 
4994 10.501206 0 
4995 10.506535 0 
4996 10.484885 0 
4997 10.465974 0 
5617 0.024723 1 
4998 10.489304 0 
4999 10.473150 0 
5000 10.455346 0 
5003 10.487687 0 
5004 10.469991 0 
5006 10.438489 0 
5007 10.443977 0 
5008 10.427903 0 
5009 10.412030 0 
5010 10.395742 0 
5011 10.399304 0 
5012 10.382596 0 
5013 10.368284 0 
5015 10.349073 0 
5016 10.332743 0 
5017 10.316508 0 
5018 10.300395 0 
5020 10.267691 0 
5022 10.235307 0 
5023 10.220373 0 
5619 0.184470 1 
5215 7.015485 0 
5622 0.238387 1 
5625 0.183196 1 
5626 0.160722 1 
5216 7.103330 0 
5217 7.087354 0 
5219 7.052871 0 
5221 7.020029 0 
5627 0.177834 1 
5628 0.161940 1 
5629 0.145613 1 
5630 0.129418 1 
5631 0.113285 1 
5632 0.091451 1 
5633 0.075450 1 
5634 0.084187 1 
5635 0.059812 1 
5636 0.043325 1 
5638 0.048397 1 
5640 0.079719 1 
5641 0.096289 1 
5642 0.080614 1 
5643 0.116229 1 
5644 0.099958 1 
5645 0.083662 1 
5646 0.067333 1 
5648 0.056664 1 
5649 0.036582 1 
5650 0.033860 1 
5651 0.050718 1 
5652 0.034934 1 
5653 0.029252 1 
5224 7.278824 0 
5227 7.230695 0 
5228 7.207266 0 
5229 7.219698 0 
5230 7.203940 0 
5231 7.187865 0 
5232 7.171614 0 
5233 7.155456 0 
5234 7.139088 0 
5235 7.140991 0 
5236 7.116814 0 
5237 7.099903 0 
5238 7.084192 0 
5654 0.096175 1 
5655 0.079929 1 
5656 0.059229 1 
5240 7.096255 0 
5242 7.063898 0 
5243 7.047426 0 
5244 7.031381 0 
5247 6.979599 0 
5248 6.963306 0 
5250 6.930518 0 
5657 0.061028 1 
5658 0.038020 1 
5659 0.042496 1 
5660 0.066283 1 
5661 0.050225 1 
5662 0.051760 1 
5251 7.013086 0 
5252 6.997038 0 
5253 6.980356 0 
5254 6.963926 0 
5255 6.947663 0 
5256 6.931283 0 
5664 0.089200 1 
5665 0.073210 1 
5258 6.966463 0 
5260 6.928159 0 
5261 6.912360 0 
5262 6.895901 0 
5263 6.879422 0 
5264 6.863281 0 
5666 0.080027 1 
5667 0.061747 1 
5668 0.044970 1 
5669 0.032662 1 
5670 0.016706 1 
5671 0.023607 1 
5672 0.045346 1 
5673 0.029548 1 
5675 0.054940 1 
5677 0.030000 1 
5678 0.036852 1 
5266 7.011062 0 
5267 6.994588 0 
5268 6.978297 0 
5679 0.041566 1 
5269 7.014659 0 
5270 6.998682 0 
5680 0.079586 1 
5681 0.063468 1 
5682 0.057330 1 
5683 0.041262 1 
5271 7.004579 0 
5272 6.988841 0 
5273 6.972727 0 
5275 6.963643 0 
5685 0.041850 1 
5686 0.025782 1 
5687 0.054044 1 
5688 0.038050 1 
5690 0.017113 1 
5692 0.038606 1 
5693 0.048918 1 
5694 0.032271 1 
5696 0.018543 1 
5697 0.013262 1 
5698 0.056011 1 
5700 0.044881 1 
5701 0.028972 1 
5277 7.193959 0 
5702 0.021788 1 
5703 0.030875 1 
5704 0.026407 1 
5279 7.200567 0 
5280 7.184933 0 
5281 7.168707 0 
5282 7.152969 0 
5283 7.137284 0 
5284 7.118539 0 
5285 7.102561 0 
5287 7.070590 0 
5288 7.050967 0 
5289 7.034662 0 
5290 7.018184 0 
5705 0.022907 1 
5706 0.014181 1 
5707 0.019315 1 
5708 0.012582 1 
5709 0.023927 1 
5292 7.070721 0 
5294 7.031291 0 
5295 7.015244 0 
5296 6.999547 0 
5298 6.967268 0 
5299 6.951424 0 
5300 6.935051 0 
5302 6.902681 0 
5303 6.886251 0 
5304 6.870337 0 
5305 6.854019 0 
5710 0.026606 1 
5711 0.018650 1 
5712 0.016630 1 
5306 6.871718 0 
5307 6.855216 0 
5308 6.834943 0 
5309 6.818938 0 
5310 6.802431 0 
5713 0.018919 1 
5311 6.810546 0 
5312 6.794529 0 
5313 6.778340 0 
5314 6.761907 0 
5315 6.745929 0 
5316 6.729833 0 
5317 6.713584 0 
5318 6.697432 0 
5319 6.679862 0 
5321 6.647551 0 
5322 6.631360 0 
5323 6.615041 0 
5324 6.595349 0 
5714 0.038557 1 
5325 6.614676 0 
5326 6.598211 0 
5327 6.581696 0 
5329 6.549316 0 
5330 6.533378 0 
5331 6.515470 0 
5715 0.031705 1 
5716 0.026956 1 
5717 0.016592 1 
5719 0.013821 1 
5337 6.486673 0 
5720 0.025203 1 
5338 6.510206 0 
5339 6.493951 0 
5340 6.475105 0 
5342 6.442555 0 
5343 6.426470 0 
5344 6.410304 0 
5345 6.387510 0 
5346 6.371464 0 
5347 6.354806 0 
5348 6.338549 0 
5350 6.302444 0 
5351 6.286198 0 
5721 0.040018 1 
5722 0.023757 1 
5352 6.270588 0 
5723 0.045272 1 
5724 0.028738 1 
5355 6.274706 0 
5356 6.258409 0 
5357 6.241947 0 
5358 6.225942 0 
5360 6.193000 0 
5362 6.160286 0 
5363 6.143984 0 
5364 6.128156 0 
5368 6.063377 0 
5371 6.013644 0 
5725 0.042057 1 
5372 6.032370 0 
5373 6.016537 0 
5374 6.000069 0 
5375 5.984063 0 
5377 5.951623 0 
5378 5.935313 0 
5379 5.919303 0 
5380 5.902108 0 
5381 5.886390 0 
5382 5.870318 0 
5383 5.854209 0 
5384 5.836922 0 
5385 5.817331 0 
5386 5.801111 0 
5387 5.784797 0 
5388 5.768315 0 
5389 5.752011 0 
5390 5.736302 0 
5391 5.719748 0 
5392 5.703424 0 
5727 0.056222 1 
5728 0.040106 1 
5729 0.023946 1 
5730 0.026779 1 
5731 0.038665 1 
5732 0.038250 1 
5733 0.022112 1 
5734 0.028911 1 
5735 0.012360 1 
5736 0.014174 1 
5737 0.014228 1 
5738 0.017199 1 
5740 0.029640 1 
5741 0.037419 1 
5742 0.021573 1 
5743 0.043288 1 
5744 0.020864 1 
5745 0.013285 1 
5746 0.018825 1 
5394 5.990438 0 
5395 5.973957 0 
5396 5.957368 0 
5397 5.940885 0 
5398 5.924371 0 
5399 5.908183 0 
5400 5.892114 0 
5401 5.876100 0 
5402 5.859892 0 
5404 5.827467 0 
5405 5.811015 0 
5407 5.780340 0 
5408 5.764312 0 
5409 5.748377 0 
5748 0.007923 1 
5749 0.023606 1 
5750 0.014769 1 
5751 0.017721 1 
5753 0.015710 1 
5754 0.020748 1 
5755 0.011480 1 
5756 0.027930 1 
5758 0.023692 1 
5759 0.020957 1 
5760 0.018720 1 
5761 0.030539 1 
5762 0.021822 1 
5763 0.015188 1 
5765 0.014311 1 
5766 0.014278 1 
5767 0.020013 1 
5768 0.015317 1 
5769 0.031225 1 
5770 0.021839 1 
5771 0.016054 1 
5772 0.010904 1 
5773 0.019431 1 
5775 0.021334 1 
5776 0.010779 1 
5777 0.022227 1 
5778 0.014912 1 
5779 0.009305 1 
5780 0.020659 1 
5781 0.011471 1 
5782 0.028428 1 
5783 0.020596 1 
5784 0.017200 1 
5785 0.014676 1 
5786 0.019678 1 
5787 0.017363 1 
5788 0.009392 1 
5789 0.017893 1 
5790 0.015776 1 
5791 0.021463 1 
5792 0.012113 1 
5793 0.010737 1 
5794 0.015374 1 
5795 0.020835 1 
5796 0.038699 1 
5797 0.022266 1 
5798 0.031265 1 
5799 0.041525 1 
5800 0.054345 1 
5802 0.021074 1 
5803 0.019502 1 
5804 0.020472 1 
5805 0.019392 1 
5806 0.028768 1 
5807 0.026153 1 
5808 0.024721 1 
5809 0.021927 1 
5811 0.025428 1 
5812 0.009124 1 
5813 0.014553 1 
5814 0.024629 1 
5816 0.013777 1 
5818 0.016061 1 
5819 0.074774 1 
5820 0.084890 1 
5821 0.068463 1 
5824 0.024805 1 
5825 0.034677 1 
5826 0.049890 1 
5827 0.048757 1 
5828 0.039221 1 
5829 0.047604 1 
5830 0.034593 1 
5831 0.036332 1 
5832 0.028366 1 
5833 0.039397 1 
5834 0.026204 1 
5835 0.022883 1 
5837 0.024422 1 
5839 0.046829 1 
5840 0.030722 1 
5841 0.040293 1 
5842 0.024198 1 
5843 0.023734 1 
5844 0.026042 1 
5845 0.018986 1 
5847 0.028555 1 
5848 0.078998 1 
5849 0.062955 1 
5850 0.079964 1 
5851 0.061197 1 
5852 0.044711 1 
5853 0.050757 1 
5854 0.027366 1 
5855 0.017557 1 
5856 0.033162 1 
5857 0.047258 1 
5858 0.031071 1 
5859 0.037527 1 
5860 0.033776 1 
5861 0.047668 1 
5863 0.036610 1 
5864 0.027411 1 
5865 0.023660 1 
5866 0.036551 1 
5867 0.034437 1 
5868 0.031539 1 
5869 0.015026 1 
5870 0.025852 1 
5871 0.022755 1 
5872 0.184162 1 
5877 0.235501 1 
5885 0.297562 1 
5886 0.281633 1 
5887 0.265380 1 
5889 0.232913 1 
5891 0.200486 1 
5892 0.184210 1 
5893 0.164000 1 
5895 0.131541 1 
5896 0.134298 1 
5897 0.118304 1 
5899 0.081917 1 
5900 0.088816 1 
5901 0.072019 1 
5902 0.055546 1 
5903 0.137504 1 
5904 0.120725 1 
5905 0.130898 1 
5906 0.114275 1 
5907 0.098326 1 
5908 0.082142 1 
5909 0.065771 1 
5910 0.049762 1 
5911 0.048631 1 
5912 0.032441 1 
5913 0.027712 1 
5914 0.044734 1 
5915 0.033900 1 
5916 0.041007 1 
5918 0.013328 1 
5919 0.019112 1 
5920 0.041476 1 
5921 0.033345 1 
5922 0.027883 1 
5923 0.037865 1 
5924 0.021780 1 
5926 0.018137 1 
5927 0.024256 1 
5928 0.023864 1 
5929 0.012978 1 
5930 0.023779 1 
5931 0.016666 1 
5932 0.023309 1 
5933 0.031624 1 
5934 0.035609 1 
5935 0.025303 1 
5936 0.023614 1 
5937 0.029206 1 
5939 0.015089 1 
5940 0.052825 1 
5941 0.035003 1 
5942 0.037992 1 
5943 0.033088 1 
5944 0.015625 1 
5945 0.035084 1 
5947 0.024411 1 
5948 0.015553 1 
5949 0.021848 1 
5950 0.020799 1 
5952 0.017059 1 
5953 0.028096 1 
5954 0.023208 1 
5955 0.024805 1 
5957 0.014771 1 
5958 0.027982 1 
5959 0.040429 1 
5960 0.039130 1 
5961 0.023149 1 
5962 0.031524 1 
5964 0.013342 1 
5965 0.046830 1 
5966 0.045202 1 
5967 0.029292 1 
5968 0.050276 1 
5969 0.033755 1 
5970 0.028453 1 
5971 0.030410 1 
5972 0.013970 1 
5974 0.031292 1 
5975 0.048149 1 
5976 0.032000 1 
5977 0.015700 1 
5978 0.026541 1 
5979 0.025012 1 
5980 0.022470 1 
5981 0.028759 1 
5982 0.024479 1 
5983 0.021751 1 
5984 0.021542 1 
5985 0.024139 1 
5986 0.017996 1 
5987 0.020059 1 
5988 0.015199 1 
5989 0.015642 1 
5990 0.026240 1 
5991 0.026333 1 
5992 0.034105 1 
5993 0.040580 1 
5994 0.031611 1 
5995 0.047658 1 
5996 0.028995 1 
5997 0.011719 1 
5998 0.017825 1 
5999 0.019679 1 
6001 0.015211 1 
6002 0.037097 1 
6003 0.023528 1 
6004 0.025178 1 
6005 0.027687 1 
6006 0.017625 1 
6007 0.018845 1 
6008 0.009600 1 
6010 0.022411 1 
6011 0.019956 1 
6012 0.021681 1 
6013 0.018335 1 
6015 0.013533 1 
6017 0.026815 1 
6018 0.036972 1 
6019 0.055034 1 
6020 0.038319 1 
6023 0.010238 1 
6024 0.023593 1 
6025 0.027047 1 
6026 0.065451 1 
6027 0.049350 1 
6028 0.075176 1 
6029 0.059250 1 
6030 0.052717 1 
6031 0.036663 1 
6032 0.037907 1 
6033 0.021823 1 
6034 0.048216 1 
6036 0.029053 1 
6038 0.024192 1 
6039 0.012968 1 
6040 0.010235 1 
6041 0.012789 1 
6042 0.051927 1 
6043 0.035610 1 
6044 0.018917 1 
6046 0.023156 1 
6047 0.013927 1 
6048 0.017229 1 
6049 0.010875 1 
6050 0.024266 1 
6051 0.014926 1 
6052 0.016408 1 
6053 0.025714 1 
6054 0.021350 1 
6055 0.031637 1 
6056 0.028572 1 
6057 0.018043 1 
6058 0.025831 1 
6059 0.022347 1 
6060 0.022263 1 
6062 0.050432 1 
6063 0.055087 1 
6064 0.039032 1 
6065 0.023240 1 
6066 0.031127 1 
6067 0.014930 1 
6068 0.027759 1 
6069 0.021817 1 
6070 0.024909 1 
6071 0.020268 1 
6073 0.020506 1 
6075 0.013708 1 
6076 0.011963 1 
6077 0.026108 1 
6078 0.021412 1 
6079 0.016044 1 
6080 0.028630 1 
6081 0.027985 1 
6083 0.020983 1 
6084 0.022541 1 
6085 0.064246 1 
6086 0.048044 1 
6088 0.030435 1 
6090 0.019818 1 
6091 0.012102 1 
6092 0.031301 1 
6094 0.044754 1 
6095 0.028696 1 
6096 0.019748 1 
6098 0.015407 1 
6099 0.022882 1 
6100 0.015161 1 
6101 0.019207 1 
6102 0.009990 1 
6103 0.016970 1 
6104 0.015887 1 
6105 0.015135 1 
6106 0.014907 1 
6107 0.016232 1 
6108 0.011585 1 
6109 0.014936 1 
6110 0.010994 1 
6111 0.023146 1 
6112 0.030715 1 
6113 0.022873 1 
6114 0.025215 1 
6115 0.020453 1 
6117 0.026054 1 
6118 0.016474 1 
6119 0.014462 1 
6120 0.012961 1 
6121 0.015630 1 
6122 0.029558 1 
6123 0.019113 1 
6125 0.014687 1 
6126 0.027045 1 
6127 0.029718 1 
6128 0.013779 1 
6129 0.025087 1 
6130 0.023495 1 
6131 0.037481 1 
6132 0.021277 1 
6133 0.023101 1 
6134 0.014276 1 
6135 0.017898 1 
6136 0.017802 1 
6138 0.024213 1 
6139 0.032112 1 
6140 0.034300 1 
6141 0.026842 1 
6142 0.039940 1 
6143 0.076190 1 
6144 0.059797 1 
6146 0.043193 1 
6147 0.026322 1 
6148 0.038858 1 
6149 0.024137 1 
6151 0.021498 1 
6152 0.030537 1 
6153 0.027462 1 
6154 0.018829 1 
6156 0.030640 1 
6157 0.022929 1 
6158 0.015605 1 
6159 0.013466 1 
6160 0.031582 1 
6161 0.035542 1 
6163 0.035199 1 
6164 0.027987 1 
6165 0.030227 1 
6166 0.013439 1 
6167 0.019328 1 
6168 0.018116 1 
6169 0.032300 1 
6170 0.037403 1 
6171 0.022603 1 
6173 0.026820 1 
6174 0.020783 1 
6175 0.027786 1 
6176 0.012752 1 
6177 0.020752 1 
6178 0.029092 1 
6179 0.034192 1 
6180 0.016109 1 
6181 0.012462 1 
6182 0.017755 1 
6183 0.013420 1 
6184 0.012637 1 
6185 0.021061 1 
6186 0.012774 1 
6187 0.018543 1 
6188 0.019423 1 
6189 0.034113 1 
6190 0.040134 1 
6191 0.026869 1 
6192 0.014462 1 
6193 0.020132 1 
6194 0.012775 1 
6195 0.018210 1 
6196 0.019250 1 
6197 0.019596 1 
6198 0.020573 1 
6200 0.015413 1 
6201 0.025110 1 
6202 0.040225 1 
6203 0.023770 1 
6204 0.014356 1 
6205 0.009227 1 
6206 0.010224 1 
6207 0.013572 1 
6209 0.022457 1 
6210 0.021666 1 
6211 0.013690 1 
6212 0.016289 1 
6214 0.010571 1 
6216 0.022310 1 
6217 0.030220 1 
6218 0.043116 1 
6219 0.026999 1 
6222 0.020465 1 
6223 0.026046 1 
6224 0.016688 1 
6225 0.041915 1 
6226 0.036343 1 
6227 0.029980 1 
6228 0.016313 1 
6229 0.012178 1 
6230 0.017431 1 
6231 0.012674 1 
6232 0.010824 1 
6233 0.007036 1 
6235 0.017109 1 
6237 0.029499 1 
6238 0.051001 1 
6239 0.035137 1 
6240 0.018955 1 
6241 0.029363 1 
6242 0.012448 1 
6243 0.011388 1 
6245 0.030532 1 
6246 0.024102 1 
6247 0.016601 1 
6248 0.014144 1 
6249 0.019084 1 
6250 0.033593 1 
6251 0.016997 1 
6252 0.027424 1 
6253 0.026704 1 
6254 0.015009 1 
6255 0.021914 1 
6256 0.015007 1 
6257 0.018162 1 
6258 0.017550 1 
6259 0.009539 1 
6261 0.018191 1 
6262 0.034782 1 
6263 0.033676 1 
6264 0.024146 1 
6265 0.016567 1 
6266 0.019824 1 
6267 0.016785 1 
6268 0.014240 1 
6269 0.010965 1 
6270 0.024500 1 
6272 0.022960 1 
6274 0.019100 1 
6275 0.023922 1 
6276 0.013731 1 
6277 0.020194 1 
6278 0.031518 1 
6279 0.040267 1 
6280 0.044878 1 
6282 0.038368 1 
6283 0.022388 1 
6284 0.036133 1 
6285 0.020079 1 
6287 0.034927 1 
6289 0.027975 1 
6290 0.022680 1 
6291 0.015793 1 
6293 0.030556 1 
6294 0.020849 1 
6295 0.035064 1 
6297 0.016851 1 
6298 0.030784 1 
6299 0.030332 1 
6300 0.037724 1 
6301 0.021713 1 
6302 0.030349 1 
6303 0.035044 1 
6304 0.018798 1 
6305 0.039119 1 
6306 0.022934 1 
6307 0.044273 1 
6308 0.031174 1 
6309 0.032914 1 
6310 0.027379 1 
6311 0.029852 1 
6312 0.037920 1 
6313 0.032686 1 
6314 0.014737 1 
6316 0.029751 1 
6317 0.034195 1 
6318 0.024526 1 
6319 0.021353 1 
6320 0.020452 1 
6321 0.022976 1 
6322 0.030075 1 
6324 0.034849 1 
6325 0.018641 1 
6326 0.024829 1 
6327 0.018255 1 
6328 0.030230 1 
6329 0.046574 1 
6330 0.027937 1 
6331 0.040398 1 
6332 0.023889 1 
6333 0.038480 1 
6334 0.019697 1 
6335 0.023077 1 
6337 0.020439 1 
6338 0.025777 1 
6339 0.023088 1 
6340 0.021843 1 
6341 0.021415 1 
6342 0.026995 1 
6343 0.022794 1 
6345 0.032701 1 
6346 0.023381 1 
6347 0.026898 1 
6348 0.030923 1 
6350 0.022637 1 
6351 0.072594 1 
6352 0.056742 1 
6353 0.039940 1 
6355 0.045096 1 
6356 0.066588 1 
6357 0.050537 1 
6358 0.034377 1 
6359 0.025402 1 
6360 0.022458 1 
6362 0.033120 1 
6363 0.030706 1 
6364 0.037323 1 
6365 0.021202 1 
6366 0.016142 1 
6367 0.022125 1 
6368 0.024564 1 
6369 0.036669 1 
6372 0.318152 1 
6373 0.302208 1 
6374 0.285848 1 
6375 0.269702 1 
6376 0.253626 1 
6377 0.237439 1 
6378 0.221002 1 
6379 0.205212 1 
6380 0.189028 1 
6381 0.172539 1 
6382 0.154573 1 
6383 0.138348 1 
6384 0.122395 1 
6387 0.069528 1 
6388 0.360711 1 
6389 0.344764 1 
6390 0.328803 1 
6391 0.312429 1 
6392 0.296418 1 
6393 0.280204 1 
6394 0.263868 1 
6395 0.247694 1 
6396 0.231665 1 
6397 0.215027 1 
6399 0.190691 1 
6400 0.174216 1 
6401 0.451853 1 
6402 0.517930 1 
6403 0.500877 1 
6404 0.484541 1 
6405 0.468464 1 
6406 0.476608 1 
6408 0.519026 1 
6409 0.503836 1 
6410 0.487668 1 
6411 0.471543 1 
6413 0.439307 1 
6415 0.404232 1 
6421 0.338536 1 
6422 0.316296 1 
6423 0.299990 1 
6424 0.283658 1 
6425 0.267534 1 
6426 0.250998 1 
6432 0.163852 1 
6434 0.131550 1 
6436 0.095911 1 
6438 0.063973 1 
6439 0.077813 1 
6440 0.061788 1 
6441 0.044789 1 
6442 0.028860 1 
6444 0.047336 1 
6445 0.113131 1 
6446 0.097481 1 
6447 0.101924 1 
6448 0.085227 1 
6449 0.069022 1 
6450 0.049244 1 
6451 0.054338 1 
6452 0.038153 1 
6453 0.032539 1 
6454 0.016172 1 
6455 0.047433 1 
6456 0.031258 1 
6457 0.052189 1 
6458 0.035823 1 
6460 0.040479 1 
6461 0.038213 1 
6462 0.021968 1 
6463 0.033616 1 
6464 0.017336 1 
6465 0.039361 1 
6466 0.023258 1 
6467 0.037561 1 
6468 0.026297 1 
6469 0.029348 1 
6471 0.038161 1 
6473 0.035276 1 
6474 0.049201 1 
6475 0.032695 1 
6476 0.028068 1 
6477 0.030256 1 
6478 0.032720 1 
6479 0.016491 1 
6481 0.020979 1 
6482 0.022363 1 
6483 0.019582 1 
6484 0.024478 1 
6486 0.214414 1 
6489 0.241639 1 
6490 0.225026 1 
6492 0.192550 1 
6493 0.184407 1 
6494 0.187799 1 
6496 0.155447 1 
6497 0.139210 1 
6498 0.117492 1 
6499 0.101255 1 
6500 0.084970 1 
6501 0.071927 1 
6502 0.108509 1 
6503 0.092189 1 
6504 0.075735 1 
6505 0.059613 1 
6506 0.043482 1 
6507 0.027201 1 
6508 0.047210 1 
6509 0.031128 1 
6510 0.027702 1 
6511 0.052742 1 
6512 0.039227 1 
6513 0.022803 1 
6515 0.029377 1 
6516 0.030697 1 
6517 0.023533 1 
6518 0.012953 1 
6519 0.023438 1 
6520 0.027106 1 
6521 0.022188 1 
6523 0.021344 1 
6524 0.034790 1 
6525 0.031930 1 
6526 0.070728 1 
6527 0.053341 1 
6528 0.037209 1 
6529 0.050072 1 
6530 0.034288 1 
6531 0.031102 1 
6532 0.033101 1 
6533 0.031101 1 
6534 0.014595 1 
6536 0.033884 1 
6537 0.026830 1 
6538 0.026153 1 
6539 0.028574 1 
6540 0.020807 1 
6541 0.018991 1 
6542 0.023580 1 
6544 0.015353 1 
6545 0.023813 1 
6546 0.025299 1 
6547 0.024318 1 
6549 0.022542 1 
6550 0.071232 1 
6551 0.055059 1 
6552 0.038430 1 
6554 0.031163 1 
6555 0.017132 1 
6556 0.013752 1 
6557 0.022720 1 
6558 0.008517 1 
6559 0.018326 1 
6561 0.046674 1 
6562 0.030485 1 
6563 0.032314 1 
6564 0.026083 1 
6565 0.022133 1 
6566 0.029192 1 
6567 0.033229 1 
6568 0.043624 1 
6569 0.027585 1 
6571 0.016150 1 
6572 0.016053 1 
6573 0.018724 1 
6574 0.021022 1 
6575 0.024882 1 
6576 0.032080 1 
6577 0.028700 1 
6578 0.022516 1 
6579 0.035418 1 
6580 0.019268 1 
6581 0.027345 1 
6582 0.011244 1 
6583 0.017991 1 
6584 0.019822 1 
6585 0.022295 1 
6586 0.021824 1 
6587 0.031828 1 
6588 0.028182 1 
6589 0.027982 1 
6590 0.028113 1 
6591 0.026444 1 
6592 0.035908 1 
6593 0.028726 1 
6594 0.024464 1 
6595 0.030156 1 
6596 0.017295 1 
6598 0.020624 1 
6599 0.018278 1 
6600 0.015290 1 
6601 0.020331 1 
6602 0.014056 1 
6603 0.026553 1 
6604 0.031291 1 
6605 0.025263 1 
6607 0.042949 1 
6608 0.026350 1 
6609 0.017969 1 
6610 0.018241 1 
6612 0.030699 1 
6614 0.024369 1 
6615 0.057328 1 
6616 0.041709 1 
6617 0.025385 1 
6620 0.023079 1 
6621 0.016384 1 
6622 0.040776 1 
6623 0.045752 1 
6624 0.041361 1 
6625 0.025477 1 
6626 0.027507 1 
6627 0.030389 1 
6628 0.042220 1 
6629 0.025898 1 
6630 0.028297 1 
6631 0.014376 1 
6633 0.059834 1 
6635 0.026798 1 
6636 0.022597 1 
6637 0.024826 1 
6638 0.023802 1 
6639 0.015115 1 
6640 0.023176 1 
6641 0.011004 1 
6643 0.026276 1 
6644 0.039507 1 
6645 0.023685 1 
6646 0.012911 1 
6647 0.015815 1 
6648 0.021705 1 
6649 0.026688 1 
6650 0.021201 1 
6651 0.022414 1 
6652 0.020590 1 
6653 0.025085 1 
6654 0.039820 1 
6655 0.047044 1 
6656 0.030575 1 
6657 0.018265 1 
6659 0.032580 1 
6660 0.020128 1 
6661 0.025346 1 
6662 0.035122 1 
6663 0.036168 1 
6664 0.020020 1 
6665 0.017111 1 
6666 0.013011 1 
6667 0.014551 1 
6668 0.021229 1 
6670 0.043386 1 
6672 0.025596 1 
6673 0.033379 1 
6674 0.033779 1 
6675 0.019875 1 
6676 0.055662 1 
6677 0.039574 1 
6678 0.023390 1 
6680 0.029525 1 
6681 0.026120 1 
6682 0.028709 1 
6683 0.026358 1 
6685 0.029708 1 
6687 0.029586 1 
6688 0.013458 1 
6689 0.033296 1 
6691 0.029538 1 
6692 0.026845 1 
6693 0.018658 1 
6695 0.031218 1 
6696 0.023477 1 
6697 0.023075 1 
6698 0.024049 1 
6699 0.023888 1 
6700 0.024682 1 
6701 0.028811 1 
6702 0.015450 1 
6703 0.022554 1 
6704 0.020572 1 
6705 0.017131 1 
6706 0.022331 1 
6707 0.034336 1 
6708 0.018283 1 
6709 0.020926 1 
6710 0.011852 1 
6711 0.028237 1 
6712 0.017233 1 
6714 0.042490 1 
6715 0.026994 1 
6716 0.049119 1 
6717 0.032954 1 
6718 0.030537 1 
6719 0.018002 1 
6720 0.024501 1 
6722 0.015694 1 
6723 0.011680 1 
6724 0.016699 1 
6725 0.035541 1 
6726 0.031797 1 
6727 0.030336 1 
6728 0.032163 1 
6729 0.016312 1 
6730 0.021995 1 
6731 0.030405 1 
6732 0.014246 1 
6733 0.021970 1 
6735 0.025593 1 
6736 0.023061 1 
6737 0.015413 1 
6738 0.021834 1 
6739 0.017624 1 
6740 0.021390 1 
6741 0.032728 1 
6743 0.020175 1 
6744 0.028819 1 
6745 0.035231 1 
6746 0.028366 1 
6748 0.026934 1 
6749 0.039517 1 
6750 0.022364 1 
6751 0.016206 1 
6753 0.026801 1 
6754 0.047577 1 
6755 0.057963 1 
6756 0.041784 1 
6757 0.025440 1 
6758 0.017539 1 
6760 0.025622 1 
6761 0.029913 1 
6762 0.033787 1 
6763 0.018132 1 
6764 0.053022 1 
6765 0.041565 1 
6766 0.024757 1 
6767 0.034679 1 
6768 0.032307 1 
6770 0.040338 1 
6771 0.023926 1 
6772 0.035810 1 
6773 0.048838 1 
6774 0.032692 1 
6775 0.033004 1 
6776 0.016211 1 
6777 0.020052 1 
6778 0.014462 1 
6779 0.020361 1 
6780 0.022217 1 
6781 0.013711 1 
6782 0.020799 1 
6783 0.019564 1 
6784 0.017996 1 
6785 0.010270 1 
6786 0.028010 1 
6787 0.020395 1 
6788 0.023653 1 
6789 0.013029 1 
6790 0.015148 1 
6791 0.019962 1 
6792 0.033334 1 
6793 0.029485 1 
6794 0.024580 1 
6795 0.028341 1 
6797 0.019571 1 
6798 0.016979 1 
6799 0.026716 1 
6800 0.010436 1 
6801 0.015965 1 
6802 0.013879 1 
6803 0.014934 1 
6804 0.018349 1 
6806 0.034700 1 
6807 0.018489 1 
6808 0.008593 1 
6809 0.021420 1 
6811 0.017900 1 
6813 0.026422 1 
6814 0.037574 1 
6815 0.033602 1 
6816 0.022611 1 
6819 0.015907 1 
6820 0.023417 1 
6821 0.028450 1 
6822 0.066094 1 
6823 0.044763 1 
6824 0.028510 1 
6825 0.012384 1 
6826 0.015004 1 
6827 0.016412 1 
6828 0.013400 1 
6829 0.023507 1 
6830 0.021804 1 
6832 0.030099 1 
6834 0.036478 1 
6835 0.028112 1 
6836 0.028566 1 
6837 0.020651 1 
6838 0.012944 1 
6839 0.018234 1 
6840 0.011464 1 
6842 0.018757 1 
6843 0.019451 1 
6844 0.015213 1 
6845 0.014414 1 
6846 0.019035 1 
6847 0.033171 1 
6848 0.017039 1 
6849 0.021610 1 
6850 0.019718 1 
6851 0.022058 1 
6852 0.024904 1 
6853 0.033790 1 
6854 0.017588 1 
6855 0.015942 1 
6856 0.024680 1 
6858 0.032378 1 
6859 0.028551 1 
6860 0.026275 1 
6861 0.032018 1 
6862 0.029535 1 
6863 0.029061 1 
6864 0.019468 1 
6865 0.045401 1 
6866 0.029371 1 
6867 0.024237 1 
6869 0.029359 1 
6871 0.028617 1 
6872 0.021466 1 
6873 0.015792 1 
6874 0.031063 1 
6875 0.017041 1 
6876 0.023816 1 
6877 0.027621 1 
6879 0.031114 1 
6880 0.014858 1 
6881 0.012684 1 
6882 0.022558 1 
6884 0.034665 1 
6886 0.021660 1 
6887 0.020804 1 
6888 0.024328 1 
6890 0.017799 1 
6891 0.014819 1 
6892 0.023605 1 
6894 0.017205 1 
6895 0.012839 1 
6896 0.026562 1 
6897 0.025649 1 
6898 0.026407 1 
6899 0.033461 1 
6900 0.026509 1 
6901 0.013888 1 
6902 0.024638 1 
6903 0.011744 1 
6904 0.037036 1 
6905 0.024202 1 
6906 0.038987 1 
6907 0.021729 1 
6908 0.029426 1 
6909 0.028678 1 
6910 0.028070 1 
6911 0.021336 1 
6913 0.030175 1 
6914 0.014108 1 
6915 0.025161 1 
6916 0.018326 1 
6917 0.014519 1 
6918 0.013662 1 
6919 0.029091 1 
6921 0.018017 1 
6922 0.017844 1 
6923 0.015575 1 
6924 0.021043 1 
6925 0.026987 1 
6926 0.012759 1 
6927 0.021455 1 
6928 0.022086 1 
6929 0.017690 1 
6930 0.011291 1 
6931 0.016440 1 
6932 0.015357 1 
6934 0.026099 1 
6935 0.020731 1 
6936 0.015144 1 
6937 0.031835 1 
6938 0.015739 1 
6939 0.012876 1 
6940 0.013083 1 
6942 0.010693 1 
6943 0.033268 1 
6944 0.025293 1 
6945 0.029142 1 
6947 0.019572 1 
6948 0.019070 1 
6949 0.023627 1 
6950 0.038010 1 
6952 0.020396 1 
6953 0.019799 1 
6954 0.008809 1 
6955 0.017786 1 
6956 0.013414 1 
6957 0.015322 1 
6959 0.017697 1 
6960 0.020589 1 
6961 0.024521 1 
6962 0.017892 1 
6963 0.021042 1 
6964 0.023740 1 
6965 0.022072 1 
6966 0.033769 1 
6967 0.017548 1 
6969 0.009991 1 
6970 0.017897 1 
6971 0.051525 1 
6972 0.048773 1 
6973 0.030158 1 
6974 0.025306 1 
6975 0.016410 1 
6976 0.013997 1 
6977 0.023294 1 
6978 0.023574 1 
6979 0.012796 1 
6980 0.019415 1 
6981 0.021959 1 
6982 0.023378 1 
6983 0.014879 1 
6984 0.013593 1 
6985 0.013916 1 
6986 0.015901 1 
6987 0.017963 1 
6988 0.013376 1 
6989 0.037289 1 
6990 0.021224 1 
6991 0.029904 1 
6992 0.013984 1 
6993 0.018006 1 
6994 0.015990 1 
6996 0.022476 1 
6997 0.022213 1 
6998 0.022454 1 
6999 0.017150 1 
7000 0.013253 1 
7001 0.011915 1 
7002 0.023666 1 
7003 0.013083 1 
7005 0.017110 1 
7006 0.043608 1 
7007 0.027455 1 
7008 0.025173 1 
7010 0.012308 1 
7012 0.025183 1 
7013 0.028771 1 
7014 0.086586 1 
7015 0.070346 1 
7018 0.030097 1 
7019 0.045228 1 
7020 0.029086 1 
7021 0.035190 1 
7022 0.018987 1 
7023 0.021733 1 
7024 0.023526 1 
7025 0.027087 1 
7026 0.017857 1 
7027 0.025681 1 
7028 0.022838 1 
7029 0.018598 1 
7031 0.015248 1 
7033 0.039690 1 
7034 0.030880 1 
7035 0.014542 1 
7036 0.025232 1 
7037 0.016489 1 
7038 0.019552 1 
7039 0.022254 1 
7041 0.014041 1 
7042 0.031907 1 
7043 0.029262 1 
7044 0.029156 1 
7045 0.018921 1 
7046 0.029625 1 
7047 0.022370 1 
7048 0.021940 1 
7049 0.022300 1 
7050 0.023902 1 
7051 0.031477 1 
7052 0.015354 1 
7053 0.017874 1 
7054 0.031994 1 
7055 0.030544 1 
7057 0.029763 1 
7058 0.027747 1 
7059 0.042512 1 
7060 0.024291 1 
7061 0.017597 1 
7062 0.031683 1 
7063 0.023285 1 
7064 0.019558 1 
7065 0.012016 1 
7066 0.008238 1 
7068 0.052574 1 
7070 0.015357 1 
7071 0.028645 1 
7072 0.032846 1 
7073 0.016642 1 
7074 0.027847 1 
7075 0.023950 1 
7076 0.011217 1 
7078 0.024666 1 
7079 0.035008 1 
7080 0.023590 1 
7081 0.019412 1 
7083 0.029170 1 
7085 0.021515 1 
7086 0.025071 1 
7087 0.016134 1 
7089 0.024594 1 
7090 0.020708 1 
7091 0.020008 1 
7093 0.015556 1 
7094 0.010321 1 
7095 0.016237 1 
7096 0.014798 1 
7097 0.018514 1 
7098 0.027477 1 
7099 0.029268 1 
7100 0.022452 1 
7101 0.024788 1 
7102 0.015127 1 
7103 0.027284 1 
7104 0.011186 1 
7105 0.036115 1 
7106 0.027664 1 
7107 0.011017 1 
7108 0.027156 1 
7109 0.022324 1 
7110 0.017969 1 
7112 0.011415 1 
7113 0.014191 1 
7114 0.034766 1 
7115 0.018860 1 
7116 0.039140 1 
7117 0.028006 1 
7118 0.011695 1 
7120 0.022089 1 
7121 0.023947 1 
7122 0.020973 1 
7123 0.021988 1 
7124 0.015366 1 
7125 0.020843 1 
7126 0.034147 1 
7127 0.017911 1 
7128 0.035940 1 
7129 0.023431 1 
7130 0.026504 1 
7131 0.021923 1 
7133 0.024592 1 
7134 0.021789 1 
7135 0.033722 1 
7136 0.014867 1 
7137 0.021585 1 
7138 0.013408 1 
7139 0.023710 1 
7141 0.013658 1 
7142 0.024160 1 
7143 0.024267 1 
7144 0.030536 1 
7146 0.020217 1 
7147 0.020494 1 
7148 0.018045 1 
7149 0.023885 1 
7151 0.020562 1 
7152 0.028217 1 
7153 0.017896 1 
7154 0.013908 1 
7155 0.011978 1 
7156 0.012991 1 
7158 0.009054 1 
7159 0.015896 1 
7160 0.029117 1 
7161 0.022888 1 
7162 0.023114 1 
7163 0.024233 1 
7164 0.022425 1 
7165 0.024237 1 
7166 0.022184 1 
7168 0.019751 1 
7169 0.016224 1 
7170 0.021348 1 
7171 0.014532 1 
7172 0.013435 1 
7173 0.018218 1 
7174 0.023989 1 
7175 0.016630 1 
7176 0.017529 1 
7177 0.016895 1 
7178 0.044650 1 
7179 0.028294 1 
7180 0.025010 1 
7181 0.016109 1 
7182 0.027184 1 
7183 0.019185 1 
7184 0.036097 1 
7185 0.033551 1 
7186 0.025944 1 
7187 0.025584 1 
7188 0.023743 1 
7189 0.030096 1 
7190 0.029103 1 
7191 0.023385 1 
7192 0.035785 1 
7193 0.020013 1 
7195 0.024843 1 
7196 0.030459 1 
7197 0.035766 1 
7198 0.034501 1 
7199 0.017985 1 
7200 0.036497 1 
7201 0.027409 1 
7202 0.016209 1 
7204 0.025177 1 
7205 0.013505 1 
7206 0.010388 1 
7207 0.012159 1 
7209 0.013454 1 
7211 0.033401 1 
7212 0.053792 1 
7213 0.050944 1 
7214 0.034730 1 
7217 0.015600 1 
7218 0.029691 1 
7219 0.024000 1 
7220 0.054871 1 
7221 0.041211 1 
7222 0.024943 1 
7223 0.037364 1 
7224 0.026399 1 
7225 0.029392 1 
7226 0.034276 1 
7227 0.035833 1 
7228 0.019497 1 
7230 0.015993 1 
7232 0.027576 1 
7233 0.023704 1 
7234 0.017418 1 
7235 0.019263 1 
7236 0.012606 1 
7237 0.012027 1 
7238 0.018757 1 
7240 0.019982 1 
7241 0.022598 1 
7242 0.031322 1 
7243 0.014628 1 
7244 0.027802 1 
7245 0.022893 1 
7246 0.025321 1 
7247 0.047582 1 
7248 0.031636 1 
7249 0.027943 1 
7250 0.035426 1 
7251 0.019241 1 
7252 0.016260 1 
7253 0.009715 1 
7254 0.047362 1 
7256 0.047515 1 
7257 0.038770 1 
7258 0.024961 1 
7259 0.032181 1 
7260 0.029390 1 
7261 0.027981 1 
7262 0.039287 1 
7263 0.022892 1 
7264 0.029424 1 
7265 0.023942 1 
7267 0.018111 1 
7269 0.030606 1 
7270 0.014542 1 
7271 0.016922 1 
7272 0.017081 1 
7273 0.019214 1 
7274 0.023178 1 
7275 0.013984 1 
7277 0.018687 1 
7278 0.019705 1 
7279 0.031283 1 
7280 0.023248 1 
7282 0.026173 1 
7284 0.013844 1 
7285 0.043744 1 
7286 0.027733 1 
7288 0.028253 1 
7289 0.019772 1 
7290 0.025729 1 
7292 0.015510 1 
7293 0.023933 1 
7294 0.015764 1 
7295 0.014320 1 
7296 0.014595 1 
7297 0.015723 1 
7298 0.032893 1 
7299 0.041332 1 
7300 0.024813 1 
7301 0.030314 1 
7302 0.013913 1 
7303 0.020196 1 
7304 0.029484 1 
7305 0.029363 1 
7306 0.027967 1 
7307 0.038859 1 
7308 0.022752 1 
7309 0.017393 1 
7311 0.022740 1 
7312 0.019816 1 
7313 0.010396 1 
7314 0.011292 1 
7315 0.024864 1 
7316 0.021051 1 
7317 0.014550 1 
7319 0.011014 1 
7320 0.013005 1 
7321 0.012883 1 
7322 0.023095 1 
7323 0.011803 1 
7324 0.014383 1 
7325 0.009753 1 
7326 0.006479 1 
7327 0.012728 1 
7328 0.030004 1 
7329 0.025778 1 
7330 0.016837 1 
7332 0.023903 1 
7333 0.039564 1 
7334 0.033051 1 
7335 0.027825 1 
7336 0.019506 1 
7337 0.025892 1 
7338 0.028241 1 
7340 0.020143 1 
7341 0.022866 1 
7342 0.027081 1 
7343 0.019406 1 
7345 0.020193 1 
7346 0.014669 1 
7347 0.019662 1 
7348 0.013313 1 
7350 0.012526 1 
7351 0.039291 1 
7352 0.032803 1 
7353 0.016774 1 
7354 0.026608 1 
7355 0.016182 1 
7357 0.014934 1 
7358 0.016913 1 
7359 0.038995 1 
7360 0.034075 1 
7361 0.021092 1 
7362 0.014269 1 
7363 0.028327 1 
7364 0.015631 1 
7365 0.025951 1 
7367 0.020019 1 
7368 0.015340 1 
7369 0.021560 1 
7370 0.014115 1 
7371 0.030978 1 
7372 0.014994 1 
7373 0.012897 1 
7374 0.016180 1 
7375 0.016043 1 
7376 0.016643 1 
7377 0.043505 1 
7378 0.027390 1 
7379 0.036786 1 
7380 0.020043 1 
7381 0.011847 1 
7382 0.017811 1 
7383 0.021073 1 
7384 0.016953 1 
7385 0.023868 1 
7386 0.014974 1 
7387 0.020637 1 
7388 0.020212 1 
7389 0.027555 1 
7390 0.027907 1 
7391 0.011479 1 
7392 0.014548 1 
7394 0.027453 1 
7395 0.033435 1 
7396 0.027181 1 
7397 0.022833 1 
7398 0.017051 1 
7399 0.016492 1 
7400 0.014023 1 
7401 0.024617 1 
7403 0.040951 1 
7404 0.024316 1 
7405 0.036217 1 
7406 0.037573 1 
7408 0.020787 1 
7410 0.023292 1 
7411 0.055863 1 
7412 0.058362 1 
7413 0.042144 1 
7416 0.013195 1 
7417 0.029460 1 
7418 0.020437 1 
7419 0.248498 1 
7422 0.193224 1 
7423 0.182889 1 
7424 0.166660 1 
7425 0.150350 1 
7426 0.134337 1 
7427 0.117586 1 
7429 0.119509 1 
7431 0.086845 1 
7432 0.083226 1 
7433 0.069391 1 
7434 0.053600 1 
7435 0.108589 1 
7436 0.092754 1 
7437 0.076158 1 
7439 0.064617 1 
7440 0.048476 1 
7441 0.025498 1 
7442 0.074369 1 
7443 0.058127 1 
7444 0.052133 1 
7445 0.132153 1 
7446 0.116165 1 
7447 0.099818 1 
7448 0.133281 1 
7449 0.132101 1 
7450 0.116177 1 
7451 0.098659 1 
7452 0.082268 1 
7453 0.065955 1 
7455 0.071185 1 
7456 0.053528 1 
7457 0.053407 1 
7458 0.037573 1 
7459 0.021972 1 
7460 0.034514 1 
7461 0.028542 1 
7462 0.012399 1 
7463 0.041931 1 
7464 0.021477 1 
7466 0.050226 1 
7468 0.017712 1 
7469 0.027481 1 
7470 0.055581 1 
7471 0.038963 1 
7472 0.040474 1 
7473 0.037029 1 
7474 0.049516 1 
7476 0.032358 1 
7477 0.016641 1 
7478 0.033350 1 
7479 0.028926 1 
7481 0.039952 1 
7483 0.033762 1 
7484 0.017813 1 
7485 0.018740 1 
7487 0.033619 1 
7488 0.018952 1 
7489 0.025183 1 
7491 0.037172 1 
7492 0.024128 1 
7493 0.023564 1 
7494 0.170995 1 
7495 0.155075 1 
7496 0.138684 1 
7497 0.175563 1 
7498 0.159075 1 
7499 0.142485 1 
7500 0.126445 1 
7501 0.110168 1 
7502 0.094143 1 
7503 0.097327 1 
7504 0.080848 1 
7505 0.082338 1 
7506 0.128892 1 
7507 0.112573 1 
7508 0.095772 1 
7510 0.078810 1 
7511 0.062249 1 
7512 0.046245 1 
7513 0.051006 1 
7514 0.035064 1 
7515 0.032944 1 
7516 0.046507 1 
7518 0.019399 1 
7519 0.027951 1 
7520 0.039250 1 
7521 0.029013 1 
7522 0.020480 1 
7523 0.050400 1 
7524 0.034609 1 
7525 0.017913 1 
7526 0.022045 1 
7527 0.029103 1 
7528 0.033846 1 
7529 0.036626 1 
7531 0.038386 1 
7532 0.021070 1 
7533 0.018624 1 
7534 0.019222 1 
7535 0.051358 1 
7536 0.035286 1 
7537 0.039340 1 
7539 0.013308 1 
7540 0.021553 1 
7541 0.031808 1 
7542 0.024494 1 
7544 0.022012 1 
7545 0.020319 1 
7546 0.013454 1 
7547 0.021596 1 
7549 0.011011 1 
7550 0.018360 1 
7551 0.020022 1 
7552 0.035480 1 
7553 0.016659 1 
7554 0.037666 1 
7556 0.014702 1 
7557 0.028488 1 
7558 0.012709 1 
7559 0.035559 1 
7560 0.019253 1 
7561 0.024028 1 
7562 0.017068 1 
7563 0.013684 1 
7564 0.021393 1 
7566 0.033308 1 
7567 0.026116 1 
7568 0.033658 1 
7569 0.017246 1 
7570 0.015378 1 
7571 0.012676 1 
7572 0.018201 1 
7573 0.018022 1 
7574 0.011397 1 
7575 0.017785 1 
7576 0.013426 1 
7577 0.020662 1 
7578 0.011185 1 
7579 0.034298 1 
7580 0.017978 1 
7581 0.024120 1 
7582 0.014200 1 
7583 0.010910 1 
7584 0.029368 1 
7585 0.028831 1 
7586 0.012523 1 
7587 0.015619 1 
7588 0.012761 1 
7589 0.019851 1 
7590 0.014621 1 
7591 0.019940 1 
7593 0.014049 1 
7594 0.020329 1 
7595 0.031835 1 
7596 0.025783 1 
7597 0.023736 1 
7598 0.024440 1 
7599 0.020746 1 
7600 0.046705 1 
7602 0.051474 1 
7603 0.035308 1 
7604 0.019160 1 
7605 0.020142 1 
7607 0.023127 1 
7609 0.022652 1 
7610 0.038827 1 
7611 0.033890 1 
7612 0.034710 1 
7615 0.019852 1 
7616 0.018779 1 
7617 0.020244 1 
7618 0.037626 1 
7619 0.021308 1 
7620 0.032460 1 
7621 0.016349 1 
7622 0.025911 1 
7623 0.021859 1 
7624 0.014596 1 
7625 0.014308 1 
7626 0.010771 1 
7610 0.285973 0 
7611 0.269536 0 
7612 0.250649 0 
7615 0.201502 0 
7616 0.185291 0 
7617 0.199503 0 
7618 0.183344 0 
7619 0.167089 0 
7620 0.151051 0 
7621 0.135064 0 
7622 0.119041 0 
7623 0.102788 0 
7624 0.080968 0 
7625 0.064557 0 
7626 0.048774 0 
7628 0.015741 0 
7628 0.023844 1 
7630 0.031704 1 
7631 0.021297 1 
7630 0.043231 0 
7632 0.014210 1 
7633 0.024750 1 
7634 0.025202 1 
7635 0.024935 1 
7636 0.017828 1 
7638 0.013868 1 
7633 0.136840 0 
7634 0.120446 0 
7635 0.104349 0 
7636 0.084094 0 
7638 0.051802 0 
7639 0.035848 0 
7640 0.018983 0 
7639 0.042945 1 
7640 0.026031 1 
7641 0.041844 1 
7642 0.025687 1 
7641 0.046777 0 
7642 0.030613 0 
7643 0.014094 0 
7643 0.028372 1 
7644 0.029655 1 
7645 0.032067 1 
7646 0.030466 1 
7647 0.020977 1 
7648 0.021200 1 
7649 0.010624 1 
7644 0.114024 0 
7645 0.097837 0 
7646 0.081810 0 
7647 0.066481 0 
7648 0.050032 0 
7649 0.033745 0 
7650 0.015530 1 
7651 0.010694 1 
7652 0.021006 1 
7650 0.088695 0 
7651 0.072524 0 
7652 0.056295 0 
7654 0.027147 1 
7655 0.035233 1 
7656 0.019045 1 
7657 0.044655 1 
7658 0.028617 1 
7659 0.030535 1 
7660 0.030214 1 
7661 0.013961 1 
7662 0.011353 1 
7663 0.013021 1 
7654 0.197346 0 
7655 0.180443 0 
7656 0.163884 0 
7657 0.147911 0 
7658 0.132595 0 
7659 0.116172 0 
7660 0.100088 0 
7661 0.083819 0 
7662 0.066115 0 
7663 0.042252 0 
7665 0.014184 1 
7667 0.013445 1 
7668 0.016149 1 
7669 0.007513 1 
7670 0.013906 1 
7665 0.113549 0 
7667 0.081189 0 
7668 0.064625 0 
7669 0.048477 0 
7670 0.026507 0 
7671 0.030180 1 
7672 0.023899 1 
7673 0.019349 1 
7675 0.025911 1 
7676 0.010183 1 
7677 0.017353 1 
7678 0.016903 1 
7680 0.022120 1 
7682 0.029127 1 
7683 0.030287 1 
7684 0.024215 1 
7686 0.025303 1 
7687 0.028366 1 
7688 0.027909 1 
7690 0.013518 1 
7691 0.014595 1 
7692 0.014478 1 
7693 0.015513 1 
7694 0.012276 1 
7695 0.012886 1 
7696 0.010192 1 
7697 0.007324 1 
