2024-09-03 16:37:13
../stream-replay/logs/rtt-6208@128.txt
1 0.057492 0 
2 0.065352 0 
4 0.065488 0 
5 0.093738 0 
6 0.159484 0 
7 0.178163 0 
8 0.162000 0 
9 0.146154 0 
10 0.217513 0 
11 0.201308 0 
15 0.173027 0 
16 0.156857 0 
17 0.141052 0 
18 0.124932 0 
19 0.142259 0 
20 0.125569 0 
21 0.109823 0 
22 0.148336 0 
23 0.174718 0 
24 0.158368 0 
25 0.142578 0 
26 0.165603 0 
27 0.142887 0 
28 0.126827 0 
29 0.129070 0 
31 0.108839 0 
32 0.092579 0 
33 0.314766 0 
34 0.298771 0 
35 0.285536 0 
36 0.310340 0 
37 0.293900 0 
38 0.270621 0 
40 0.351346 0 
41 0.339422 0 
42 0.323334 0 
43 0.307233 0 
45 0.271734 0 
47 0.308264 0 
48 0.451601 0 
49 0.472882 0 
50 0.517728 0 
53 0.469611 0 
54 0.453698 0 
55 0.437097 0 
56 0.476568 0 
57 0.459047 0 
58 0.442765 0 
59 0.530169 0 
61 0.640979 0 
62 0.624521 0 
63 0.674677 0 
64 0.658367 0 
66 0.626385 0 
68 0.664163 0 
69 0.648209 0 
70 0.632100 0 
71 0.609332 0 
72 0.592578 0 
73 0.576453 0 
74 0.559862 0 
76 0.619222 0 
77 0.602743 0 
78 0.586886 0 
79 0.571273 0 
80 0.554494 0 
81 0.538671 0 
82 0.521346 0 
83 0.500585 0 
84 0.484491 0 
85 0.467989 0 
86 0.468890 0 
87 0.446116 0 
88 0.518680 0 
89 0.502354 0 
90 0.509858 0 
92 0.651966 0 
93 0.635857 0 
95 0.643313 0 
96 0.621609 0 
97 0.786327 0 
98 0.770247 0 
99 0.754262 0 
100 0.731222 0 
101 0.715709 0 
103 0.741629 0 
105 0.709430 0 
106 0.690187 0 
107 0.673927 0 
108 0.684089 0 
109 0.688392 0 
110 0.775262 0 
111 0.758789 0 
113 0.726346 0 
114 0.770779 0 
115 0.754387 0 
116 0.738078 0 
118 0.703307 0 
120 0.670477 0 
121 0.652431 0 
122 0.678363 0 
124 0.756126 0 
126 0.722397 0 
128 0.686487 0 
129 0.666467 0 
130 0.649076 0 
131 0.632999 0 
133 0.872639 0 
134 0.857863 0 
135 0.840157 0 
136 0.820239 0 
137 0.803034 0 
138 0.850748 0 
139 0.834646 0 
140 0.816888 0 
141 0.849919 0 
142 0.833496 0 
143 0.884899 0 
144 0.867208 0 
145 0.851340 0 
147 0.863819 0 
148 0.896724 0 
149 0.880520 0 
150 0.902516 0 
151 0.885686 0 
152 0.868493 0 
153 0.947856 0 
155 1.103931 0 
156 1.087879 0 
157 1.071979 0 
158 1.148979 0 
159 1.168649 0 
160 1.151892 0 
161 1.169138 0 
162 1.159207 0 
163 1.223453 0 
164 1.216489 0 
165 1.221866 0 
166 1.205772 0 
168 1.257595 0 
169 1.241227 0 
170 1.349694 0 
171 1.368218 0 
172 1.351801 0 
173 1.336277 0 
174 1.490476 0 
176 1.456579 0 
177 1.458127 0 
178 1.441734 0 
179 1.436820 0 
181 1.403995 0 
182 1.406635 0 
183 1.424656 0 
184 1.401834 0 
186 1.474086 0 
187 1.500396 0 
188 1.498316 0 
189 1.482246 0 
190 1.648385 0 
191 1.632141 0 
193 1.598969 0 
195 1.665716 0 
196 1.707621 0 
197 1.691534 0 
198 1.770248 0 
199 1.843321 0 
200 1.827198 0 
201 1.807978 0 
203 1.772188 0 
204 1.755670 0 
205 1.739390 0 
206 1.740514 0 
207 1.724339 0 
208 1.705668 0 
209 1.784145 0 
210 1.760610 0 
211 1.744502 0 
212 1.817468 0 
213 1.796216 0 
214 1.772255 0 
215 1.755557 0 
216 1.739278 0 
217 1.723212 0 
218 1.707268 0 
219 1.708668 0 
220 1.739259 0 
221 1.723318 0 
222 1.707109 0 
223 1.691020 0 
224 1.678480 0 
225 1.656590 0 
226 2.030194 0 
227 2.014363 0 
228 2.030282 0 
230 1.998792 0 
231 2.000202 0 
232 1.978873 0 
233 2.027006 0 
234 2.010610 0 
235 1.994133 0 
236 2.024734 0 
237 2.026193 0 
239 2.096184 0 
240 2.079698 0 
241 2.063226 0 
242 2.047177 0 
244 2.011484 0 
246 2.007166 0 
247 2.074506 0 
248 2.074740 0 
249 2.058517 0 
252 2.035185 0 
253 2.130927 0 
254 2.114555 0 
255 2.097671 0 
256 2.081412 0 
257 2.065087 0 
258 2.048855 0 
259 2.094275 0 
260 2.077848 0 
261 2.083120 0 
262 2.066035 0 
263 2.050017 0 
265 2.078894 0 
267 2.082601 0 
268 2.066459 0 
269 2.099664 0 
270 2.083728 0 
271 2.066612 0 
272 2.050482 0 
273 2.033684 0 
275 2.065521 0 
276 2.049096 0 
277 2.229413 0 
278 2.213017 0 
279 2.195768 0 
280 2.264679 0 
281 2.248433 0 
282 2.231836 0 
283 2.215652 0 
284 2.197015 0 
285 2.181146 0 
286 2.164646 0 
287 2.204648 0 
288 2.188524 0 
289 2.172643 0 
291 2.226867 0 
292 2.207010 0 
293 2.246721 0 
294 2.356859 0 
296 2.364851 0 
297 2.348766 0 
298 2.385267 0 
299 2.368935 0 
302 2.404439 0 
304 2.423674 0 
305 2.531717 0 
306 2.515043 0 
307 2.498347 0 
308 2.564213 0 
309 2.548068 0 
310 2.645190 0 
312 2.612382 0 
313 2.596388 0 
314 2.580299 0 
315 2.632919 0 
319 2.566233 0 
320 2.570265 0 
321 2.553756 0 
323 2.617494 0 
324 2.609232 0 
325 2.670620 0 
327 2.638260 0 
328 2.621914 0 
329 2.606565 0 
330 2.599126 0 
331 2.582371 0 
332 2.604300 0 
333 2.639855 0 
334 2.623158 0 
335 2.606931 0 
336 2.590403 0 
337 2.574064 0 
338 2.557985 0 
339 2.541916 0 
340 2.530381 0 
341 2.513930 0 
342 2.524645 0 
343 2.508990 0 
344 2.490945 0 
346 2.491696 0 
347 2.475760 0 
348 2.459859 0 
349 2.443406 0 
350 2.427022 0 
351 2.410327 0 
352 2.414471 0 
354 2.392073 0 
355 2.375450 0 
356 2.359033 0 
357 2.342978 0 
358 2.367575 0 
359 2.351170 0 
360 2.334859 0 
361 2.321783 0 
362 2.303519 0 
363 2.287242 0 
364 2.284086 0 
365 2.267980 0 
367 2.252240 0 
368 2.257140 0 
369 2.240758 0 
370 2.257618 0 
371 2.241738 0 
372 2.225439 0 
373 2.209517 0 
375 2.200879 0 
376 2.184249 0 
377 2.178007 0 
378 2.185375 0 
380 2.152870 0 
381 2.136982 0 
382 2.120425 0 
383 2.104322 0 
385 2.086642 0 
386 2.092615 0 
387 2.075999 0 
388 2.059640 0 
389 2.063671 0 
390 2.047860 0 
392 2.015171 0 
393 2.013310 0 
394 1.996359 0 
395 1.987527 0 
396 1.971179 0 
397 1.964823 0 
398 1.948399 0 
399 1.936662 0 
400 1.929016 0 
402 1.908123 0 
403 1.891742 0 
404 1.868091 0 
405 1.844253 0 
406 1.828035 0 
407 1.820299 0 
408 1.803963 0 
409 1.787061 0 
410 1.804554 0 
411 1.788313 0 
412 1.771369 0 
413 1.754985 0 
414 1.739063 0 
415 1.724945 0 
416 1.708720 0 
417 1.692711 0 
418 1.676462 0 
419 1.663325 0 
420 1.647106 0 
421 1.628587 0 
422 1.621172 0 
423 1.604435 0 
424 1.587219 0 
425 1.607877 0 
426 1.591780 0 
427 1.575543 0 
429 1.542165 0 
430 1.543832 0 
431 1.527624 0 
432 1.571453 0 
433 1.555385 0 
434 1.536472 0 
435 1.537875 0 
436 1.518116 0 
438 1.482152 0 
439 1.467364 0 
440 1.457130 0 
441 1.441960 0 
443 1.409993 0 
445 1.383302 0 
446 1.432235 0 
447 1.445616 0 
448 1.429232 0 
451 1.391380 0 
452 1.374729 0 
453 1.360370 0 
454 1.364771 0 
455 1.348343 0 
456 1.332064 0 
457 1.315841 0 
458 1.311134 0 
459 1.294896 0 
460 1.278771 0 
461 1.269983 0 
462 1.250242 0 
464 1.259321 0 
466 1.226965 0 
467 1.223909 0 
468 1.221000 0 
469 1.234806 0 
470 1.218560 0 
471 1.213537 0 
472 1.196807 0 
474 1.179365 0 
475 1.163476 0 
476 1.147150 0 
477 1.157760 0 
478 1.141129 0 
479 1.124999 0 
480 1.108787 0 
481 1.091600 0 
482 1.075949 0 
483 1.065418 0 
484 1.059261 0 
485 1.075665 0 
486 1.058478 0 
487 1.040140 0 
488 1.024177 0 
490 1.029912 0 
491 1.051444 0 
492 1.035108 0 
493 1.018590 0 
494 1.017949 0 
495 1.001509 0 
496 0.985081 0 
497 0.969139 0 
498 1.019991 0 
499 1.003974 0 
501 0.971346 0 
503 0.936763 0 
504 0.915806 0 
505 0.904034 0 
506 0.904318 0 
507 0.887675 0 
508 0.869444 0 
509 0.897155 0 
511 0.894043 0 
513 0.888201 0 
514 0.872087 0 
516 0.874159 0 
518 0.841937 0 
519 0.836076 0 
520 0.880511 0 
523 0.925082 0 
524 0.909145 0 
526 0.876923 0 
527 0.859450 0 
528 0.843731 0 
529 0.853369 0 
530 0.833665 0 
531 0.813647 0 
532 0.840115 0 
533 0.823953 0 
534 0.807636 0 
535 0.791539 0 
536 0.774971 0 
537 0.758823 0 
538 0.755522 0 
539 0.738708 0 
540 0.747567 0 
541 0.731278 0 
542 0.714650 0 
543 0.738820 0 
545 0.707705 0 
546 0.702216 0 
547 0.686124 0 
548 0.669928 0 
549 0.675267 0 
550 0.673930 0 
551 0.657816 0 
553 0.639230 0 
554 0.618026 0 
555 0.606087 0 
556 0.599663 0 
557 0.583219 0 
558 0.566386 0 
559 0.566030 0 
560 0.594054 0 
561 0.577744 0 
562 0.561212 0 
563 0.561404 0 
564 0.568113 0 
566 0.535502 0 
567 0.537534 0 
568 0.521529 0 
569 0.510632 0 
570 0.521875 0 
571 0.505814 0 
572 0.489365 0 
574 0.473599 0 
575 0.457063 0 
576 0.476195 0 
577 0.475089 0 
579 0.440457 0 
580 0.423932 0 
581 0.427780 0 
582 0.404494 0 
584 0.385278 0 
585 0.395531 0 
586 0.379301 0 
587 0.358127 0 
588 0.341654 0 
589 0.342495 0 
591 0.310711 0 
592 0.343575 0 
593 0.362375 0 
594 0.491323 0 
595 0.474932 0 
596 0.458805 0 
597 0.501414 0 
598 0.485092 0 
599 0.469019 0 
601 0.476592 0 
602 0.566453 0 
603 0.551043 0 
604 0.534760 0 
605 0.518689 0 
606 0.502824 0 
607 0.485888 0 
608 0.469587 0 
609 0.450018 0 
610 0.602821 0 
611 0.610474 0 
612 0.586737 0 
613 0.611012 0 
614 0.648365 0 
615 0.632277 0 
616 0.609268 0 
617 0.814452 0 
618 0.828649 0 
619 0.812774 0 
621 0.952492 0 
622 0.936242 0 
623 0.919133 0 
624 0.904517 0 
625 0.944956 0 
626 0.960810 0 
628 0.927280 0 
630 1.053207 0 
631 1.036702 0 
633 1.092331 0 
634 1.074462 0 
635 1.079447 0 
637 1.053591 0 
638 1.082125 0 
639 1.070341 0 
640 1.054424 0 
642 1.196466 0 
644 1.163649 0 
646 1.604612 0 
647 1.588693 0 
650 1.804136 0 
651 1.787835 0 
652 1.772609 0 
653 1.756418 0 
654 1.740654 0 
655 1.724747 0 
656 1.707984 0 
657 1.692675 0 
658 1.676672 0 
659 1.668174 0 
660 1.713064 0 
661 1.697020 0 
663 1.705025 0 
665 1.672980 0 
666 1.657072 0 
667 1.661984 0 
668 1.643950 0 
669 1.627576 0 
670 1.611114 0 
671 1.595011 0 
673 1.580894 0 
674 1.562937 0 
675 1.547141 0 
676 1.531056 0 
677 1.518650 0 
678 1.602356 0 
679 1.586058 0 
680 1.569953 0 
682 1.722185 0 
683 1.705524 0 
684 1.691696 0 
685 1.694496 0 
686 1.953174 0 
687 1.990342 0 
689 1.989975 0 
690 2.222247 0 
691 2.282063 0 
692 2.507641 0 
693 2.492350 0 
694 2.476478 0 
695 2.460327 0 
696 2.444248 0 
697 2.427937 0 
698 2.410149 0 
700 2.377073 0 
702 2.344279 0 
703 2.321826 0 
704 2.305212 0 
706 2.273172 0 
707 2.254269 0 
708 2.237589 0 
710 2.201821 0 
711 2.186040 0 
712 2.169641 0 
713 2.152699 0 
715 2.118785 0 
717 2.086732 0 
718 2.068046 0 
719 2.051878 0 
721 2.032491 0 
722 2.016187 0 
723 1.996823 0 
725 1.956970 0 
726 2.016314 0 
727 1.999986 0 
728 1.983979 0 
729 1.989634 0 
730 1.973128 0 
731 1.968989 0 
732 1.947135 0 
733 1.930133 0 
734 1.958269 0 
735 1.941768 0 
736 1.925515 0 
737 1.974243 0 
738 1.952314 0 
739 1.936470 0 
740 2.084142 0 
741 2.068433 0 
742 2.052892 0 
744 2.063015 0 
745 2.046751 0 
746 2.043133 0 
747 2.026672 0 
748 2.010529 0 
749 2.049294 0 
750 2.033461 0 
752 2.086857 0 
753 2.070184 0 
754 2.053969 0 
755 2.037732 0 
756 2.406211 0 
757 2.410450 0 
758 2.394225 0 
759 2.386749 0 
760 2.370229 0 
761 2.353670 0 
762 2.362657 0 
763 2.344961 0 
766 2.511453 0 
767 2.495222 0 
768 2.479635 0 
769 2.520791 0 
770 2.500728 0 
771 2.484320 0 
773 2.452576 0 
774 2.631866 0 
775 2.616043 0 
776 2.599284 0 
778 2.567009 0 
779 2.550807 0 
780 2.534341 0 
781 2.518059 0 
783 2.510547 0 
784 2.494586 0 
785 2.567463 0 
786 2.551018 0 
787 2.534365 0 
788 2.518352 0 
790 2.486080 0 
792 2.453834 0 
793 2.581343 0 
794 2.565375 0 
795 2.548741 0 
796 2.683757 0 
797 2.667858 0 
798 2.652341 0 
800 2.870546 0 
801 2.854629 0 
802 2.837997 0 
803 2.841599 0 
804 2.825259 0 
805 2.861198 0 
806 2.845163 0 
807 2.828493 0 
808 2.832342 0 
809 2.815845 0 
810 2.823385 0 
811 2.807238 0 
812 2.890967 0 
813 2.874586 0 
814 2.857516 0 
815 2.842146 0 
816 2.861167 0 
817 2.844850 0 
818 2.828886 0 
819 2.879987 0 
820 2.863849 0 
821 2.849121 0 
822 2.826542 0 
823 2.810291 0 
824 2.793948 0 
825 2.803721 0 
827 2.812443 0 
828 2.796591 0 
829 2.828366 0 
830 2.893592 0 
831 2.877715 0 
832 2.861863 0 
833 2.845147 0 
837 3.073812 0 
838 3.057499 0 
839 3.039984 0 
841 3.007592 0 
843 3.019536 0 
844 3.117796 0 
845 3.148428 0 
846 3.287731 0 
849 3.236469 0 
850 3.282148 0 
851 3.266407 0 
852 3.248753 0 
853 3.347437 0 
854 3.331480 0 
855 3.473107 0 
856 3.584069 0 
857 3.560964 0 
858 3.544872 0 
859 3.529303 0 
860 3.603782 0 
862 3.754842 0 
864 3.803497 0 
865 3.788194 0 
866 3.771132 0 
867 3.749378 0 
868 3.854231 0 
869 3.838311 0 
870 3.821950 0 
872 3.790483 0 
873 3.774000 0 
874 3.757422 0 
875 3.757522 0 
876 3.756115 0 
877 3.736015 0 
878 3.719058 0 
879 3.822789 0 
880 3.806474 0 
881 3.782503 0 
882 3.766367 0 
883 3.750005 0 
884 3.805580 0 
885 3.789398 0 
886 3.772801 0 
888 3.952756 0 
889 4.010494 0 
890 3.994339 0 
891 3.978083 0 
892 3.962064 0 
893 3.946167 0 
894 3.929955 0 
895 3.913749 0 
896 3.897398 0 
897 3.955384 0 
899 3.953257 0 
901 3.920762 0 
902 3.902589 0 
903 3.911411 0 
904 3.895017 0 
905 4.004555 0 
906 4.001383 0 
907 3.982004 0 
909 3.945527 0 
910 3.934407 0 
911 4.021930 0 
912 4.005761 0 
914 3.973475 0 
916 3.940894 0 
917 3.924731 0 
918 3.971356 0 
920 3.938084 0 
921 4.032368 0 
922 4.015615 0 
924 3.982581 0 
925 3.966694 0 
926 3.948393 0 
927 3.931818 0 
928 3.911963 0 
929 3.895662 0 
930 3.871596 0 
931 3.855704 0 
932 3.839185 0 
933 3.823075 0 
934 3.804273 0 
935 3.812345 0 
936 3.828141 0 
937 3.811705 0 
938 3.788154 0 
939 3.890349 0 
940 3.872372 0 
941 4.007526 0 
943 4.016241 0 
944 4.000069 0 
945 3.994084 0 
946 3.975071 0 
947 3.998124 0 
948 3.979352 0 
949 4.007140 0 
951 3.978624 0 
952 3.962861 0 
953 3.946681 0 
955 4.238933 0 
956 4.305161 0 
957 4.295134 0 
958 4.278984 0 
959 4.263050 0 
960 4.246749 0 
961 4.229590 0 
962 4.213621 0 
964 4.276384 0 
965 4.260316 0 
966 4.244143 0 
968 4.365770 0 
969 4.349355 0 
970 4.345174 0 
972 4.311254 0 
973 4.321134 0 
974 4.309061 0 
975 4.335166 0 
977 4.369335 0 
978 4.349471 0 
979 4.333324 0 
980 4.317343 0 
982 4.391225 0 
983 4.375161 0 
984 4.353264 0 
985 4.337005 0 
986 4.313562 0 
987 4.290368 0 
989 4.257971 0 
990 4.319604 0 
991 4.329437 0 
992 4.313008 0 
993 4.297352 0 
994 4.281260 0 
995 4.370288 0 
996 4.354248 0 
997 4.337549 0 
999 4.305138 0 
1000 4.359902 0 
1001 4.343826 0 
1002 4.325744 0 
1003 4.309883 0 
1004 4.286293 0 
1005 4.324057 0 
1006 4.332009 0 
1007 4.313107 0 
1008 4.297281 0 
1009 4.279671 0 
1010 4.292193 0 
1011 4.275830 0 
1012 4.259571 0 
1013 4.284609 0 
1014 4.314425 0 
1015 4.298319 0 
1016 4.281062 0 
1017 4.264821 0 
1018 4.248888 0 
1019 4.226323 0 
1020 4.206719 0 
1021 4.182846 0 
1022 4.170604 0 
1023 4.174209 0 
1024 4.157426 0 
1026 4.124214 0 
1027 4.335469 0 
1028 4.318808 0 
1030 4.420975 0 
1031 4.404531 0 
1032 4.454412 0 
1035 4.477047 0 
1036 4.460840 0 
1037 4.444046 0 
1038 4.427974 0 
1040 4.391697 0 
1042 4.394740 0 
1043 4.453771 0 
1044 4.554733 0 
1048 4.600435 0 
1049 4.584506 0 
1050 4.565466 0 
1051 4.546364 0 
1052 4.650080 0 
1053 4.634094 0 
1054 4.618057 0 
1055 4.598933 0 
1056 4.590549 0 
1057 4.574572 0 
1058 4.558409 0 
1059 4.543207 0 
1061 4.772782 0 
1063 4.764803 0 
1064 4.748327 0 
1065 4.731433 0 
1066 4.715086 0 
1067 4.698981 0 
1068 4.675075 0 
1069 4.713798 0 
1071 4.681137 0 
1072 4.664887 0 
1073 4.644879 0 
1074 4.668308 0 
1075 4.652333 0 
1076 4.634580 0 
1077 4.643309 0 
1078 4.627064 0 
1079 4.610676 0 
1080 4.617986 0 
1081 4.602188 0 
1082 4.585859 0 
1083 4.569502 0 
1084 4.720984 0 
1085 4.716274 0 
1087 4.791817 0 
1088 4.873530 0 
1089 4.857245 0 
1090 4.892083 0 
1091 4.957987 0 
1092 4.941473 0 
1093 4.925714 0 
1094 4.907752 0 
1095 4.892328 0 
1096 4.875675 0 
1098 4.871793 0 
1100 4.863140 0 
1101 4.846964 0 
1102 4.830549 0 
1103 5.023093 0 
1104 5.006581 0 
1105 4.987051 0 
1106 4.994110 0 
1108 4.962252 0 
1109 4.946062 0 
1110 4.929543 0 
1111 4.913108 0 
1113 4.987576 0 
1115 4.955057 0 
1116 4.938391 0 
1117 4.922246 0 
1119 4.889457 0 
1120 4.873214 0 
1121 4.854017 0 
1123 4.818734 0 
1124 4.809678 0 
1125 4.958565 0 
1127 4.973945 0 
1128 4.955640 0 
1129 5.015462 0 
1130 4.996103 0 
1133 4.997960 0 
1134 4.981726 0 
1135 4.963714 0 
1136 4.963340 0 
1137 4.995669 0 
1138 4.979744 0 
1139 5.041387 0 
1140 5.024457 0 
1142 4.992011 0 
1143 4.976156 0 
1144 4.960058 0 
1145 4.947967 0 
1146 4.931967 0 
1147 5.026041 0 
1148 5.009684 0 
1150 4.971903 0 
1151 4.955121 0 
1153 4.947268 0 
1154 4.934031 0 
1155 4.923166 0 
1156 4.931714 0 
1157 4.935417 0 
1158 4.959713 0 
1159 4.943475 0 
1160 5.074765 0 
1161 5.058484 0 
1163 5.026512 0 
1164 5.027637 0 
1165 5.061603 0 
1166 5.059268 0 
1167 5.042531 0 
1168 5.026292 0 
1169 5.014610 0 
1171 5.145563 0 
1172 5.129533 0 
1173 5.114284 0 
1174 5.098338 0 
1176 5.064587 0 
1177 5.048328 0 
1178 5.032281 0 
1179 5.053833 0 
1181 5.036900 0 
1182 5.021048 0 
1183 5.039363 0 
1184 5.088557 0 
1185 5.072172 0 
1186 5.056219 0 
1188 5.094573 0 
1189 5.158334 0 
1190 5.153283 0 
1191 5.261959 0 
1192 5.245854 0 
1194 5.421103 0 
1195 5.405136 0 
1196 5.388989 0 
1198 5.364405 0 
1199 5.388053 0 
1200 5.372094 0 
1201 5.363488 0 
1202 5.347112 0 
1203 5.324048 0 
1204 5.352521 0 
1205 5.336508 0 
1206 5.320417 0 
1207 5.304056 0 
1208 5.287832 0 
1209 5.271569 0 
1210 5.276312 0 
1211 5.357773 0 
1212 5.341468 0 
1213 5.324993 0 
1215 5.388582 0 
1216 5.372247 0 
1217 5.356077 0 
1218 5.338639 0 
1219 5.321097 0 
1220 5.304875 0 
1221 5.285640 0 
1222 5.269451 0 
1223 5.252290 0 
1225 5.238212 0 
1226 5.270084 0 
1227 5.254153 0 
1228 5.237912 0 
1229 5.222003 0 
1230 5.205787 0 
1231 5.236715 0 
1232 5.220479 0 
1234 5.246263 0 
1235 5.229543 0 
1236 5.211669 0 
1237 5.195529 0 
1239 5.163666 0 
1241 5.131252 0 
1242 5.108014 0 
1243 5.113264 0 
1244 5.123442 0 
1247 5.074787 0 
1248 5.136304 0 
1249 5.188311 0 
1250 5.171754 0 
1251 5.157261 0 
1252 5.199936 0 
1253 5.179858 0 
1254 5.200735 0 
1255 5.202358 0 
1256 5.186589 0 
1257 5.170146 0 
1258 5.251901 0 
1260 5.287374 0 
1262 5.254262 0 
1263 5.265171 0 
1264 5.248970 0 
1265 5.232837 0 
1266 5.215041 0 
1267 5.220918 0 
1268 5.204973 0 
1270 5.170842 0 
1271 5.229021 0 
1272 5.213063 0 
1273 5.202228 0 
1274 5.205163 0 
1275 5.245272 0 
1277 5.296428 0 
1278 5.279820 0 
1279 5.263406 0 
1280 5.241475 0 
1281 5.224010 0 
1282 5.205312 0 
1283 5.273686 0 
1284 5.257681 0 
1286 5.269336 0 
1287 5.316842 0 
1288 5.298711 0 
1289 5.283214 0 
1290 5.263763 0 
1291 5.240267 0 
1292 5.223415 0 
1293 5.289938 0 
1294 5.273511 0 
1295 5.257459 0 
1297 5.324053 0 
1299 5.318060 0 
1300 5.301962 0 
1301 5.285929 0 
1303 5.320582 0 
1304 5.302047 0 
1305 5.378793 0 
1307 5.347831 0 
1308 5.331771 0 
1309 5.328639 0 
1310 5.312674 0 
1312 5.326931 0 
1314 5.324151 0 
1315 5.313047 0 
1316 5.371371 0 
1318 5.355250 0 
1319 5.395063 0 
1320 5.378566 0 
1322 5.382935 0 
1323 5.366863 0 
1324 5.348276 0 
1325 5.331929 0 
1326 5.315499 0 
1327 5.333301 0 
1328 5.316892 0 
1329 5.607496 0 
1330 5.603199 0 
1331 5.586676 0 
1332 5.600659 0 
1333 5.584556 0 
1334 5.566919 0 
1335 5.550554 0 
1336 5.540756 0 
1337 5.539362 0 
1338 5.519636 0 
1339 5.500158 0 
1341 5.467427 0 
1342 5.468534 0 
1343 5.451921 0 
1344 5.487294 0 
1345 5.471341 0 
1349 5.552761 0 
1352 5.498024 0 
1353 5.481923 0 
1355 5.603336 0 
1356 5.667616 0 
1357 5.652035 0 
1358 5.636140 0 
1359 5.620240 0 
1360 5.604109 0 
1362 5.667697 0 
1363 5.858692 0 
1364 5.842540 0 
1365 5.912010 0 
1366 5.896081 0 
1367 5.879904 0 
1368 5.987541 0 
1370 5.961626 0 
1371 6.067787 0 
1372 6.051887 0 
1373 6.069513 0 
1375 6.036535 0 
1376 6.021090 0 
1377 6.004309 0 
1378 6.064107 0 
1381 6.015793 0 
1382 5.999004 0 
1383 5.981219 0 
1384 5.965201 0 
1385 5.948283 0 
1387 5.923253 0 
1388 5.964840 0 
1390 5.932590 0 
1391 5.915642 0 
1392 5.898863 0 
1397 6.120903 0 
1398 6.104823 0 
1399 6.089279 0 
1400 6.070688 0 
1401 6.054319 0 
1402 6.044466 0 
1403 6.028702 0 
1404 6.012344 0 
1405 6.177088 0 
1406 6.161088 0 
1407 6.180384 0 
1408 6.163947 0 
1409 6.144378 0 
1410 6.127827 0 
1411 6.111803 0 
1412 6.120243 0 
1413 6.104331 0 
1414 6.173594 0 
1415 6.157376 0 
1416 6.140722 0 
1417 6.124355 0 
1418 6.107770 0 
1419 6.106933 0 
1420 6.090618 0 
1421 6.072620 0 
1422 6.067793 0 
1424 6.176270 0 
1425 6.181642 0 
1426 6.202278 0 
1427 6.270817 0 
1428 6.253901 0 
1429 6.240138 0 
1430 6.224217 0 
1431 6.208309 0 
1433 6.175533 0 
1434 6.159866 0 
1435 6.143292 0 
1436 6.127574 0 
1438 6.094877 0 
1440 6.060837 0 
1441 6.077740 0 
1442 6.251656 0 
1443 6.235988 0 
1446 6.348644 0 
1447 6.332159 0 
1453 6.371147 0 
1454 6.355283 0 
1455 6.465996 0 
1456 6.508016 0 
1457 6.491919 0 
1459 6.458720 0 
1461 6.612080 0 
1462 6.596280 0 
1463 6.580915 0 
1464 6.564579 0 
1465 6.548332 0 
1466 6.529211 0 
1467 6.548199 0 
1469 6.599075 0 
1470 6.657234 0 
1471 6.640520 0 
1472 6.622988 0 
1473 6.607478 0 
1474 6.591315 0 
1475 6.575178 0 
1476 6.558454 0 
1477 6.586277 0 
1478 6.570249 0 
1479 6.554229 0 
1480 6.538231 0 
1481 6.628148 0 
1482 6.611722 0 
1483 6.704116 0 
1485 6.784679 0 
1486 6.813222 0 
1487 7.044679 0 
1490 7.060684 0 
1491 7.046015 0 
1492 7.082465 0 
1493 7.144466 0 
1494 7.128369 0 
1498 7.175564 0 
1499 7.159097 0 
1500 7.142712 0 
1501 7.126512 0 
1502 7.106533 0 
1503 7.106082 0 
1504 7.135843 0 
1508 7.129281 0 
1509 7.209450 0 
1513 7.256551 0 
1514 7.240330 0 
1515 7.285014 0 
1517 7.250898 0 
1518 7.287971 0 
1519 7.271784 0 
1521 7.405393 0 
1522 7.389099 0 
1523 7.373274 0 
1524 7.433071 0 
1525 7.416926 0 
1526 7.475569 0 
1527 7.454330 0 
1528 7.471541 0 
1529 7.454931 0 
1530 7.438942 0 
1531 7.426314 0 
1536 7.604458 0 
1537 7.589003 0 
1538 7.571888 0 
1540 7.643283 0 
1541 7.627280 0 
1542 7.611217 0 
1543 7.595169 0 
1544 7.653876 0 
1545 7.648201 0 
1546 7.633646 0 
1548 7.601281 0 
1549 7.630008 0 
1550 7.613918 0 
1551 7.597520 0 
1552 7.718258 0 
1553 7.702168 0 
1554 7.685828 0 
1555 7.669505 0 
1556 7.653329 0 
1557 7.637109 0 
1558 7.620499 0 
1559 7.602320 0 
1562 7.593897 0 
1563 7.577681 0 
1564 7.561450 0 
1565 7.668813 0 
1566 7.678360 0 
1567 7.661535 0 
1569 7.630170 0 
1570 7.843436 0 
1571 7.888795 0 
1572 7.954071 0 
1574 7.921605 0 
1575 7.905141 0 
1576 7.888187 0 
1577 7.961384 0 
1579 8.059784 0 
1580 8.044282 0 
1581 8.024668 0 
1582 8.008345 0 
1583 7.992482 0 
1584 8.129596 0 
1586 8.098081 0 
1587 8.123528 0 
1588 8.107446 0 
1589 8.228229 0 
1590 8.211949 0 
1591 8.194143 0 
1592 8.228781 0 
1593 8.213069 0 
1594 8.196385 0 
1596 8.288751 0 
1597 8.272748 0 
1598 8.256796 0 
1599 8.242580 0 
1600 8.226280 0 
1601 8.209985 0 
1602 8.198558 0 
1603 8.408973 0 
1604 8.392694 0 
1606 8.360870 0 
1607 8.344755 0 
1608 8.321939 0 
1609 8.305134 0 
1610 8.288811 0 
1611 8.272498 0 
1612 8.256449 0 
1613 8.240005 0 
1614 8.218363 0 
1615 8.201986 0 
1616 8.185646 0 
1617 8.168751 0 
1618 8.152272 0 
1619 8.135627 0 
1620 8.118929 0 
1621 8.102932 0 
1623 8.070502 0 
1624 8.053842 0 
1625 8.175971 0 
1626 8.160097 0 
1627 8.143880 0 
1628 8.128093 0 
1629 8.111680 0 
1630 8.095766 0 
1632 8.175188 0 
1633 8.154974 0 
1634 8.137000 0 
1635 8.118339 0 
1637 8.089792 0 
1639 8.078779 0 
1640 8.347029 0 
1642 8.390495 0 
1645 8.341897 0 
1646 8.535875 0 
1647 8.519738 0 
1648 8.504805 0 
1649 8.488676 0 
1651 8.497482 0 
1652 8.481339 0 
1653 8.461734 0 
1654 8.484149 0 
1655 8.468163 0 
1656 8.452071 0 
1658 8.504871 0 
1660 8.472553 0 
1661 8.456198 0 
1662 8.440122 0 
1666 8.413131 0 
1668 8.408653 0 
1669 8.392271 0 
1670 8.414258 0 
1671 8.391335 0 
1672 8.374697 0 
1673 8.408581 0 
1674 8.521627 0 
1675 8.505708 0 
1676 8.489414 0 
1677 8.474074 0 
1678 8.510422 0 
1679 8.494278 0 
1680 8.478022 0 
1681 8.461960 0 
1682 8.456593 0 
1684 8.450577 0 
1685 8.434535 0 
1686 8.509184 0 
1687 8.493004 0 
1688 8.476353 0 
1689 8.466632 0 
1690 8.450599 0 
1691 8.479799 0 
1692 8.463546 0 
1693 8.516397 0 
1773 7.173604 0 
1774 7.157776 0 
1775 7.200152 0 
1776 7.184056 0 
1778 7.152060 0 
1779 7.135767 0 
1780 7.257177 0 
1781 7.255760 0 
1782 7.239205 0 
1783 7.222989 0 
1785 7.326246 0 
1786 7.310027 0 
1787 7.293659 0 
1788 7.277349 0 
1789 7.373099 0 
1790 7.496427 0 
1791 7.479871 0 
1795 7.613640 0 
1796 7.638327 0 
1797 7.620970 0 
1798 7.605143 0 
1799 7.606081 0 
1800 7.589625 0 
1801 7.629750 0 
1802 7.803658 0 
1803 7.825876 0 
1804 7.810379 0 
1805 7.794279 0 
1806 7.896159 0 
1807 7.879211 0 
1808 7.862270 0 
1809 7.933434 0 
1810 7.909554 0 
1811 7.893518 0 
1812 8.016296 0 
1813 8.010109 0 
1814 7.993972 0 
1816 8.000138 0 
1817 7.985254 0 
1818 8.084973 0 
1820 8.225311 0 
1822 8.193253 0 
1823 8.176558 0 
1824 8.160283 0 
1825 8.143841 0 
1826 8.126401 0 
1827 8.131299 0 
1828 8.115131 0 
1829 8.205772 0 
1831 8.315215 0 
1832 8.607344 0 
1833 8.590714 0 
1834 8.572048 0 
1836 8.539388 0 
1838 8.508783 0 
1839 8.829187 0 
1840 8.819357 0 
1841 8.802629 0 
1847 8.827886 0 
1848 8.811467 0 
1849 9.031660 0 
1852 9.084086 0 
1855 9.152375 0 
1857 9.174561 0 
1860 9.211990 0 
1861 9.228271 0 
1862 9.212326 0 
1863 9.196322 0 
1864 9.213213 0 
1865 9.197726 0 
1867 9.164768 0 
1868 9.188114 0 
1869 9.171887 0 
1870 9.238550 0 
1871 9.222313 0 
1872 9.206152 0 
1873 9.189830 0 
1874 9.179253 0 
1875 9.158397 0 
1876 9.211433 0 
1877 9.192210 0 
1878 9.318596 0 
1879 9.306128 0 
1880 9.289939 0 
1881 9.273594 0 
1884 9.419049 0 
1885 9.403669 0 
1886 9.386602 0 
1887 9.370048 0 
1888 9.353969 0 
1889 9.361698 0 
1890 9.345739 0 
1891 9.327069 0 
1892 9.385946 0 
1894 9.352554 0 
1896 9.320375 0 
1900 9.373839 0 
1901 9.440630 0 
1902 9.424641 0 
1904 9.455589 0 
1905 9.439178 0 
1906 9.457746 0 
1907 9.441579 0 
1909 9.483464 0 
1911 9.527042 0 
1912 9.581372 0 
1913 9.565656 0 
1915 9.533830 0 
1916 9.641069 0 
1917 9.624877 0 
1919 9.590930 0 
1920 9.575161 0 
1921 9.558652 0 
1922 9.541353 0 
1923 9.523658 0 
1924 9.506995 0 
1925 9.656773 0 
1926 9.641437 0 
1927 9.625290 0 
1928 9.609210 0 
1929 9.592407 0 
1930 9.576220 0 
1931 9.557921 0 
1932 9.541656 0 
1933 9.525471 0 
1934 9.509690 0 
1935 9.558054 0 
1936 9.542272 0 
1938 9.507442 0 
1939 9.490902 0 
1940 9.474716 0 
1941 9.458407 0 
1942 9.494263 0 
1943 9.478105 0 
1944 9.718061 0 
1946 9.689423 0 
1947 9.719033 0 
1948 9.702376 0 
1949 9.686111 0 
1950 9.669943 0 
1951 9.653648 0 
1952 9.637280 0 
1953 9.621006 0 
1954 9.605042 0 
1955 9.668076 0 
1956 9.651893 0 
1957 9.635866 0 
1960 9.763490 0 
1961 9.788651 0 
1962 10.012882 0 
1963 9.996516 0 
1964 10.003808 0 
1967 10.072955 0 
1968 10.069045 0 
1970 10.207840 0 
1972 10.182135 0 
1973 10.183552 0 
1974 10.165477 0 
1975 10.149326 0 
1977 10.115971 0 
1978 10.096029 0 
1979 10.071768 0 
1980 10.056600 0 
1981 10.040669 0 
1982 10.092901 0 
1984 10.060292 0 
1985 10.067145 0 
1986 10.122994 0 
1987 10.224657 0 
1991 10.210618 0 
1992 10.190966 0 
1994 10.199636 0 
1995 10.183397 0 
1996 10.297429 0 
1997 10.275890 0 
1998 10.259082 0 
1999 10.243374 0 
2000 10.227169 0 
2001 10.211589 0 
2002 10.206465 0 
2003 10.244896 0 
2004 10.228165 0 
2005 10.212657 0 
2006 10.195935 0 
2007 10.179054 0 
2008 10.198016 0 
2009 10.178418 0 
2010 10.161916 0 
2011 10.155248 0 
2012 10.139293 0 
2013 10.171789 0 
2014 10.155634 0 
2015 10.139213 0 
2016 10.123139 0 
2017 10.107008 0 
2018 10.114021 0 
2019 10.097481 0 
2021 10.065609 0 
2022 10.052297 0 
2023 10.043404 0 
2024 10.027467 0 
2025 10.030109 0 
2026 10.013487 0 
2027 10.001620 0 
2028 10.019370 0 
2030 10.012542 0 
2031 9.996291 0 
2032 9.980212 0 
2033 9.963658 0 
2035 9.924034 0 
2037 9.919030 0 
2038 9.901961 0 
2039 9.914249 0 
2040 9.896777 0 
2043 9.866797 0 
2044 9.850642 0 
2045 9.834345 0 
2046 9.817960 0 
2047 9.822895 0 
2048 9.805151 0 
2049 9.788552 0 
2050 9.784904 0 
2051 9.817564 0 
2052 9.859187 0 
2053 9.843319 0 
2054 9.823937 0 
2056 9.791994 0 
2058 9.822939 0 
2059 9.821827 0 
2060 9.805714 0 
2061 9.789523 0 
2196 7.554085 0 
2197 7.538411 0 
2198 7.522338 0 
2199 7.505340 0 
2200 7.487751 0 
2201 7.479289 0 
2202 7.481488 0 
2203 7.497893 0 
2204 7.481447 0 
2205 7.560222 0 
2206 7.543878 0 
2207 7.528326 0 
2208 7.513009 0 
2209 7.496574 0 
2210 7.480322 0 
2211 7.481092 0 
2212 7.519914 0 
2213 7.503728 0 
2214 7.487393 0 
2215 7.536611 0 
2216 7.520205 0 
2217 7.496570 0 
2222 7.486878 0 
2223 7.470910 0 
2224 7.462065 0 
2225 7.446064 0 
2226 7.506221 0 
2227 7.489512 0 
2229 7.567175 0 
2230 7.551630 0 
2231 7.618093 0 
2232 7.601701 0 
2234 7.569568 0 
2237 7.628842 0 
2238 7.613254 0 
2239 7.627594 0 
2243 7.684602 0 
2244 7.704837 0 
2245 7.690530 0 
2246 7.709227 0 
2248 7.760071 0 
2249 7.751969 0 
2250 7.735430 0 
2251 7.719444 0 
2253 7.747014 0 
2255 7.714960 0 
2257 7.903893 0 
2258 7.887724 0 
2259 7.871987 0 
2260 7.855216 0 
2261 7.920273 0 
2262 7.904250 0 
2263 7.916072 0 
2265 7.884369 0 
2266 7.868260 0 
2267 7.852253 0 
2268 7.841442 0 
2269 7.824117 0 
2270 7.828294 0 
2271 7.852519 0 
2272 7.853325 0 
2273 7.837282 0 
2274 7.826480 0 
2275 7.864594 0 
2276 8.016766 0 
2277 7.996429 0 
2278 7.980042 0 
2279 7.963704 0 
2281 8.113611 0 
2282 8.206440 0 
2283 8.267658 0 
2284 8.251703 0 
2285 8.232428 0 
2286 8.298056 0 
2287 8.281829 0 
2288 8.265855 0 
2289 8.249073 0 
2290 8.371910 0 
2292 8.339876 0 
2294 8.335733 0 
2295 8.319496 0 
2297 8.465190 0 
2298 8.594374 0 
2299 8.579025 0 
2300 8.562497 0 
2302 8.743796 0 
2303 8.745297 0 
2304 8.729045 0 
2305 8.712491 0 
2307 8.679853 0 
2310 8.833969 0 
2311 8.817647 0 
2315 8.873999 0 
2317 8.902256 0 
2318 8.929323 0 
2319 8.912952 0 
2320 8.896237 0 
2321 8.877623 0 
2322 8.970540 0 
2323 9.105272 0 
2324 9.089190 0 
2325 9.073993 0 
2327 9.040166 0 
2328 9.016229 0 
2329 9.024620 0 
2330 9.008367 0 
2331 8.992497 0 
2333 9.011284 0 
2334 8.994688 0 
2336 8.962438 0 
2337 8.941117 0 
2338 9.153355 0 
2339 9.147486 0 
2340 9.131449 0 
2341 9.171924 0 
2345 9.182391 0 
2346 9.165673 0 
2347 9.149699 0 
2348 9.132371 0 
2349 9.117338 0 
2350 9.145819 0 
2351 9.129567 0 
2352 9.113554 0 
2353 9.097829 0 
2354 9.088186 0 
2355 9.157337 0 
2357 9.125013 0 
2358 9.108771 0 
2359 9.093025 0 
2360 9.076864 0 
2361 9.233112 0 
2362 9.306920 0 
2363 9.290524 0 
2365 9.256350 0 
2366 9.250534 0 
2367 9.250265 0 
2368 9.268770 0 
2370 9.236455 0 
2371 9.220190 0 
2372 9.291028 0 
2373 9.274602 0 
2375 9.236039 0 
2377 9.276546 0 
2378 9.286510 0 
2379 9.300645 0 
2380 9.284654 0 
2382 9.252987 0 
2383 9.230214 0 
2384 9.214819 0 
2385 9.363154 0 
2386 9.368253 0 
2387 9.352092 0 
2388 9.359116 0 
2389 9.342177 0 
2390 9.318262 0 
2392 9.335158 0 
2393 9.311817 0 
2394 9.315130 0 
2395 9.333894 0 
2396 9.317837 0 
2397 9.302034 0 
2398 9.286076 0 
2399 9.269741 0 
2400 9.253690 0 
2401 9.237761 0 
2402 9.225494 0 
2403 9.204746 0 
2405 9.330369 0 
2406 9.315206 0 
2409 9.413228 0 
2411 9.370830 0 
2412 9.495823 0 
2413 9.478904 0 
2415 9.497883 0 
2416 9.481713 0 
2417 9.463665 0 
2419 9.463209 0 
2420 9.447242 0 
2421 9.517672 0 
2422 9.501310 0 
2423 9.484775 0 
2424 9.468642 0 
2425 9.452760 0 
2426 9.447509 0 
2430 9.453637 0 
2431 9.437485 0 
2433 9.404415 0 
2435 9.497455 0 
2437 9.782099 0 
2438 9.769817 0 
2441 9.741241 0 
2442 9.921834 0 
2443 9.905961 0 
2444 9.888101 0 
2445 9.864614 0 
2447 9.863633 0 
2448 9.847587 0 
2451 9.987335 0 
2452 9.971337 0 
2454 10.020564 0 
2456 10.174674 0 
2457 10.158429 0 
2458 10.176242 0 
2459 10.157097 0 
2460 10.141061 0 
2461 10.124907 0 
2462 10.108686 0 
2464 10.076480 0 
2465 10.060424 0 
2466 10.093416 0 
2467 10.077520 0 
2468 10.061340 0 
2469 10.081835 0 
2470 10.065482 0 
2471 10.049089 0 
2472 10.032992 0 
2473 10.103299 0 
2474 10.086856 0 
2475 10.113607 0 
2476 10.097295 0 
2477 10.081123 0 
2478 10.066033 0 
2480 10.116724 0 
2481 10.099816 0 
2482 10.084003 0 
2640 7.410613 0 
2641 7.398257 0 
2642 7.382401 0 
2643 7.366509 0 
2644 7.359952 0 
2645 7.397588 0 
2646 7.468262 0 
2647 7.452112 0 
2648 7.435861 0 
2649 7.510833 0 
2650 7.494352 0 
2653 7.476650 0 
2655 7.516542 0 
2657 7.502120 0 
2658 7.616159 0 
2659 7.600039 0 
2660 7.584203 0 
2661 7.568118 0 
2663 7.634618 0 
2664 7.698720 0 
2665 7.678390 0 
2666 7.701057 0 
2667 7.681528 0 
2668 7.664489 0 
2669 7.693713 0 
2670 7.671602 0 
2671 7.655980 0 
2672 7.644719 0 
2673 7.691091 0 
2674 7.675166 0 
2675 7.659292 0 
2676 7.640084 0 
2677 7.624149 0 
2679 7.602291 0 
2681 7.821133 0 
2682 7.806877 0 
2686 7.933001 0 
2687 7.916971 0 
2688 7.901292 0 
2690 7.939496 0 
2693 8.197156 0 
2694 8.181228 0 
2695 8.275616 0 
2696 8.257632 0 
2697 8.285382 0 
2698 8.304033 0 
2700 8.331442 0 
2701 8.315185 0 
2705 8.405065 0 
2707 8.371571 0 
2708 8.355075 0 
2709 8.339250 0 
2711 8.306424 0 
2712 8.378292 0 
2713 8.362488 0 
2715 8.330001 0 
2716 8.313599 0 
2717 8.297153 0 
2718 8.280832 0 
2719 8.267652 0 
2720 8.284325 0 
2721 8.268128 0 
2723 8.282049 0 
2724 8.303532 0 
2725 8.287555 0 
2727 8.307544 0 
2728 8.366796 0 
2729 8.350963 0 
2730 8.349871 0 
2731 8.431787 0 
2732 8.415476 0 
2734 8.382432 0 
2736 8.357631 0 
2737 8.429546 0 
2738 8.413455 0 
2739 8.396801 0 
2740 8.380981 0 
2742 8.348234 0 
2743 8.332361 0 
2744 8.322078 0 
2745 8.325655 0 
2746 8.309678 0 
2747 8.418444 0 
2748 8.398485 0 
2749 8.382573 0 
2750 8.366214 0 
2751 8.350356 0 
2757 8.581788 0 
2758 8.576011 0 
2759 8.568284 0 
2760 8.551872 0 
2761 8.589014 0 
2763 8.556687 0 
2764 8.639898 0 
2765 8.623168 0 
2766 8.662699 0 
2768 8.657986 0 
2769 8.641471 0 
2770 8.657668 0 
2771 8.786377 0 
2773 8.795436 0 
2775 8.910127 0 
2776 8.893424 0 
2777 8.877673 0 
2778 8.861908 0 
2780 8.829656 0 
2781 8.848938 0 
2782 8.917968 0 
2783 8.902163 0 
2784 8.886029 0 
2785 8.874488 0 
2786 8.892529 0 
2787 8.876436 0 
2788 8.925504 0 
2790 8.893655 0 
2791 8.976621 0 
2792 8.960512 0 
2793 8.982107 0 
2794 9.048703 0 
2795 9.032363 0 
2796 9.015770 0 
2797 8.998674 0 
2798 8.988123 0 
2799 8.971440 0 
2800 8.997051 0 
2801 8.981237 0 
2802 8.967119 0 
2803 9.025227 0 
2804 9.095151 0 
2805 9.093274 0 
2806 9.084191 0 
2807 9.069805 0 
2808 9.064008 0 
2809 9.046856 0 
2810 9.046622 0 
2811 9.030234 0 
2812 9.013711 0 
2813 8.997305 0 
2814 8.981180 0 
2815 8.965043 0 
2817 9.051480 0 
2818 9.069020 0 
2819 9.066266 0 
2820 9.048899 0 
2821 9.032681 0 
2822 9.016696 0 
2823 9.000208 0 
2824 9.036877 0 
2826 9.040094 0 
2827 9.148769 0 
2828 9.132881 0 
2829 9.116386 0 
2831 9.078665 0 
2833 9.046244 0 
2834 9.030429 0 
2836 9.153445 0 
2839 9.105207 0 
2842 9.204158 0 
2843 9.187688 0 
2844 9.179615 0 
2845 9.163055 0 
2846 9.146650 0 
2848 9.430346 0 
2849 9.415137 0 
2850 9.399294 0 
2854 9.531401 0 
2855 9.516660 0 
2856 9.500838 0 
2857 9.563273 0 
2858 9.547104 0 
2859 9.531239 0 
2860 9.512649 0 
2862 9.510827 0 
2864 9.642400 0 
2865 9.626255 0 
2866 9.608800 0 
2867 9.589382 0 
2868 9.589587 0 
2869 9.573510 0 
2870 9.557390 0 
2871 9.540880 0 
2872 9.581843 0 
2873 9.565234 0 
2874 9.556746 0 
2875 9.540111 0 
2876 9.523897 0 
2878 9.620158 0 
2879 9.608739 0 
2880 9.592572 0 
2881 9.625438 0 
2882 9.617773 0 
2883 9.601686 0 
2884 9.585477 0 
2885 9.690201 0 
2886 9.673658 0 
2887 9.774447 0 
2889 9.792835 0 
2891 9.750922 0 
2892 9.734601 0 
2893 9.718515 0 
2895 9.830413 0 
2896 9.855740 0 
2900 9.950706 0 
2901 9.934600 0 
2902 9.914952 0 
2904 9.974040 0 
2907 9.951823 0 
2908 9.935226 0 
2910 9.903799 0 
2911 9.902375 0 
2912 10.017319 0 
2914 9.985153 0 
2915 9.968692 0 
2916 9.951981 0 
2917 9.932264 0 
2918 9.907970 0 
2919 9.892105 0 
2920 9.880477 0 
2921 9.959589 0 
2922 9.942867 0 
2923 9.926511 0 
2924 9.910207 0 
2925 9.900541 0 
2926 9.892464 0 
3074 7.385686 0 
3075 7.410433 0 
3077 7.593993 0 
3079 7.779455 0 
3080 7.762834 0 
3081 7.746743 0 
3082 7.730752 0 
3083 7.712345 0 
3084 7.696115 0 
3090 7.869951 0 
3091 7.854445 0 
3092 7.838445 0 
3093 7.816142 0 
3094 7.848899 0 
3096 7.948731 0 
3098 7.917952 0 
3099 7.929920 0 
3101 8.142351 0 
3106 8.295257 0 
3107 8.279970 0 
3109 8.366821 0 
3114 8.442919 0 
3115 8.426793 0 
3116 8.411006 0 
3117 8.394665 0 
3118 8.378231 0 
3119 8.364722 0 
3120 8.445282 0 
3121 8.428620 0 
3122 8.412512 0 
3125 8.401047 0 
3126 8.444513 0 
3128 8.477672 0 
3129 8.485612 0 
3130 8.480433 0 
3132 8.455352 0 
3133 8.439381 0 
3134 8.435184 0 
3135 8.418693 0 
3136 8.457160 0 
3140 8.552245 0 
3141 8.532564 0 
3142 8.516362 0 
3143 8.561266 0 
3144 8.545011 0 
3145 8.528338 0 
3146 8.516221 0 
3147 8.557444 0 
3148 8.540490 0 
3149 8.523849 0 
3150 8.507761 0 
3151 8.547259 0 
3153 8.514815 0 
3154 8.541285 0 
3155 8.532173 0 
3156 8.623634 0 
3157 8.626561 0 
3158 8.602411 0 
3159 8.621508 0 
3161 8.589122 0 
3164 8.914913 0 
3166 8.882657 0 
3167 8.866505 0 
3168 8.849076 0 
3169 8.832328 0 
3171 8.798743 0 
3172 8.782154 0 
3173 8.763895 0 
3174 8.747603 0 
3175 8.786552 0 
3176 8.768740 0 
3178 8.733403 0 
3179 8.776865 0 
3182 8.865280 0 
3183 8.849196 0 
3184 8.850986 0 
3185 8.834906 0 
3186 8.841442 0 
3189 8.926870 0 
3191 8.950232 0 
3193 9.043656 0 
3194 9.027609 0 
3195 9.011434 0 
3196 8.993738 0 
3197 9.036992 0 
3198 9.020961 0 
3199 9.004491 0 
3200 9.059896 0 
3201 9.096746 0 
3202 9.079470 0 
3203 9.063673 0 
3204 9.053601 0 
3205 9.071982 0 
3206 9.154511 0 
3207 9.137507 0 
3208 9.170265 0 
3209 9.311318 0 
3210 9.295068 0 
3211 9.279489 0 
3212 9.264051 0 
3213 9.314777 0 
3215 9.281852 0 
3216 9.263185 0 
3217 9.290429 0 
3218 9.274164 0 
3219 9.257954 0 
3220 9.300141 0 
3221 9.375071 0 
3222 9.358865 0 
3224 9.326255 0 
3225 9.309748 0 
3226 9.292647 0 
3227 9.275420 0 
3229 9.240792 0 
3231 9.299110 0 
3233 9.348104 0 
3239 9.554780 0 
3240 9.538728 0 
3241 9.521304 0 
3242 9.503872 0 
3243 9.487998 0 
3244 9.475586 0 
3245 9.519562 0 
3246 9.503307 0 
3247 9.487165 0 
3248 9.568332 0 
3250 9.536381 0 
3252 9.557775 0 
3253 9.554502 0 
3254 9.563882 0 
3255 9.547779 0 
3256 9.528596 0 
3257 9.711734 0 
3262 9.690081 0 
3263 9.700508 0 
3264 9.684350 0 
3265 9.668164 0 
3266 9.651966 0 
3267 9.634554 0 
3268 9.617409 0 
3269 9.667223 0 
3270 9.651262 0 
3271 9.657085 0 
3272 9.641647 0 
3274 9.693071 0 
3276 9.810261 0 
3277 9.794751 0 
3278 9.899270 0 
3280 9.893853 0 
3282 9.941344 0 
3283 9.925071 0 
3284 9.957990 0 
3285 9.941216 0 
3289 10.069078 0 
3290 10.049454 0 
3291 10.032933 0 
3292 10.017009 0 
3293 10.000720 0 
3294 9.984312 0 
3295 10.011013 0 
3297 10.069756 0 
3298 10.048957 0 
3299 10.094010 0 
3300 10.077484 0 
3305 10.348056 0 
3306 10.331712 0 
3308 10.299201 0 
3309 10.304098 0 
3310 10.436345 0 
3312 10.403730 0 
3313 10.386901 0 
3314 10.369526 0 
3315 10.353601 0 
3316 10.337371 0 
3317 10.321077 0 
3318 10.496933 0 
3319 10.480390 0 
3320 10.507884 0 
3321 10.493116 0 
3322 10.477056 0 
3324 10.494662 0 
3325 10.478391 0 
3326 10.461676 0 
3327 10.459862 0 
3328 10.467054 0 
3329 10.450886 0 
3331 10.417917 0 
3332 10.401881 0 
3333 10.471016 0 
3334 10.454817 0 
3335 10.439110 0 
3336 10.422583 0 
3337 10.406339 0 
3339 10.491870 0 
3340 10.475714 0 
3341 10.459495 0 
3342 10.444130 0 
3343 10.467767 0 
3344 10.468497 0 
3345 10.579584 0 
3346 10.591052 0 
3347 10.616906 0 
3352 10.665503 0 
3353 10.639499 0 
3354 10.708190 0 
3355 10.698572 0 
3356 10.766701 0 
3357 10.750613 0 
3358 10.726269 0 
3360 10.750910 0 
3361 10.790577 0 
3512 8.361889 0 
3514 8.426687 0 
3516 8.395071 0 
3517 8.377401 0 
3519 8.445034 0 
3520 8.428699 0 
3521 8.468313 0 
3522 8.489180 0 
3523 8.486931 0 
3524 8.476735 0 
3525 8.506638 0 
3526 8.564092 0 
3527 8.547627 0 
3528 8.532110 0 
3530 8.627855 0 
3531 8.611792 0 
3532 8.593745 0 
3533 8.577715 0 
3534 8.561093 0 
3535 8.594884 0 
3536 8.650668 0 
3538 8.615380 0 
3539 8.599274 0 
3543 8.675300 0 
3546 8.713675 0 
3547 8.698088 0 
3548 8.681446 0 
3549 8.665541 0 
3551 8.632832 0 
3552 8.611309 0 
3553 8.587292 0 
3555 8.856690 0 
3556 8.841470 0 
3557 8.912562 0 
3559 8.880558 0 
3560 8.864424 0 
3561 8.847280 0 
3562 8.939583 0 
3564 8.899915 0 
3565 8.932801 0 
3566 8.916775 0 
3567 8.897832 0 
3569 8.861778 0 
3571 8.952633 0 
3572 8.936802 0 
3573 8.920754 0 
3574 8.904569 0 
3576 8.909843 0 
3577 8.893513 0 
3578 8.946050 0 
3579 8.929995 0 
3580 8.948450 0 
3581 8.932416 0 
3582 9.026121 0 
3583 9.068920 0 
3584 9.067190 0 
3588 9.155594 0 
3589 9.139549 0 
3597 9.545916 0 
3598 9.639107 0 
3599 9.712734 0 
3600 9.696895 0 
3601 9.680498 0 
3602 9.768951 0 
3603 9.749704 0 
3604 9.733039 0 
3605 9.740673 0 
3606 9.765774 0 
3607 9.810464 0 
3608 9.793069 0 
3609 9.776896 0 
3610 9.760373 0 
3611 9.794983 0 
3613 9.762773 0 
3614 9.798413 0 
3615 9.800412 0 
3616 9.783907 0 
3618 9.909138 0 
3619 9.892429 0 
3620 9.869635 0 
3622 10.059141 0 
3623 10.052436 0 
3624 10.036605 0 
3625 10.020375 0 
3627 9.988013 0 
3629 9.981840 0 
3630 10.144922 0 
3631 10.129346 0 
3632 10.113496 0 
3635 10.063890 0 
3636 10.044091 0 
3637 10.092969 0 
3638 10.076977 0 
3639 10.095866 0 
3640 10.166951 0 
3641 10.172267 0 
3642 10.156723 0 
3643 10.291474 0 
3644 10.295911 0 
3645 10.296059 0 
3646 10.354820 0 
3648 10.319640 0 
3650 10.284125 0 
3651 10.297072 0 
3652 10.278669 0 
3653 10.262025 0 
3654 10.245418 0 
3655 10.228964 0 
3656 10.247275 0 
3658 10.229030 0 
3659 10.212356 0 
3660 10.222960 0 
3661 10.207017 0 
3662 10.211898 0 
3663 10.195992 0 
3664 10.259118 0 
3665 10.243083 0 
3666 10.333865 0 
3667 10.317963 0 
3670 10.445775 0 
3671 10.429476 0 
3672 10.413372 0 
3676 10.605217 0 
3677 10.588841 0 
3678 10.572682 0 
3679 10.552325 0 
3680 10.666084 0 
3681 10.677574 0 
3685 10.744395 0 
3687 10.711318 0 
3688 10.695519 0 
3689 10.678954 0 
3690 10.662658 0 
3691 10.646477 0 
3692 10.733900 0 
3693 10.827178 0 
3695 10.988611 0 
3696 10.973500 0 
3697 10.952229 0 
3698 11.013299 0 
3700 10.996782 0 
3702 11.182567 0 
3703 11.167790 0 
3704 11.151501 0 
3706 11.201467 0 
3707 11.184769 0 
3708 11.208925 0 
3711 11.204283 0 
3712 11.247786 0 
3713 11.231524 0 
3714 11.268468 0 
3715 11.252120 0 
3716 11.235838 0 
3717 11.219397 0 
3718 11.199250 0 
3719 11.183136 0 
3720 11.167053 0 
3721 11.150466 0 
3722 11.178662 0 
3723 11.161952 0 
3725 11.376164 0 
3726 11.360001 0 
3727 11.343983 0 
3731 11.279733 0 
3732 11.313391 0 
3734 11.350813 0 
3735 11.333978 0 
3737 11.343381 0 
3738 11.319157 0 
3739 11.304115 0 
3740 11.287781 0 
3741 11.270195 0 
3742 11.264606 0 
3743 11.338503 0 
3744 11.318237 0 
3745 11.302077 0 
3746 11.286173 0 
3747 11.271317 0 
3748 11.255274 0 
3750 11.222404 0 
3751 11.314231 0 
3752 11.297886 0 
3753 11.281992 0 
3754 11.318417 0 
3755 11.341087 0 
3756 11.325032 0 
3758 11.332306 0 
3760 11.348650 0 
3761 11.477653 0 
3763 11.444606 0 
3764 11.428020 0 
3765 11.411695 0 
3766 11.395809 0 
3768 11.363445 0 
3769 11.340123 0 
3770 11.323553 0 
3771 11.306530 0 
3772 11.290282 0 
3773 11.344807 0 
3775 11.312774 0 
3776 11.369790 0 
3777 11.362118 0 
3778 11.345643 0 
3779 11.322003 0 
3780 11.305637 0 
3781 11.289654 0 
3782 11.273212 0 
3783 11.267137 0 
3785 11.233968 0 
3786 11.217293 0 
3787 11.201114 0 
3788 11.184353 0 
3789 11.253684 0 
3790 11.237558 0 
3791 11.219360 0 
3792 11.203120 0 
3793 11.186940 0 
3794 11.171035 0 
3795 11.154980 0 
3796 11.139729 0 
3797 11.123030 0 
3798 11.106856 0 
3993 7.872838 0 
3995 7.994350 0 
3997 8.036636 0 
3998 8.028725 0 
3999 8.012374 0 
4000 8.048328 0 
4001 8.025774 0 
4002 8.011147 0 
4003 7.994475 0 
4004 7.979741 0 
4005 7.963375 0 
4006 7.957159 0 
4007 7.937566 0 
4008 7.919038 0 
4009 7.903270 0 
4011 7.877818 0 
4012 7.928651 0 
4013 7.912520 0 
4014 7.896217 0 
4015 7.880106 0 
4016 7.863925 0 
4017 7.847746 0 
4018 7.830995 0 
4020 7.798777 0 
4021 7.782362 0 
4022 7.766227 0 
4023 7.750065 0 
4025 7.717626 0 
4027 7.700883 0 
4028 7.687800 0 
4029 7.739296 0 
4030 7.732954 0 
4033 7.712822 0 
4034 7.695517 0 
4035 7.764594 0 
4036 7.748476 0 
4037 7.732443 0 
4038 7.716417 0 
4039 7.700207 0 
4040 7.759560 0 
4041 7.743699 0 
4042 7.787935 0 
4043 7.771947 0 
4044 7.815348 0 
4046 7.771166 0 
4048 7.781745 0 
4049 7.765904 0 
4050 7.749386 0 
4051 7.730510 0 
4052 7.714352 0 
4053 7.698230 0 
4054 7.682339 0 
4056 7.649700 0 
4057 7.637488 0 
4058 7.620953 0 
4059 7.608745 0 
4060 7.589374 0 
4061 7.582782 0 
4062 7.569880 0 
4063 7.597336 0 
4064 7.578937 0 
4065 7.558877 0 
4066 7.541498 0 
4067 7.525498 0 
4068 7.521390 0 
4069 7.527374 0 
4070 7.511248 0 
4072 7.478468 0 
4073 7.561767 0 
4074 7.546103 0 
4075 7.608611 0 
4079 7.678378 0 
4080 7.662887 0 
4081 7.646464 0 
4085 7.746572 0 
4086 7.730234 0 
4087 7.783223 0 
4088 7.767113 0 
4089 7.774296 0 
4090 7.805277 0 
4091 8.002042 0 
4093 7.970080 0 
4094 7.954937 0 
4095 7.939246 0 
4096 7.990883 0 
4098 7.958552 0 
4100 7.977535 0 
4101 8.056658 0 
4102 8.059994 0 
4104 8.229681 0 
4106 8.197045 0 
4108 8.305674 0 
4109 8.289935 0 
4110 8.267138 0 
4111 8.306447 0 
4112 8.290367 0 
4113 8.274065 0 
4114 8.258133 0 
4115 8.236442 0 
4116 8.219987 0 
4117 8.211579 0 
4118 8.251862 0 
4119 8.236061 0 
4120 8.239475 0 
4121 8.222439 0 
4122 8.205665 0 
4123 8.412747 0 
4124 8.396873 0 
4125 8.380254 0 
4127 8.342643 0 
4128 8.326514 0 
4129 8.404136 0 
4130 8.388052 0 
4131 8.371870 0 
4132 8.371730 0 
4133 8.450873 0 
4135 8.416838 0 
4136 8.400589 0 
4137 8.431753 0 
4138 8.463800 0 
4139 8.447623 0 
4140 8.431395 0 
4141 8.415933 0 
4142 8.398340 0 
4143 8.427342 0 
4144 8.410557 0 
4145 8.387556 0 
4146 8.398576 0 
4148 8.430114 0 
4149 8.413754 0 
4661 0.033222 1 
4662 0.020144 1 
4663 0.010392 1 
4664 0.012808 1 
4665 0.017204 1 
4666 0.021316 1 
4667 0.010591 1 
4669 0.013983 1 
4670 0.029933 1 
4671 0.024325 1 
4672 0.018803 1 
4673 0.017151 1 
4677 0.130040 1 
4678 0.114008 1 
4682 0.075241 1 
4683 0.083037 1 
4684 0.067048 1 
4685 0.051029 1 
4686 0.044280 1 
4687 0.027878 1 
4152 9.098773 0 
4154 9.066473 0 
4156 9.030972 0 
4157 9.015470 0 
4688 0.058315 1 
4690 0.032047 1 
4691 0.014544 1 
4158 9.019961 0 
4692 0.015746 1 
4693 0.026874 1 
4695 0.025976 1 
4163 9.041836 0 
4164 9.025602 0 
4167 9.073920 0 
4168 9.065382 0 
4169 9.048955 0 
4170 9.032416 0 
4697 0.167297 1 
4699 0.164728 1 
4702 0.113189 1 
4703 0.096983 1 
4705 0.064661 1 
4706 0.048146 1 
4707 0.030898 1 
4708 0.014718 1 
4171 9.121893 0 
4173 9.089998 0 
4174 9.074250 0 
4709 0.034325 1 
4710 0.054839 1 
4711 0.055073 1 
4712 0.038724 1 
4713 0.051630 1 
4714 0.053778 1 
4715 0.029747 1 
4175 9.171556 0 
4176 9.155672 0 
4177 9.139608 0 
4716 0.027057 1 
4717 0.021357 1 
4178 9.146594 0 
4718 0.023864 1 
4719 0.031903 1 
4720 0.048630 1 
4721 0.032938 1 
4179 9.231059 0 
4180 9.214522 0 
4181 9.198987 0 
4183 9.166587 0 
4184 9.175736 0 
4185 9.159636 0 
4186 9.143748 0 
4187 9.127528 0 
4722 0.089182 1 
4724 0.055901 1 
4725 0.039601 1 
4726 0.043602 1 
4727 0.023134 1 
4188 9.150697 0 
4189 9.146180 0 
4728 0.038566 1 
4729 0.022289 1 
4730 0.030639 1 
4732 0.013802 1 
4733 0.012728 1 
4734 0.013709 1 
4735 0.014009 1 
4736 0.016484 1 
4737 0.011017 1 
4738 0.016770 1 
4739 0.015590 1 
4190 9.323393 0 
4740 0.027978 1 
4741 0.011671 1 
4742 0.024012 1 
4743 0.011972 1 
4745 0.016420 1 
4194 9.336541 0 
4195 9.318762 0 
4196 9.301419 0 
4197 9.284430 0 
4746 0.008289 1 
4747 0.013182 1 
4748 0.016634 1 
4749 0.021236 1 
4750 0.016443 1 
4751 0.021522 1 
4198 9.387468 0 
4199 9.371282 0 
4753 0.019561 1 
4200 9.381337 0 
4201 9.365351 0 
4754 0.019046 1 
4202 9.359159 0 
4203 9.342555 0 
4204 9.326516 0 
4205 9.312239 0 
4206 9.294843 0 
4755 0.006546 1 
4207 9.309899 0 
4208 9.293401 0 
4210 9.257437 0 
4756 0.020721 1 
4211 9.255763 0 
4212 9.242180 0 
4213 9.224800 0 
4758 0.025968 1 
4214 9.237206 0 
4215 9.216668 0 
4216 9.200415 0 
4217 9.184286 0 
4759 0.023166 1 
4219 9.181641 0 
4220 9.165335 0 
4221 9.143735 0 
4222 9.127487 0 
4224 9.094828 0 
4760 0.032790 1 
4761 0.016686 1 
4763 0.021266 1 
4764 0.010229 1 
4765 0.014405 1 
4226 9.197450 0 
4766 0.151341 1 
4768 0.160733 1 
4770 0.128073 1 
4771 0.111844 1 
4772 0.095559 1 
4773 0.079489 1 
4774 0.058058 1 
4775 0.041148 1 
4776 0.040295 1 
4777 0.024767 1 
4227 9.339804 0 
4778 0.034082 1 
4780 0.046591 1 
4781 0.030276 1 
4228 9.398227 0 
4782 0.027151 1 
4783 0.027694 1 
4784 0.047095 1 
4785 0.053969 1 
4786 0.037845 1 
4787 0.024339 1 
4229 9.478096 0 
4232 9.427276 0 
4233 9.411610 0 
4234 9.395566 0 
4235 9.378381 0 
4788 0.022364 1 
4789 0.034435 1 
4790 0.020426 1 
4791 0.021100 1 
4236 9.433654 0 
4237 9.417808 0 
4238 9.401646 0 
4239 9.385643 0 
4240 9.369562 0 
4241 9.353385 0 
4242 9.335384 0 
4243 9.318978 0 
4792 0.018339 1 
4793 0.013456 1 
4794 0.011436 1 
4795 0.015895 1 
4796 0.010715 1 
4797 0.015612 1 
4798 0.010831 1 
4245 9.387333 0 
4799 0.014209 1 
4800 0.021980 1 
4801 0.009121 1 
4802 0.007057 1 
4247 9.424182 0 
4248 9.407686 0 
4803 0.011814 1 
4804 0.022936 1 
4805 0.024639 1 
4249 9.463346 0 
4250 9.447614 0 
4807 0.016142 1 
4808 0.013255 1 
4251 9.469159 0 
4252 9.452881 0 
4253 9.436332 0 
4809 0.026317 1 
4810 0.047894 1 
4811 0.031153 1 
4812 0.042398 1 
4813 0.026338 1 
4814 0.024981 1 
4255 9.497881 0 
4256 9.481302 0 
4816 0.025084 1 
4257 9.499646 0 
4817 0.018097 1 
4821 0.027503 1 
4823 0.016486 1 
4824 0.010436 1 
4825 0.017831 1 
4826 0.024506 1 
4258 9.672648 0 
4259 9.657633 0 
4260 9.640122 0 
4261 9.623924 0 
4829 0.016426 1 
4830 0.014839 1 
4262 9.646288 0 
4831 0.011915 1 
4832 0.022781 1 
4833 0.020927 1 
4834 0.023914 1 
4835 0.011209 1 
4836 0.017329 1 
4837 0.017826 1 
4838 0.019875 1 
4839 0.044250 1 
4840 0.027949 1 
4842 0.026230 1 
4844 0.010892 1 
4845 0.039907 1 
4846 0.038182 1 
4847 0.035248 1 
4848 0.019210 1 
4263 9.968045 0 
4849 0.036335 1 
4850 0.041826 1 
4852 0.024018 1 
4264 10.005131 0 
4265 9.991257 0 
4266 9.974108 0 
4853 0.041147 1 
4854 0.024794 1 
4855 0.031623 1 
4856 0.024795 1 
4857 0.035614 1 
4267 10.044632 0 
4858 0.035298 1 
4859 0.040452 1 
4860 0.024340 1 
4861 0.040748 1 
4862 0.025018 1 
4268 10.108536 0 
4863 0.024396 1 
4269 10.095159 0 
4864 0.019823 1 
4865 0.018876 1 
4866 0.024188 1 
4271 10.147187 0 
4272 10.132195 0 
4868 0.053408 1 
4869 0.034444 1 
4870 0.045254 1 
4871 0.027155 1 
4872 0.028790 1 
4273 10.201964 0 
4873 0.042716 1 
4874 0.026481 1 
4274 10.223953 0 
4275 10.207264 0 
4276 10.191282 0 
4277 10.175742 0 
4875 0.035125 1 
4876 0.018819 1 
4877 0.042545 1 
4879 0.021752 1 
4881 0.026201 1 
4882 0.028461 1 
4883 0.012372 1 
4454 7.313699 0 
4455 7.297677 0 
4456 7.279271 0 
4457 7.334335 0 
4458 7.318806 0 
4459 7.302692 0 
4460 7.286391 0 
4884 0.139569 1 
4461 7.385583 0 
4462 7.369366 0 
4886 0.238357 1 
4887 0.221915 1 
4889 0.189144 1 
4890 0.197706 1 
4891 0.210435 1 
4892 0.192329 1 
4896 0.124188 1 
4897 0.107585 1 
4463 7.504282 0 
4464 7.488681 0 
4900 0.098860 1 
4901 0.081058 1 
4902 0.089938 1 
4904 0.056186 1 
4905 0.039989 1 
4906 0.027491 1 
4907 0.053162 1 
4908 0.049744 1 
4909 0.033482 1 
4465 7.587042 0 
4466 7.575678 0 
4467 7.561192 0 
4468 7.544271 0 
4910 0.076817 1 
4911 0.060654 1 
4912 0.044237 1 
4913 0.026365 1 
4470 7.580285 0 
4914 0.058163 1 
4915 0.042153 1 
4916 0.023239 1 
4917 0.026854 1 
4918 0.052451 1 
4919 0.058707 1 
4920 0.042892 1 
4921 0.024837 1 
4471 7.717214 0 
4472 7.701134 0 
4473 7.684211 0 
4474 7.667404 0 
4475 7.663190 0 
4476 7.647257 0 
4477 7.631013 0 
4923 0.063034 1 
4924 0.047268 1 
4925 0.031309 1 
4926 0.020957 1 
4478 7.649256 0 
4479 7.631649 0 
4927 0.022156 1 
4481 7.601688 0 
4928 0.025568 1 
4929 0.028376 1 
4931 0.014830 1 
4932 0.039871 1 
4933 0.067113 1 
4483 7.718773 0 
4484 7.702577 0 
4485 7.686700 0 
4486 7.669350 0 
4487 7.653232 0 
4488 7.637126 0 
4489 7.621235 0 
4934 0.086677 1 
4935 0.070374 1 
4936 0.054300 1 
4937 0.039887 1 
4938 0.023793 1 
4491 7.647719 0 
4492 7.630004 0 
4493 7.613181 0 
4494 7.596947 0 
4496 7.561531 0 
4498 7.528160 0 
4499 7.512390 0 
4500 7.490060 0 
4939 0.041096 1 
4940 0.043770 1 
4941 0.027593 1 
4942 0.033919 1 
4944 0.056332 1 
4502 7.563782 0 
4503 7.547631 0 
4504 7.527817 0 
4945 0.061232 1 
4946 0.044974 1 
4947 0.047410 1 
4948 0.078827 1 
4949 0.062540 1 
4506 7.607223 0 
4507 7.591095 0 
4950 0.081405 1 
4952 0.047246 1 
4953 0.053503 1 
4954 0.035994 1 
4955 0.036582 1 
4508 7.655026 0 
4957 0.055048 1 
4958 0.038574 1 
4509 7.657259 0 
4510 7.640998 0 
4511 7.628796 0 
4959 0.118323 1 
4960 0.102126 1 
4962 0.064343 1 
4963 0.098962 1 
4964 0.082857 1 
4965 0.066864 1 
4512 7.808346 0 
4513 7.791305 0 
4966 0.217377 1 
4967 0.213166 1 
4515 7.914270 0 
4516 7.898420 0 
4969 0.213786 1 
4970 0.200160 1 
4973 0.163111 1 
4974 0.146887 1 
4975 0.130496 1 
4976 0.113945 1 
4977 0.182199 1 
4517 7.985941 0 
4518 7.962106 0 
4519 7.945280 0 
4520 7.996800 0 
4521 7.979892 0 
4522 7.964249 0 
4979 0.276598 1 
4980 0.260349 1 
4981 0.282452 1 
4982 0.266301 1 
4983 0.249285 1 
4984 0.233130 1 
4523 8.051088 0 
4985 0.221199 1 
4986 0.207767 1 
4525 8.035325 0 
4526 8.018658 0 
4527 8.002557 0 
4987 0.207917 1 
4988 0.219844 1 
4528 8.023625 0 
4989 0.215187 1 
4990 0.198956 1 
4991 0.182809 1 
4529 8.025257 0 
4992 0.185961 1 
4996 0.121320 1 
4997 0.105299 1 
4530 8.032534 0 
4998 0.112350 1 
4999 0.096495 1 
5000 0.103351 1 
5001 0.087290 1 
5002 0.066918 1 
4531 8.053210 0 
4533 8.020756 0 
4534 8.003146 0 
4535 8.060235 0 
4536 8.044049 0 
4537 8.027301 0 
5003 0.152597 1 
5004 0.137636 1 
5006 0.104907 1 
5007 0.098512 1 
5008 0.082586 1 
5009 0.066333 1 
5010 0.063238 1 
5011 0.061486 1 
5012 0.045953 1 
5013 0.053340 1 
4538 8.101997 0 
4539 8.085900 0 
5015 0.056816 1 
5016 0.040519 1 
5017 0.024450 1 
4540 8.122612 0 
4541 8.106336 0 
5020 0.080586 1 
4542 8.179991 0 
4543 8.164018 0 
4544 8.148460 0 
4546 8.114383 0 
4547 8.128944 0 
4548 8.106968 0 
5022 0.091064 1 
5023 0.074850 1 
4549 8.153192 0 
4551 8.116408 0 
5024 0.167442 1 
5025 0.148368 1 
5029 0.204880 1 
5030 0.216872 1 
5031 0.200806 1 
5032 0.176949 1 
4555 8.255945 0 
4556 8.240014 0 
4557 8.231306 0 
4559 8.223429 0 
4561 8.244573 0 
4562 8.228323 0 
5033 0.257496 1 
5034 0.241458 1 
5035 0.225563 1 
5036 0.208727 1 
4564 8.212552 0 
5037 0.210039 1 
5038 0.207151 1 
5039 0.191013 1 
4565 8.223763 0 
4566 8.207721 0 
4567 8.191496 0 
4568 8.174942 0 
4569 8.158802 0 
5041 0.177318 1 
5043 0.177934 1 
5047 0.148491 1 
5048 0.132326 1 
5049 0.115970 1 
4572 8.201164 0 
4573 8.185591 0 
4574 8.169625 0 
4575 8.153474 0 
5051 0.105195 1 
5052 0.088963 1 
5053 0.072563 1 
5054 0.068845 1 
5055 0.080628 1 
5056 0.067728 1 
4576 8.212150 0 
4577 8.195574 0 
4578 8.179890 0 
4579 8.163519 0 
4581 8.130843 0 
4582 8.114793 0 
4583 8.099050 0 
4584 8.082654 0 
5057 0.111042 1 
5058 0.094384 1 
5059 0.077218 1 
5060 0.081246 1 
4585 8.133002 0 
4586 8.116386 0 
5061 0.113655 1 
4588 8.138857 0 
4589 8.123162 0 
4590 8.133392 0 
4591 8.130711 0 
5063 0.200389 1 
5064 0.179147 1 
5065 0.162644 1 
5067 0.130473 1 
5068 0.113286 1 
5069 0.097702 1 
5070 0.081206 1 
4594 8.173666 0 
4595 8.157694 0 
4596 8.141134 0 
5071 0.130397 1 
5072 0.114279 1 
5073 0.098038 1 
5074 0.081620 1 
5075 0.066537 1 
4597 8.208448 0 
4598 8.185250 0 
4599 8.168896 0 
4600 8.189013 0 
4601 8.169724 0 
4602 8.153343 0 
4603 8.136894 0 
5076 0.128458 1 
5078 0.096606 1 
5080 0.075144 1 
5081 0.074361 1 
5082 0.058047 1 
5083 0.041779 1 
5084 0.073397 1 
5085 0.056630 1 
5086 0.049899 1 
4604 8.236732 0 
5088 0.051155 1 
5089 0.041126 1 
5090 0.051108 1 
4608 8.254521 0 
4609 8.255381 0 
5091 0.114577 1 
5093 0.083033 1 
5095 0.079625 1 
5096 0.063461 1 
5097 0.046995 1 
4610 8.299758 0 
4611 8.283370 0 
4612 8.266917 0 
4613 8.309602 0 
4614 8.293024 0 
4615 8.274322 0 
5099 0.152633 1 
5100 0.136518 1 
5101 0.120751 1 
5103 0.135551 1 
5104 0.119323 1 
5105 0.107116 1 
5106 0.102013 1 
5107 0.085864 1 
5108 0.069887 1 
5109 0.053761 1 
5110 0.077522 1 
5111 0.061066 1 
5112 0.086069 1 
4618 8.456645 0 
4619 8.433459 0 
4620 8.416879 0 
4622 8.409630 0 
4624 8.376227 0 
5113 0.114792 1 
5114 0.147041 1 
5115 0.131147 1 
5116 0.114901 1 
5117 0.130902 1 
4625 8.453626 0 
5118 0.128964 1 
5119 0.157658 1 
5120 0.143193 1 
5122 0.185013 1 
5123 0.168966 1 
5124 0.176531 1 
5125 0.160149 1 
5126 0.143316 1 
5127 0.140541 1 
5128 0.125185 1 
5130 0.127792 1 
4634 8.669201 0 
4635 8.653100 0 
4636 8.634838 0 
4637 8.630603 0 
4638 8.614477 0 
4639 8.598350 0 
4640 8.643999 0 
4641 8.628134 0 
5132 0.397318 1 
5133 0.480730 1 
5134 0.505041 1 
4646 8.792201 0 
4647 8.776094 0 
4648 8.759660 0 
4649 8.743356 0 
4650 8.727082 0 
4651 8.710993 0 
4653 8.670296 0 
4654 8.654002 0 
4655 8.637920 0 
5135 0.564764 1 
4656 8.693930 0 
4657 8.675047 0 
4658 8.658212 0 
4659 8.642339 0 
4660 8.625430 0 
4661 8.609486 0 
5136 0.570893 1 
5137 0.597194 1 
5138 0.606721 1 
4662 8.694136 0 
4663 8.677920 0 
4664 8.661378 0 
5139 0.635228 1 
5140 0.619148 1 
4665 8.676649 0 
5141 0.634060 1 
5143 0.599548 1 
5170 0.262190 1 
5173 0.212968 1 
5174 0.196606 1 
5175 0.180294 1 
4671 8.803739 0 
4672 8.787894 0 
5179 0.200727 1 
4673 8.828029 0 
4675 8.795622 0 
5180 0.223570 1 
5181 0.207444 1 
5182 0.191221 1 
5184 0.214203 1 
4676 8.857264 0 
4677 8.838949 0 
4678 8.826306 0 
4680 8.848193 0 
4682 8.816182 0 
4683 8.799635 0 
4684 8.859016 0 
4685 8.843030 0 
5187 0.357965 1 
5188 0.341917 1 
5189 0.383951 1 
5190 0.393949 1 
4690 8.879599 0 
4691 8.862362 0 
4692 8.840959 0 
4693 8.825095 0 
5193 0.384432 1 
4695 8.824031 0 
5194 0.392265 1 
4697 8.822481 0 
4698 8.806148 0 
4699 8.787138 0 
4701 8.755487 0 
4702 8.793873 0 
5195 0.456063 1 
5196 0.439809 1 
5199 0.404008 1 
4703 8.807501 0 
4705 8.775190 0 
4706 8.759256 0 
4707 8.742019 0 
4708 8.725841 0 
4709 8.709478 0 
5202 0.431069 1 
5208 0.372968 1 
4710 8.818553 0 
5214 0.319896 1 
5215 0.296977 1 
4712 8.931999 0 
4713 8.916102 0 
4714 8.909261 0 
4715 8.948363 0 
4716 8.932419 0 
4717 8.914978 0 
4718 8.898809 0 
4719 8.894884 0 
4720 8.878277 0 
4721 8.862503 0 
4722 8.846406 0 
4724 8.830301 0 
5228 0.274206 1 
5229 0.258269 1 
4726 8.839422 0 
5230 0.278989 1 
5231 0.262656 1 
5232 0.239404 1 
4727 8.828205 0 
4728 8.812103 0 
5233 0.233592 1 
5242 0.072112 1 
4729 8.832072 0 
4730 8.816067 0 
4732 8.783202 0 
4733 8.776820 0 
4734 8.760803 0 
4735 8.744507 0 
4736 8.728305 0 
4737 8.712178 0 
4738 8.694768 0 
4739 8.678377 0 
5244 0.091346 1 
5245 0.102122 1 
5246 0.094350 1 
5247 0.081434 1 
5248 0.065161 1 
4740 8.758852 0 
4741 8.742547 0 
5250 0.119738 1 
5251 0.124234 1 
5252 0.108793 1 
5253 0.092350 1 
5254 0.076234 1 
5255 0.059832 1 
5256 0.090436 1 
5257 0.072334 1 
5258 0.056300 1 
4745 8.888304 0 
4746 8.872140 0 
4747 8.849494 0 
4749 8.817840 0 
4751 8.784818 0 
4753 8.750173 0 
4754 8.771474 0 
4876 6.719737 0 
4877 6.703792 0 
4879 6.671177 0 
5259 0.209111 1 
4881 6.673535 0 
5260 0.306063 1 
5261 0.290243 1 
5262 0.321720 1 
5263 0.305472 1 
5264 0.287623 1 
4882 6.790865 0 
4883 6.774718 0 
4884 6.758639 0 
4885 6.742486 0 
4886 6.723861 0 
4887 6.707439 0 
4889 6.675312 0 
4890 6.659218 0 
5279 0.115618 1 
5280 0.099198 1 
5281 0.083057 1 
5282 0.066768 1 
4891 6.737054 0 
4892 6.730500 0 
4894 6.694771 0 
4896 6.663118 0 
5283 0.087747 1 
5284 0.067707 1 
5285 0.051499 1 
5287 0.045961 1 
5288 0.048077 1 
4897 6.706379 0 
4898 6.690403 0 
4900 6.655114 0 
4901 6.637330 0 
4902 6.616063 0 
4904 6.582235 0 
4905 6.565844 0 
4906 6.544025 0 
4907 6.527920 0 
4908 6.507847 0 
4909 6.491609 0 
4910 6.475470 0 
4911 6.459296 0 
4912 6.442919 0 
4913 6.425001 0 
5289 0.063757 1 
5290 0.046689 1 
4916 6.427013 0 
4917 6.410462 0 
5292 0.062049 1 
5294 0.028663 1 
4918 6.437284 0 
4919 6.420128 0 
4920 6.404633 0 
4921 6.386547 0 
4923 6.354115 0 
4924 6.338220 0 
4925 6.322360 0 
4926 6.305979 0 
4927 6.290001 0 
4928 6.273988 0 
5295 0.040437 1 
4932 6.253667 0 
4933 6.262383 0 
4934 6.247172 0 
4935 6.258574 0 
4936 6.242345 0 
4937 6.225878 0 
4938 6.209703 0 
4939 6.193635 0 
4940 6.177933 0 
4941 6.161828 0 
4942 6.145767 0 
5296 0.197382 1 
4946 6.175150 0 
4947 6.159224 0 
4948 6.143975 0 
4949 6.127644 0 
4950 6.111480 0 
4952 6.077357 0 
4953 6.128157 0 
4954 6.150758 0 
4955 6.157349 0 
4957 6.125477 0 
5299 0.344545 1 
4962 6.101056 0 
5311 0.187668 1 
5312 0.171256 1 
5313 0.160091 1 
4963 6.121167 0 
5314 0.169298 1 
5315 0.153094 1 
5318 0.135883 1 
5319 0.279011 1 
4966 6.296814 0 
4967 6.280747 0 
4969 6.247660 0 
4970 6.232199 0 
4971 6.216778 0 
4972 6.200782 0 
4973 6.184562 0 
4974 6.168456 0 
4975 6.152409 0 
4976 6.135864 0 
4977 6.166945 0 
4979 6.129671 0 
4980 6.113383 0 
4981 6.093335 0 
4982 6.077147 0 
4983 6.156209 0 
4986 6.108061 0 
4987 6.091889 0 
4988 6.075600 0 
4990 6.053866 0 
4991 6.038613 0 
4992 6.021944 0 
4993 6.005820 0 
4995 6.024706 0 
4997 5.992486 0 
4998 5.976572 0 
4999 5.979875 0 
5000 5.957916 0 
5001 5.941941 0 
5002 5.921751 0 
5003 5.905513 0 
5004 5.889575 0 
5006 5.856554 0 
5008 5.912798 0 
5010 5.925110 0 
5012 5.892428 0 
5321 0.790102 1 
5016 6.003730 0 
5017 5.987672 0 
5018 5.970917 0 
5020 5.937285 0 
5022 5.904673 0 
5023 5.889783 0 
5322 0.797080 1 
5323 0.805812 1 
5324 0.789506 1 
5325 0.791183 1 
5326 0.774939 1 
5025 6.045103 0 
5362 0.298852 1 
5363 0.282712 1 
5364 0.266564 1 
5365 0.250527 1 
5367 0.228842 1 
5028 6.031741 0 
5029 6.015531 0 
5030 5.995682 0 
5031 5.979947 0 
5032 5.956140 0 
5033 5.939840 0 
5034 5.923730 0 
5035 5.907696 0 
5036 5.890989 0 
5037 5.880977 0 
5038 5.862390 0 
5039 5.846204 0 
5041 5.856442 0 
5043 5.824223 0 
5044 5.825764 0 
5045 5.809489 0 
5046 5.793148 0 
5047 5.776918 0 
5048 5.760738 0 
5049 5.744423 0 
5051 5.711127 0 
5052 5.695175 0 
5053 5.678784 0 
5054 5.662188 0 
5055 5.646193 0 
5056 5.626618 0 
5057 5.610661 0 
5058 5.593962 0 
5059 5.576777 0 
5060 5.560339 0 
5377 0.152054 1 
5378 0.135926 1 
5379 0.138544 1 
5062 5.562644 0 
5063 5.545020 0 
5064 5.546196 0 
5065 5.529775 0 
5067 5.497345 0 
5068 5.480267 0 
5069 5.464515 0 
5070 5.448232 0 
5071 5.449018 0 
5072 5.432873 0 
5073 5.416731 0 
5074 5.400295 0 
5075 5.379553 0 
5076 5.363187 0 
5078 5.330995 0 
5080 5.298504 0 
5081 5.282183 0 
5082 5.265727 0 
5083 5.249449 0 
5084 5.233307 0 
5086 5.241908 0 
5088 5.204024 0 
5090 5.170566 0 
5091 5.154573 0 
5385 0.149223 1 
5386 0.145073 1 
5387 0.128864 1 
5093 5.195328 0 
5095 5.163034 0 
5096 5.146854 0 
5097 5.130390 0 
5099 5.098333 0 
5100 5.082078 0 
5101 5.066037 0 
5103 5.032521 0 
5104 5.016243 0 
5105 5.000001 0 
5106 4.981529 0 
5107 4.965343 0 
5108 4.949212 0 
5109 4.933087 0 
5110 4.916559 0 
5111 4.900088 0 
5112 4.883844 0 
5113 4.867267 0 
5114 4.850966 0 
5115 4.835484 0 
5116 4.819115 0 
5117 4.802384 0 
5118 4.786138 0 
5119 4.769522 0 
5120 4.752993 0 
5122 4.713171 0 
5123 4.697099 0 
5124 4.680876 0 
5125 4.664392 0 
5126 4.647485 0 
5127 4.630864 0 
5128 4.615314 0 
5130 4.578771 0 
5131 4.559275 0 
5132 4.543021 0 
5133 4.526636 0 
5134 4.507247 0 
5135 4.487200 0 
5136 4.473329 0 
5137 4.457164 0 
5138 4.437182 0 
5139 4.420583 0 
5140 4.404350 0 
5141 4.388444 0 
5143 4.353876 0 
5144 4.337561 0 
5145 4.320974 0 
5146 4.358309 0 
5147 4.342147 0 
5148 4.325606 0 
5388 0.227134 1 
5389 0.211030 1 
5390 0.226719 1 
5391 0.209979 1 
5149 4.362494 0 
5151 4.327065 0 
5152 4.304605 0 
5153 4.287750 0 
5154 4.271269 0 
5156 4.238791 0 
5157 4.222611 0 
5158 4.206466 0 
5159 4.188170 0 
5161 4.148451 0 
5392 0.237626 1 
5393 0.235489 1 
5394 0.219330 1 
5162 4.199790 0 
5164 4.160538 0 
5165 4.143688 0 
5169 4.068371 0 
5170 4.048672 0 
5171 4.032876 0 
5172 4.016634 0 
5173 3.999972 0 
5395 0.251776 1 
5396 0.235423 1 
5398 0.198366 1 
5399 0.190579 1 
5402 0.141996 1 
5405 0.090350 1 
5174 4.039452 0 
5175 4.023118 0 
5178 3.974745 0 
5179 3.957269 0 
5180 3.941288 0 
5181 3.925124 0 
5184 3.876249 0 
5185 3.860060 0 
5187 3.827641 0 
5188 3.811557 0 
5189 3.795455 0 
5190 3.779163 0 
5191 3.763182 0 
5192 3.746866 0 
5193 3.730475 0 
5194 3.714409 0 
5195 3.698727 0 
5196 3.682482 0 
5197 3.666242 0 
5198 3.650126 0 
5199 3.633385 0 
5200 3.616930 0 
5201 3.599838 0 
5202 3.583701 0 
5406 0.108377 1 
5407 0.093027 1 
5203 3.582609 0 
5205 3.553396 0 
5206 3.537090 0 
5207 3.520542 0 
5208 3.504859 0 
5209 3.487456 0 
5210 3.471114 0 
5211 3.455128 0 
5212 3.436484 0 
5214 3.399420 0 
5215 3.376453 0 
5216 3.351897 0 
5217 3.334806 0 
5219 3.301323 0 
5221 3.281632 0 
5222 3.264243 0 
5223 3.247589 0 
5224 3.226237 0 
5227 3.175135 0 
5228 3.158572 0 
5229 3.142356 0 
5230 3.126196 0 
5231 3.109827 0 
5232 3.086452 0 
5233 3.066448 0 
5234 3.063972 0 
5235 3.044371 0 
5236 3.027720 0 
5237 3.011419 0 
5238 2.995334 0 
5240 2.959061 0 
5242 2.922231 0 
5243 2.906146 0 
5244 2.889967 0 
5245 2.874283 0 
5246 2.857382 0 
5247 2.839699 0 
5248 2.823366 0 
5250 2.790916 0 
5251 2.771574 0 
5252 2.755000 0 
5253 2.738549 0 
5254 2.722429 0 
5255 2.705965 0 
5256 2.689842 0 
5257 2.671715 0 
5258 2.655568 0 
5259 2.635741 0 
5260 2.619204 0 
5261 2.603370 0 
5262 2.596967 0 
5408 0.134225 1 
5409 0.118008 1 
5410 0.101430 1 
5411 0.085288 1 
5414 0.062298 1 
5263 2.616489 0 
5266 2.603615 0 
5267 2.587895 0 
5268 2.571232 0 
5269 2.554813 0 
5270 2.538511 0 
5271 2.522130 0 
5272 2.505954 0 
5415 0.081347 1 
5416 0.065261 1 
5418 0.032964 1 
5420 0.093864 1 
5421 0.134604 1 
5422 0.223659 1 
5423 0.220566 1 
5426 0.176746 1 
5427 0.204310 1 
5428 0.420932 1 
5429 0.404872 1 
5433 0.385201 1 
5434 0.373858 1 
5435 0.357759 1 
5439 0.322838 1 
5441 0.336066 1 
5451 0.195262 1 
5452 0.179117 1 
5453 0.203158 1 
5454 0.187067 1 
5455 0.169433 1 
5456 0.153597 1 
5460 0.173528 1 
5462 0.183982 1 
5463 0.171340 1 
5469 0.312701 1 
5470 0.296820 1 
5471 0.280502 1 
5472 0.308301 1 
5473 0.292094 1 
5476 0.281402 1 
5486 0.173996 1 
5487 0.155489 1 
5488 0.137453 1 
5489 0.198119 1 
5491 0.179948 1 
5493 0.184258 1 
5495 0.151708 1 
5497 0.112814 1 
5498 0.135345 1 
5499 0.119047 1 
5501 0.094391 1 
5502 0.078271 1 
5503 0.062043 1 
5504 0.110029 1 
5505 0.093866 1 
5506 0.243507 1 
5507 0.254395 1 
5508 0.238687 1 
5510 0.367032 1 
5511 0.350826 1 
5512 0.445599 1 
5513 0.429388 1 
5517 0.426940 1 
5531 0.565517 1 
5537 0.463024 1 
5538 0.446552 1 
5539 0.470157 1 
5543 0.575581 1 
5574 0.100224 1 
5576 0.096976 1 
5577 0.293807 1 
5578 0.277310 1 
5579 0.261211 1 
5580 0.394229 1 
5581 0.419737 1 
5582 0.399809 1 
5583 0.383192 1 
5593 0.392951 1 
5594 0.376695 1 
5595 0.379490 1 
5604 0.417203 1 
5615 0.671281 1 
5631 0.579229 1 
5653 0.593554 1 
5655 0.592638 1 
5660 0.638144 1 
5667 0.602406 1 
5687 0.452108 1 
5688 0.493971 1 
5700 0.507408 1 
5712 0.324656 1 
5715 0.281830 1 
5716 0.266029 1 
5730 0.072616 1 
5731 0.056454 1 
5732 0.073085 1 
5733 0.110456 1 
5734 0.093658 1 
5735 0.112317 1 
5736 0.161579 1 
5737 0.143752 1 
5738 0.134230 1 
5740 0.193349 1 
5741 0.258204 1 
5742 0.338820 1 
5744 0.397321 1 
5745 0.416743 1 
5746 0.603328 1 
5748 0.572626 1 
5749 0.552642 1 
5753 0.540674 1 
5754 0.526040 1 
5756 0.572722 1 
5778 0.275035 1 
5779 0.259116 1 
5780 0.256313 1 
5792 0.079752 1 
5793 0.063587 1 
5794 0.091983 1 
5795 0.074317 1 
5796 0.104646 1 
5797 0.135858 1 
5798 0.119561 1 
5799 0.160921 1 
5800 0.197807 1 
5802 0.245326 1 
5803 0.263939 1 
5804 0.328054 1 
5805 0.312954 1 
5806 0.296607 1 
5808 0.262465 1 
5809 0.245377 1 
5816 0.190234 1 
5818 0.251445 1 
5826 0.188354 1 
5827 0.253260 1 
5832 0.172201 1 
5833 0.172022 1 
5834 0.213959 1 
5837 0.188435 1 
5841 0.121810 1 
5842 0.122607 1 
5843 0.131492 1 
5844 0.115519 1 
5845 0.100123 1 
5847 0.088439 1 
5848 0.130881 1 
5849 0.114832 1 
5850 0.182493 1 
5851 0.194844 1 
5852 0.199220 1 
5853 0.183092 1 
5854 0.174551 1 
5855 0.158528 1 
5856 0.163642 1 
5859 0.115036 1 
5863 0.144938 1 
5864 0.152768 1 
5865 0.136610 1 
5866 0.120312 1 
5867 0.104182 1 
5868 0.088048 1 
5869 0.071855 1 
5871 0.051488 1 
5872 0.069667 1 
5874 0.040618 1 
5876 0.031814 1 
5877 0.028772 1 
5878 0.036359 1 
5879 0.039205 1 
5880 0.034395 1 
5881 0.030371 1 
5882 0.025478 1 
5884 0.041248 1 
5885 0.066635 1 
5886 0.050346 1 
5887 0.089444 1 
5889 0.090688 1 
5891 0.060719 1 
5892 0.089627 1 
5893 0.073471 1 
5895 0.070655 1 
5896 0.055816 1 
5897 0.070526 1 
5899 0.034703 1 
5900 0.018593 1 
5901 0.039054 1 
5902 0.050225 1 
5903 0.031157 1 
5904 0.025723 1 
5905 0.046479 1 
5906 0.089517 1 
5907 0.070265 1 
5908 0.054372 1 
5909 0.038530 1 
5910 0.022417 1 
5911 0.059969 1 
5912 0.049635 1 
5913 0.077256 1 
5914 0.060149 1 
5915 0.044068 1 
5916 0.058323 1 
5918 0.046952 1 
5919 0.031058 1 
5920 0.071912 1 
5921 0.055635 1 
5922 0.052455 1 
5923 0.066481 1 
5924 0.087183 1 
5926 0.055147 1 
5927 0.038946 1 
5928 0.041034 1 
5929 0.067404 1 
5930 0.053356 1 
5931 0.036653 1 
5932 0.050263 1 
5933 0.034192 1 
5934 0.063176 1 
5935 0.046641 1 
5936 0.066894 1 
5937 0.050993 1 
5939 0.106683 1 
5940 0.127298 1 
5941 0.128139 1 
5942 0.155713 1 
5943 0.139821 1 
5944 0.144897 1 
5945 0.122187 1 
5947 0.089674 1 
5948 0.106110 1 
5949 0.089875 1 
5950 0.072437 1 
5952 0.038109 1 
5953 0.046201 1 
5954 0.030221 1 
5955 0.091796 1 
5957 0.091301 1 
5958 0.101835 1 
5959 0.085284 1 
5960 0.104637 1 
5961 0.088592 1 
5962 0.107950 1 
5964 0.069926 1 
5965 0.074193 1 
5966 0.058036 1 
5967 0.071380 1 
5968 0.095541 1 
5969 0.147661 1 
5970 0.149758 1 
5971 0.126371 1 
5972 0.110212 1 
5974 0.140769 1 
5975 0.149888 1 
5976 0.177983 1 
5977 0.214828 1 
5978 0.232436 1 
5979 0.216417 1 
5980 0.200292 1 
5981 0.219926 1 
5982 0.228812 1 
5983 0.212291 1 
5987 0.261609 1 
5991 0.237510 1 
5992 0.221066 1 
5993 0.240523 1 
5994 0.271066 1 
5995 0.254621 1 
5996 0.301977 1 
6003 0.182373 1 
6004 0.166253 1 
6005 0.149421 1 
6006 0.133131 1 
6007 0.116858 1 
6008 0.187478 1 
6013 0.238536 1 
6015 0.250475 1 
6017 0.236741 1 
6018 0.238837 1 
6030 0.064223 1 
6031 0.071182 1 
6032 0.055329 1 
6033 0.111875 1 
6034 0.095659 1 
6036 0.112774 1 
6038 0.317053 1 
6039 0.375295 1 
6040 0.359207 1 
6041 0.379637 1 
6042 0.363074 1 
6043 0.346178 1 
6044 0.330029 1 
6052 0.284197 1 
6059 0.186789 1 
6060 0.170558 1 
6064 0.187579 1 
6065 0.200904 1 
6066 0.184827 1 
6067 0.172143 1 
6068 0.244220 1 
6069 0.228000 1 
6070 0.211931 1 
6071 0.195216 1 
6077 0.255852 1 
6078 0.239829 1 
6079 0.223732 1 
6080 0.208955 1 
6081 0.191899 1 
6083 0.160828 1 
6085 0.128603 1 
6088 0.112827 1 
6090 0.079712 1 
6091 0.426742 1 
6092 0.452512 1 
6094 0.542768 1 
6095 0.526363 1 
6096 0.545249 1 
6101 0.480271 1 
6102 0.464190 1 
6125 0.126868 1 
6126 0.195890 1 
6127 0.239710 1 
6128 0.309636 1 
6129 0.366007 1 
6130 0.349105 1 
6131 0.326611 1 
6132 0.309353 1 
6147 0.136687 1 
6149 0.307444 1 
6151 0.326639 1 
6152 0.320477 1 
6153 0.306917 1 
6154 0.336171 1 
6156 0.551012 1 
6171 0.453282 1 
6175 0.477263 1 
6176 0.460575 1 
6177 0.472825 1 
6195 0.242385 1 
6196 0.226227 1 
6197 0.208644 1 
6201 0.182138 1 
6202 0.166081 1 
6203 0.149896 1 
6204 0.141871 1 
6205 0.125736 1 
6206 0.109375 1 
6209 0.389680 1 
6210 0.380949 1 
6211 0.373964 1 
6212 0.357859 1 
6214 0.382777 1 
6216 0.718090 1 
6231 0.548586 1 
6233 0.516404 1 
6235 0.504534 1 
6256 0.235480 1 
6263 0.310359 1 
6267 0.243276 1 
6268 0.305969 1 
6269 0.289629 1 
6270 0.273605 1 
6277 0.159859 1 
6278 0.141695 1 
6282 0.272209 1 
6283 0.334227 1 
6284 0.371919 1 
6285 0.505275 1 
6287 0.473750 1 
6302 0.228333 1 
6303 0.211823 1 
6306 0.162198 1 
6307 0.181834 1 
6308 0.165971 1 
6309 0.178951 1 
6310 0.162640 1 
6311 0.185995 1 
6312 0.223435 1 
6313 0.206940 1 
6314 0.190969 1 
6316 0.183264 1 
6317 0.178114 1 
6318 0.306359 1 
6319 0.290168 1 
6320 0.273885 1 
6324 0.204034 1 
6325 0.187963 1 
6326 0.171816 1 
6327 0.209594 1 
6328 0.193502 1 
6329 0.219824 1 
6330 0.203338 1 
6331 0.187426 1 
6334 0.244393 1 
6335 0.362349 1 
6341 0.262529 1 
6342 0.246228 1 
6343 0.230232 1 
6350 0.458798 1 
6351 0.435493 1 
6352 0.419272 1 
6353 0.402862 1 
6355 0.370849 1 
6356 0.354818 1 
6370 0.158465 1 
6372 0.134739 1 
6373 0.162868 1 
6374 0.224439 1 
6375 0.208282 1 
6376 0.221115 1 
6377 0.204592 1 
6378 0.188631 1 
6379 0.254145 1 
6380 0.237823 1 
6381 0.222116 1 
6387 0.123356 1 
6388 0.116011 1 
6389 0.132082 1 
6390 0.273887 1 
6391 0.304634 1 
6392 0.288144 1 
6396 0.237557 1 
6397 0.228720 1 
6399 0.278776 1 
6400 0.279092 1 
6401 0.267322 1 
6402 0.250882 1 
6403 0.290998 1 
6404 0.273900 1 
6413 0.125585 1 
6415 0.102523 1 
6417 0.130665 1 
6418 0.177025 1 
6421 0.128488 1 
6422 0.113066 1 
6423 0.108828 1 
6424 0.097517 1 
6425 0.080869 1 
6426 0.088716 1 
6427 0.072506 1 
6428 0.090245 1 
6429 0.073989 1 
6430 0.062521 1 
6431 0.046446 1 
6432 0.066911 1 
6434 0.033196 1 
6436 0.058194 1 
6437 0.042432 1 
6438 0.050358 1 
6439 0.055247 1 
6440 0.122658 1 
6441 0.106381 1 
6442 0.085361 1 
6444 0.098640 1 
6445 0.082747 1 
6446 0.085506 1 
6447 0.096811 1 
6448 0.094569 1 
6449 0.120855 1 
6450 0.104896 1 
6451 0.138208 1 
6452 0.160650 1 
6453 0.168599 1 
6455 0.184535 1 
6456 0.168245 1 
6457 0.151922 1 
6463 0.159717 1 
6465 0.149776 1 
6466 0.133583 1 
6467 0.117527 1 
6468 0.101473 1 
6469 0.085455 1 
6473 0.074630 1 
6474 0.058460 1 
6475 0.041828 1 
6476 0.029113 1 
6477 0.027992 1 
6478 0.032768 1 
6479 0.058089 1 
6481 0.097864 1 
6482 0.081335 1 
6483 0.114661 1 
6484 0.098308 1 
6486 0.089680 1 
6488 0.066628 1 
6489 0.050430 1 
6490 0.057801 1 
6492 0.031129 1 
6493 0.037284 1 
6494 0.072386 1 
6496 0.111627 1 
6497 0.095459 1 
6498 0.079762 1 
6499 0.088247 1 
6500 0.070903 1 
6501 0.085045 1 
6502 0.068749 1 
6503 0.097889 1 
6504 0.081665 1 
6505 0.065550 1 
6506 0.049394 1 
6507 0.031547 1 
6508 0.098809 1 
6509 0.078865 1 
6510 0.070870 1 
6511 0.054305 1 
6512 0.072001 1 
6513 0.066471 1 
6515 0.054159 1 
6516 0.045747 1 
6517 0.066521 1 
6518 0.046442 1 
6519 0.057395 1 
6520 0.041065 1 
6521 0.042114 1 
6523 0.040051 1 
6524 0.112703 1 
6525 0.096083 1 
6526 0.094169 1 
6527 0.105426 1 
6528 0.121187 1 
6529 0.164640 1 
6530 0.148910 1 
6531 0.132846 1 
6532 0.165183 1 
6533 0.175909 1 
6534 0.298988 1 
6536 0.286170 1 
6537 0.320716 1 
6538 0.358203 1 
6541 0.307909 1 
6544 0.252242 1 
6550 0.201335 1 
6554 0.200185 1 
6555 0.312567 1 
6561 0.293530 1 
6562 0.357363 1 
6563 0.442461 1 
6576 0.537526 1 
6577 0.561655 1 
6595 0.441161 1 
6604 0.450493 1 
6605 0.438428 1 
6612 0.582483 1 
6620 0.458555 1 
6625 0.417262 1 
6645 0.415273 1 
6646 0.500165 1 
6647 0.481517 1 
6648 0.463247 1 
6651 0.413378 1 
6653 0.377773 1 
6654 0.361552 1 
6672 0.102997 1 
6673 0.086877 1 
6674 0.091221 1 
6675 0.211009 1 
6677 0.174970 1 
6678 0.158731 1 
6680 0.125756 1 
6681 0.154843 1 
6682 0.147816 1 
6683 0.131821 1 
6685 0.131071 1 
6687 0.099159 1 
6689 0.066705 1 
6691 0.054716 1 
6692 0.045774 1 
6693 0.029649 1 
6695 0.107076 1 
6696 0.090746 1 
6697 0.074735 1 
6698 0.058222 1 
6699 0.085722 1 
6700 0.145264 1 
6701 0.177447 1 
6702 0.180716 1 
6703 0.189729 1 
6704 0.264480 1 
6705 0.441736 1 
6706 0.443186 1 
6707 0.442991 1 
6708 0.487117 1 
6715 0.477079 1 
6729 0.301424 1 
6732 0.252566 1 
6735 0.203568 1 
6736 0.396075 1 
6743 0.530355 1 
6744 0.513028 1 
6746 0.565636 1 
6772 0.185790 1 
6773 0.169966 1 
6776 0.120797 1 
6777 0.098726 1 
6778 0.080258 1 
6780 0.241007 1 
6781 0.245113 1 
6782 0.229038 1 
6783 0.212594 1 
6784 0.278173 1 
6785 0.293944 1 
6792 0.413933 1 
6793 0.397940 1 
6794 0.381982 1 
6795 0.436449 1 
6797 0.477171 1 
6816 0.400265 1 
6824 0.321924 1 
6825 0.305639 1 
6837 0.110214 1 
6838 0.107774 1 
6839 0.109195 1 
6842 0.292436 1 
6843 0.325802 1 
6844 0.309604 1 
6845 0.293561 1 
6846 0.308498 1 
6847 0.292131 1 
6848 0.318914 1 
6862 0.114923 1 
6863 0.399824 1 
6864 0.383701 1 
6865 0.367357 1 
6866 0.350933 1 
6867 0.387449 1 
6882 0.280714 1 
6884 0.265811 1 
6890 0.224651 1 
6891 0.324837 1 
6900 0.222809 1 
6902 0.190829 1 
6906 0.136082 1 
6908 0.127496 1 
6913 0.088323 1 
6914 0.067703 1 
6915 0.051481 1 
6916 0.046305 1 
6917 0.104831 1 
6918 0.115260 1 
6919 0.142450 1 
6921 0.110451 1 
6922 0.093912 1 
6923 0.120802 1 
6924 0.104742 1 
6925 0.088563 1 
6926 0.081727 1 
6927 0.108863 1 
6928 0.092597 1 
6929 0.191319 1 
6930 0.212728 1 
6931 0.196456 1 
6935 0.182140 1 
6936 0.166447 1 
6937 0.235883 1 
6942 0.153561 1 
6943 0.195753 1 
6944 0.247201 1 
6945 0.231003 1 
6949 0.186100 1 
6950 0.170074 1 
6952 0.140171 1 
6956 0.121902 1 
6957 0.106484 1 
6959 0.073382 1 
6960 0.067059 1 
6961 0.162558 1 
6962 0.203868 1 
6963 0.188388 1 
6964 0.178736 1 
6965 0.182026 1 
6966 0.222205 1 
6967 0.205774 1 
6970 0.153868 1 
6973 0.144512 1 
6974 0.122284 1 
6975 0.150431 1 
6977 0.117827 1 
6978 0.113992 1 
6979 0.114306 1 
6980 0.114570 1 
6981 0.097531 1 
6982 0.090944 1 
6983 0.102435 1 
6984 0.107353 1 
6985 0.119294 1 
6986 0.129736 1 
6987 0.128277 1 
6988 0.140458 1 
6989 0.182997 1 
6990 0.229655 1 
6991 0.224303 1 
6992 0.277865 1 
6993 0.262464 1 
6994 0.245635 1 
7002 0.204171 1 
7003 0.187767 1 
7007 0.166847 1 
7008 0.214787 1 
7010 0.178588 1 
7013 0.143827 1 
7015 0.190346 1 
7019 0.200429 1 
7020 0.184440 1 
7021 0.168478 1 
7022 0.152133 1 
7023 0.135874 1 
7024 0.118726 1 
7025 0.102407 1 
7026 0.086376 1 
7027 0.125040 1 
7028 0.107772 1 
7029 0.089961 1 
7031 0.069424 1 
7033 0.121428 1 
7034 0.144683 1 
7035 0.145313 1 
7037 0.105519 1 
7039 0.073517 1 
7041 0.119441 1 
7042 0.101756 1 
7043 0.118254 1 
7044 0.101527 1 
7045 0.085077 1 
7046 0.069583 1 
7047 0.091905 1 
7048 0.075727 1 
7049 0.059425 1 
7050 0.082464 1 
7051 0.078369 1 
7052 0.055807 1 
7053 0.085620 1 
7054 0.069304 1 
7055 0.053331 1 
7057 0.162808 1 
7058 0.215211 1 
7059 0.195962 1 
7060 0.180236 1 
7061 0.160832 1 
7062 0.170465 1 
7063 0.227714 1 
7064 0.269045 1 
7065 0.252953 1 
7066 0.248811 1 
7068 0.277110 1 
7070 0.244546 1 
7079 0.116076 1 
7080 0.099932 1 
7081 0.083478 1 
7085 0.035805 1 
7086 0.124883 1 
7087 0.169325 1 
7089 0.136755 1 
7090 0.114211 1 
7091 0.116984 1 
7093 0.132306 1 
7094 0.115476 1 
7097 0.127373 1 
7098 0.141297 1 
7099 0.125077 1 
7100 0.149155 1 
7101 0.139634 1 
7102 0.123521 1 
7103 0.167302 1 
7104 0.187403 1 
7105 0.186650 1 
7106 0.257030 1 
7107 0.243327 1 
7108 0.234726 1 
7109 0.261497 1 
7115 0.196165 1 
7116 0.176095 1 
7121 0.097794 1 
7122 0.109248 1 
7123 0.143681 1 
7124 0.157764 1 
7125 0.152892 1 
7126 0.143187 1 
7127 0.136310 1 
7128 0.337982 1 
7129 0.393532 1 
7130 0.405137 1 
7134 0.390292 1 
7135 0.373950 1 
7141 0.371816 1 
7153 0.191496 1 
7154 0.172239 1 
7155 0.155744 1 
7156 0.139247 1 
7158 0.192328 1 
7161 0.216122 1 
7162 0.437638 1 
7163 0.421813 1 
7164 0.406096 1 
7165 0.390620 1 
7166 0.374547 1 
7168 0.381784 1 
7173 0.300265 1 
7178 0.307798 1 
7179 0.302904 1 
7180 0.317754 1 
7181 0.409845 1 
7182 0.410522 1 
7185 0.496358 1 
7186 0.479910 1 
7187 0.463946 1 
7191 0.420897 1 
7195 0.350329 1 
7209 0.128585 1 
7212 0.167305 1 
7213 0.151311 1 
7219 0.092948 1 
7220 0.101767 1 
7221 0.085577 1 
7222 0.068918 1 
7223 0.119697 1 
7224 0.103863 1 
7225 0.138120 1 
7226 0.123341 1 
7227 0.100907 1 
7230 0.087765 1 
7232 0.093403 1 
7233 0.076955 1 
7234 0.073171 1 
7235 0.057059 1 
7236 0.075633 1 
7237 0.108991 1 
7238 0.093136 1 
7240 0.087342 1 
7241 0.070633 1 
7242 0.054434 1 
7243 0.036719 1 
7244 0.031899 1 
7245 0.020757 1 
7246 0.026433 1 
7247 0.027282 1 
7248 0.068179 1 
7249 0.057544 1 
7250 0.041217 1 
7251 0.107959 1 
7252 0.103727 1 
7253 0.411499 1 
7256 0.444617 1 
7257 0.428347 1 
7264 0.408056 1 
7265 0.391980 1 
7278 0.178303 1 
7279 0.183196 1 
7280 0.166776 1 
7288 0.490690 1 
7289 0.489772 1 
7290 0.473871 1 
7293 0.604717 1 
7317 0.363184 1 
7319 0.354980 1 
7323 0.306263 1 
7328 0.245004 1 
7329 0.229320 1 
7336 0.108968 1 
7337 0.164762 1 
7338 0.146641 1 
7341 0.096253 1 
7342 0.079573 1 
7343 0.084301 1 
7345 0.052156 1 
7346 0.099207 1 
7347 0.078890 1 
7348 0.063047 1 
7350 0.089306 1 
7351 0.106203 1 
7352 0.136027 1 
7353 0.216018 1 
7354 0.199509 1 
7355 0.181736 1 
7357 0.190225 1 
7358 0.184584 1 
7365 0.105248 1 
7367 0.100569 1 
7368 0.084090 1 
7369 0.089172 1 
7370 0.072808 1 
7371 0.150872 1 
7372 0.134711 1 
7373 0.118768 1 
7374 0.102695 1 
7375 0.086257 1 
7376 0.123444 1 
7377 0.107306 1 
7378 0.113508 1 
7379 0.097539 1 
7380 0.117622 1 
7381 0.101307 1 
7382 0.107438 1 
7383 0.091270 1 
7384 0.090828 1 
7385 0.069520 1 
7386 0.053323 1 
7387 0.085740 1 
7388 0.107800 1 
7389 0.116764 1 
7390 0.100691 1 
7391 0.083378 1 
7392 0.120889 1 
7394 0.114766 1 
7395 0.098182 1 
7396 0.247487 1 
7397 0.226910 1 
7398 0.220225 1 
7399 0.235270 1 
7400 0.217823 1 
7401 0.227434 1 
7408 0.223119 1 
7410 0.273505 1 
7423 0.540585 1 
7452 0.045444 0 
7453 0.029423 0 
7424 0.537358 1 
7455 0.048185 0 
7456 0.032149 0 
7457 0.049163 0 
7444 0.296728 1 
7450 0.192597 1 
7451 0.205913 1 
7452 0.189848 1 
7453 0.173615 1 
7458 0.196388 0 
7459 0.180603 0 
7460 0.164509 0 
7461 0.148220 0 
7462 0.131727 0 
7463 0.113732 0 
7464 0.097494 0 
7466 0.065290 0 
7468 0.032155 0 
7469 0.009375 0 
7457 0.257275 1 
7458 0.240780 1 
7459 0.224885 1 
7461 0.192147 1 
7462 0.202396 1 
7463 0.182884 1 
7464 0.166761 1 
7468 0.100830 1 
7471 0.079635 1 
7472 0.063575 1 
7473 0.061517 1 
7474 0.045298 1 
7470 0.138141 0 
7476 0.082830 1 
7477 0.066844 1 
7478 0.050294 1 
7479 0.032318 1 
7481 0.051502 1 
7483 0.048698 1 
7484 0.032592 1 
7481 0.115720 0 
7485 0.060067 1 
7487 0.027074 1 
7485 0.102650 0 
7487 0.069978 0 
7488 0.054290 0 
7489 0.032690 0 
7488 0.064366 1 
7489 0.096799 1 
7491 0.064092 1 
7492 0.047942 1 
7491 0.074058 0 
7493 0.084037 1 
7494 0.087246 1 
7495 0.070495 1 
7496 0.053280 1 
7497 0.037210 1 
7498 0.030915 1 
7496 0.116302 0 
7497 0.100232 0 
7498 0.084126 0 
7499 0.067143 0 
7500 0.051202 0 
7501 0.034149 0 
7502 0.017811 0 
7499 0.078893 1 
7500 0.062721 1 
7501 0.057503 1 
7502 0.041189 1 
7503 0.030550 0 
7504 0.014408 0 
7503 0.050438 1 
7504 0.034142 1 
7505 0.055918 0 
7506 0.040013 0 
7507 0.024552 0 
7508 0.005459 0 
7505 0.076749 1 
7506 0.113940 1 
7507 0.097852 1 
7508 0.105492 1 
7510 0.073101 1 
7511 0.057105 1 
7512 0.040305 1 
7513 0.063677 1 
7514 0.079303 1 
7515 0.063112 1 
7516 0.047083 1 
7510 0.163466 0 
7511 0.147721 0 
7512 0.131292 0 
7513 0.115126 0 
7518 0.062431 1 
7519 0.046250 1 
7520 0.091094 1 
7521 0.074734 1 
7518 0.141965 0 
7519 0.125509 0 
7520 0.108559 0 
7521 0.092025 0 
7522 0.071895 0 
7523 0.054377 0 
7524 0.038216 0 
7525 0.020575 0 
7523 0.126103 1 
7524 0.110004 1 
7525 0.092364 1 
7526 0.099666 1 
7527 0.082101 1 
7528 0.065952 1 
7526 0.130169 0 
7527 0.112308 0 
7528 0.096234 0 
7529 0.080009 0 
7531 0.048112 0 
7532 0.031762 0 
7533 0.025117 0 
7534 0.028780 0 
7529 0.124591 1 
7531 0.092375 1 
7532 0.075673 1 
7533 0.066988 1 
7534 0.045620 1 
7535 0.073241 1 
7536 0.053592 1 
7537 0.040262 0 
7539 0.014086 0 
7537 0.058626 1 
7539 0.057505 1 
7540 0.038815 1 
7541 0.073666 1 
7542 0.079485 1 
7544 0.039973 1 
7545 0.032280 1 
7546 0.025730 1 
7540 0.134361 0 
7541 0.118116 0 
7547 0.032150 1 
7549 0.032531 1 
7547 0.109428 0 
7550 0.060842 1 
7551 0.044899 1 
7552 0.028633 1 
7549 0.077337 0 
7550 0.061193 0 
7551 0.045221 0 
7553 0.011231 0 
7553 0.037633 1 
7554 0.099709 0 
7556 0.098678 0 
7557 0.082402 0 
7558 0.066051 0 
7559 0.049864 0 
7556 0.133543 1 
7557 0.117445 1 
7560 0.089761 0 
7561 0.074305 0 
7562 0.057787 0 
7563 0.041639 0 
7564 0.025638 0 
7566 0.037144 0 
7567 0.017559 0 
7568 0.029349 0 
7558 0.219582 1 
7559 0.233772 1 
7569 0.077411 0 
7570 0.061879 0 
7571 0.045550 0 
7572 0.028504 0 
7560 0.237955 1 
7561 0.287297 1 
7562 0.270684 1 
7563 0.276148 1 
7564 0.274351 1 
7573 0.207064 0 
7574 0.190503 0 
7575 0.174513 0 
7576 0.158235 0 
7577 0.142013 0 
7578 0.125655 0 
7579 0.109673 0 
7580 0.092801 0 
7581 0.076254 0 
7582 0.060446 0 
7583 0.044096 0 
7584 0.021989 0 
7585 0.082172 0 
7586 0.066102 0 
7587 0.049114 0 
7566 0.474681 1 
7588 0.107480 0 
7589 0.091245 0 
7590 0.075350 0 
7567 0.485142 1 
7569 0.468430 1 
7570 0.452632 1 
7571 0.436180 1 
7575 0.370017 1 
7578 0.321290 1 
7591 0.125521 0 
7593 0.093268 0 
7594 0.075347 0 
7580 0.321905 1 
7584 0.250324 1 
7595 0.114004 0 
7596 0.094254 0 
7597 0.077916 0 
7585 0.313219 1 
7586 0.297408 1 
7587 0.280276 1 
7588 0.307675 1 
7598 0.165541 0 
7599 0.148207 0 
7600 0.132387 0 
7589 0.343193 1 
7590 0.327333 1 
7603 0.135338 0 
7604 0.119514 0 
7605 0.103718 0 
7607 0.066416 0 
7596 0.261394 1 
7597 0.254646 1 
7598 0.237479 1 
7599 0.220088 1 
7600 0.204214 1 
7609 0.061722 0 
7610 0.038313 0 
7611 0.018972 0 
7602 0.238967 1 
7612 0.170215 0 
7615 0.114671 0 
7616 0.098182 0 
7617 0.128602 0 
7618 0.112756 0 
7619 0.096624 0 
7620 0.080638 0 
7621 0.064832 0 
7622 0.048810 0 
7623 0.038735 0 
7624 0.022731 0 
7603 0.462910 1 
7625 0.103211 0 
7626 0.087048 0 
7628 0.054831 0 
7604 0.482201 1 
7607 0.431419 1 
7630 0.048368 0 
7631 0.031931 0 
7632 0.015930 0 
7633 0.023468 0 
7634 0.024960 0 
7635 0.097975 0 
7636 0.082634 0 
7638 0.050400 0 
7615 0.462983 1 
7616 0.452666 1 
7639 0.092976 0 
7640 0.075199 0 
7641 0.057938 0 
7617 0.463606 1 
7620 0.415227 1 
7621 0.410718 1 
7642 0.072955 0 
7643 0.056736 0 
7644 0.040104 0 
7645 0.023973 0 
7622 0.470737 1 
7646 0.078399 0 
7647 0.062746 0 
7648 0.046167 0 
7649 0.031021 0 
7623 0.504532 1 
7650 0.082606 0 
7651 0.066409 0 
7652 0.048749 0 
7654 0.103263 0 
7655 0.083272 0 
7656 0.061268 0 
7657 0.044605 0 
7658 0.025584 0 
7659 0.009081 0 
7638 0.412430 1 
7660 0.112035 0 
7661 0.095980 0 
7662 0.075140 0 
7663 0.058857 0 
7642 0.447937 1 
7643 0.449347 1 
7667 0.034595 0 
7644 0.451735 1 
7645 0.435639 1 
7668 0.037208 0 
7669 0.046097 0 
7670 0.030071 0 
7671 0.013808 0 
7646 0.465009 1 
