2024-09-03 16:51:45
../stream-replay/logs/rtt-6208@128.txt
1 0.085573 0 
2 0.069125 0 
4 0.033409 0 
5 0.127508 0 
6 0.111474 0 
7 0.096975 0 
8 0.142418 0 
9 0.119832 0 
10 0.104061 0 
11 0.087936 0 
12 0.092817 0 
13 0.076792 0 
14 0.223988 0 
15 0.207853 0 
16 0.255131 0 
17 0.235573 0 
18 0.220023 0 
19 0.200949 0 
20 0.208029 0 
21 0.192026 0 
22 0.199022 0 
23 0.182311 0 
24 0.166019 0 
25 0.180258 0 
26 0.163636 0 
27 0.147659 0 
28 0.131473 0 
29 0.115798 0 
31 0.341202 0 
33 0.384011 0 
34 0.368181 0 
36 0.384006 0 
38 0.644158 0 
41 0.827341 0 
42 0.811038 0 
43 0.794595 0 
45 0.762230 0 
47 0.779966 0 
48 0.870622 0 
49 1.240285 0 
50 1.227024 0 
53 1.259534 0 
54 1.243775 0 
55 1.263318 0 
56 1.247591 0 
57 1.329719 0 
58 1.306116 0 
59 1.285219 0 
60 1.399461 0 
61 1.383235 0 
62 1.367276 0 
63 1.469582 0 
64 1.531300 0 
66 1.500146 0 
68 1.482346 0 
72 1.694025 0 
73 1.677847 0 
74 1.735753 0 
76 1.703225 0 
77 1.740641 0 
78 1.725181 0 
79 1.769102 0 
80 1.783385 0 
81 1.769860 0 
82 1.751017 0 
83 1.761421 0 
84 1.808597 0 
85 1.792834 0 
86 1.776544 0 
87 1.863039 0 
88 1.846745 0 
89 1.830224 0 
90 1.813249 0 
92 1.866582 0 
93 1.858382 0 
94 1.842127 0 
98 1.957176 0 
99 1.940872 0 
100 1.924828 0 
101 1.983094 0 
103 1.970173 0 
105 1.934732 0 
106 1.969447 0 
107 1.999784 0 
108 1.983704 0 
109 1.960313 0 
110 2.004651 0 
111 2.073249 0 
113 2.066379 0 
114 2.048446 0 
115 2.122286 0 
116 2.102387 0 
118 2.127705 0 
120 2.087322 0 
121 2.150679 0 
122 2.134257 0 
124 2.211430 0 
125 2.193587 0 
126 2.174858 0 
128 2.177077 0 
129 2.160824 0 
130 2.144658 0 
131 2.128068 0 
132 2.134155 0 
133 2.118057 0 
134 2.326453 0 
135 2.312671 0 
136 2.378175 0 
137 2.362137 0 
138 2.345884 0 
139 2.329815 0 
140 2.313358 0 
141 2.297478 0 
142 2.281143 0 
143 2.260386 0 
144 2.351131 0 
145 2.511813 0 
147 2.479941 0 
148 2.461277 0 
153 2.494228 0 
155 2.462103 0 
156 2.443325 0 
157 2.427182 0 
158 2.578303 0 
159 2.562205 0 
160 2.545931 0 
161 2.631888 0 
162 2.613533 0 
163 2.731166 0 
164 2.714601 0 
165 2.698513 0 
166 2.682410 0 
168 2.728438 0 
169 2.946604 0 
170 2.931350 0 
171 2.915498 0 
172 2.899865 0 
173 2.883767 0 
174 2.867399 0 
176 2.882202 0 
177 2.865906 0 
178 2.986639 0 
181 3.152370 0 
182 3.135700 0 
183 3.114977 0 
184 3.145219 0 
186 3.112580 0 
187 3.096326 0 
188 3.107560 0 
189 3.091155 0 
190 3.086360 0 
194 3.098682 0 
195 3.074662 0 
196 3.059446 0 
197 3.043103 0 
198 3.023899 0 
203 3.269447 0 
204 3.244532 0 
205 3.304343 0 
206 3.288315 0 
207 3.271948 0 
208 3.437294 0 
209 3.420922 0 
210 3.404240 0 
211 3.388638 0 
212 3.559107 0 
213 3.538610 0 
214 3.522426 0 
215 3.531067 0 
216 3.515579 0 
217 3.496074 0 
218 3.476153 0 
219 3.537078 0 
220 3.520830 0 
221 3.701507 0 
222 3.795132 0 
223 3.778966 0 
224 3.762798 0 
225 3.746570 0 
226 3.730172 0 
227 3.712924 0 
228 3.818414 0 
230 3.779587 0 
231 3.763845 0 
233 3.977413 0 
234 3.961463 0 
235 3.945248 0 
236 3.929943 0 
237 3.913872 0 
239 3.994842 0 
240 3.978244 0 
241 3.962407 0 
242 3.946174 0 
244 3.907239 0 
246 3.874229 0 
247 3.925619 0 
248 3.924301 0 
249 3.940805 0 
252 3.954315 0 
253 3.937983 0 
254 4.022136 0 
255 4.085119 0 
256 4.068244 0 
257 4.051482 0 
258 4.035955 0 
259 4.108700 0 
260 4.092901 0 
261 4.097538 0 
262 4.080294 0 
263 4.078602 0 
265 4.040418 0 
267 4.036675 0 
268 4.020908 0 
269 4.004761 0 
270 3.988640 0 
271 3.996866 0 
272 3.980804 0 
273 3.988202 0 
275 4.064280 0 
276 4.054891 0 
277 4.038810 0 
278 4.043209 0 
279 4.027069 0 
280 4.011029 0 
281 3.994941 0 
282 4.021833 0 
283 4.005791 0 
284 3.988991 0 
285 4.042679 0 
286 4.026362 0 
287 4.093139 0 
288 4.077012 0 
289 4.061190 0 
291 4.190606 0 
292 4.203393 0 
293 4.188230 0 
294 4.171812 0 
295 4.199107 0 
296 4.183173 0 
297 4.162150 0 
298 4.146450 0 
299 4.168170 0 
300 4.152037 0 
302 4.119018 0 
304 4.086489 0 
305 4.070629 0 
306 4.050652 0 
307 4.034384 0 
308 4.101110 0 
309 4.173817 0 
310 4.157457 0 
312 4.171833 0 
313 4.165252 0 
314 4.161966 0 
315 4.145701 0 
317 4.147959 0 
319 4.115124 0 
320 4.098175 0 
321 4.078423 0 
323 4.078797 0 
324 4.062038 0 
325 4.056656 0 
327 4.022610 0 
328 4.006356 0 
329 3.989867 0 
330 3.978075 0 
331 3.975523 0 
332 4.068022 0 
333 4.051900 0 
334 4.035706 0 
335 4.074634 0 
336 4.058630 0 
337 4.042388 0 
338 4.054625 0 
339 4.038135 0 
340 4.022083 0 
341 4.005823 0 
342 3.998722 0 
343 3.982404 0 
344 4.001065 0 
346 3.968195 0 
347 3.952510 0 
348 3.936298 0 
349 3.937852 0 
350 3.915693 0 
351 3.962679 0 
352 3.946810 0 
354 3.914508 0 
355 3.910352 0 
356 3.938369 0 
357 3.922221 0 
358 3.906183 0 
359 3.905861 0 
360 3.922549 0 
361 3.904377 0 
362 3.888182 0 
363 3.872103 0 
364 3.855755 0 
365 3.877344 0 
367 3.844655 0 
368 3.828554 0 
369 3.806205 0 
370 3.879749 0 
371 3.863740 0 
372 3.847429 0 
373 3.831011 0 
375 3.828711 0 
376 3.812191 0 
377 3.872861 0 
378 3.856481 0 
380 3.823247 0 
381 3.801399 0 
382 3.784813 0 
383 3.774180 0 
385 3.809317 0 
386 3.793246 0 
387 3.784847 0 
388 3.777539 0 
389 3.760608 0 
390 3.744760 0 
392 3.747423 0 
393 3.731165 0 
394 3.713512 0 
395 3.712254 0 
396 3.695738 0 
397 3.679779 0 
398 3.674840 0 
399 3.652689 0 
400 3.646215 0 
402 3.638132 0 
403 3.621217 0 
404 3.631667 0 
405 3.614544 0 
406 3.598238 0 
407 3.581766 0 
408 3.565609 0 
409 3.574158 0 
410 3.561564 0 
411 3.573393 0 
412 3.557268 0 
413 3.574705 0 
414 3.558284 0 
415 3.542284 0 
416 3.526451 0 
417 3.510320 0 
418 3.539566 0 
419 3.523023 0 
420 3.538724 0 
421 3.521688 0 
422 3.505236 0 
423 3.489357 0 
424 3.473216 0 
425 3.455391 0 
426 3.491040 0 
427 3.474852 0 
429 3.441898 0 
430 3.425538 0 
431 3.416832 0 
432 3.416752 0 
433 3.395263 0 
434 3.383135 0 
435 3.366770 0 
436 3.350445 0 
438 3.351001 0 
439 3.334432 0 
440 3.316353 0 
441 3.292526 0 
443 3.258298 0 
445 3.225841 0 
446 3.271034 0 
447 3.254366 0 
448 3.238262 0 
451 3.189134 0 
452 3.197127 0 
453 3.181055 0 
454 3.215412 0 
455 3.198967 0 
456 3.182669 0 
457 3.161157 0 
458 3.182733 0 
459 3.168741 0 
460 3.152687 0 
461 3.136614 0 
462 3.131705 0 
464 3.108381 0 
466 3.172730 0 
467 3.156134 0 
468 3.140241 0 
469 3.124493 0 
470 3.108361 0 
471 3.103778 0 
472 3.087758 0 
474 3.054190 0 
475 3.052291 0 
476 3.036279 0 
477 3.032908 0 
478 3.070543 0 
479 3.069857 0 
480 3.053659 0 
481 3.062319 0 
482 3.046124 0 
483 3.040642 0 
484 3.060372 0 
485 3.044111 0 
486 3.024703 0 
487 3.008121 0 
488 2.991545 0 
490 2.959461 0 
491 2.952164 0 
492 2.935730 0 
493 2.965386 0 
495 2.979970 0 
496 2.963330 0 
497 2.947412 0 
498 2.943935 0 
499 2.970738 0 
501 2.961446 0 
503 2.928396 0 
504 2.911389 0 
505 2.918922 0 
506 2.902736 0 
507 2.886675 0 
508 2.870399 0 
509 2.853563 0 
511 2.900944 0 
512 2.935227 0 
513 2.919214 0 
514 2.902281 0 
516 2.963766 0 
518 2.931011 0 
519 2.979324 0 
520 2.962425 0 
522 2.928308 0 
523 2.931635 0 
524 2.912222 0 
526 2.883191 0 
527 2.935139 0 
528 2.918988 0 
529 2.902725 0 
530 2.886379 0 
531 2.870128 0 
532 2.853262 0 
533 2.837169 0 
534 2.840825 0 
535 2.823495 0 
536 2.807489 0 
537 2.793725 0 
538 2.800537 0 
539 2.783866 0 
540 2.780486 0 
541 2.837353 0 
542 2.821357 0 
546 2.755454 0 
547 2.739180 0 
548 2.721412 0 
549 2.739631 0 
550 2.732322 0 
551 2.716101 0 
553 2.682625 0 
554 2.666560 0 
555 2.650362 0 
556 2.629019 0 
557 2.612263 0 
558 2.623188 0 
559 2.608977 0 
560 2.613606 0 
561 2.595020 0 
562 2.649961 0 
563 2.633538 0 
564 2.617547 0 
566 2.581174 0 
567 2.605791 0 
568 2.650609 0 
569 2.634401 0 
570 2.622423 0 
571 2.604321 0 
572 2.645651 0 
574 2.603490 0 
575 2.587273 0 
576 2.586336 0 
577 2.640295 0 
579 2.605864 0 
580 2.589628 0 
581 2.573486 0 
582 2.564239 0 
584 2.536804 0 
585 2.520417 0 
586 2.507928 0 
587 2.491640 0 
588 2.484615 0 
589 2.565555 0 
591 2.532975 0 
592 2.516387 0 
593 2.500371 0 
594 2.481923 0 
595 2.465243 0 
596 2.448599 0 
597 2.432026 0 
598 2.415596 0 
599 2.399538 0 
601 2.366786 0 
602 2.350643 0 
603 2.334526 0 
604 2.318100 0 
605 2.340577 0 
606 2.324311 0 
607 2.308257 0 
608 2.328307 0 
609 2.349195 0 
610 2.361684 0 
611 2.345578 0 
612 2.329245 0 
613 2.313643 0 
614 2.297447 0 
615 2.280528 0 
616 2.276679 0 
617 2.261108 0 
618 2.251595 0 
619 2.235603 0 
620 2.250545 0 
621 2.263289 0 
622 2.246972 0 
623 2.228129 0 
624 2.211591 0 
625 2.224546 0 
626 2.210090 0 
628 2.204304 0 
629 2.222768 0 
630 2.207075 0 
631 2.224251 0 
632 2.208399 0 
633 2.191904 0 
634 2.175709 0 
635 2.159394 0 
637 2.136081 0 
638 2.115344 0 
639 2.099439 0 
640 2.083058 0 
642 2.050430 0 
644 2.045867 0 
645 2.061513 0 
646 2.044206 0 
647 2.032918 0 
650 2.013473 0 
651 2.019797 0 
652 2.003780 0 
653 1.986940 0 
654 1.970539 0 
655 1.954262 0 
656 1.963317 0 
657 1.946752 0 
658 1.931527 0 
659 1.915349 0 
660 1.965820 0 
661 1.949598 0 
663 1.917468 0 
665 1.885255 0 
666 1.875508 0 
667 1.859280 0 
668 1.909457 0 
669 1.885596 0 
670 1.869512 0 
671 1.910508 0 
673 1.876914 0 
674 1.870394 0 
675 1.917152 0 
676 1.898665 0 
677 2.014391 0 
678 2.009834 0 
679 2.298680 0 
681 2.347530 0 
682 2.386605 0 
683 2.397985 0 
684 2.381796 0 
685 2.365602 0 
686 2.377567 0 
687 2.466295 0 
689 2.503086 0 
690 2.654854 0 
691 2.638862 0 
692 2.727972 0 
693 2.711241 0 
694 2.694755 0 
695 2.700570 0 
696 2.684166 0 
697 2.667962 0 
698 2.825019 0 
700 2.792229 0 
702 2.759610 0 
703 2.743377 0 
705 2.923532 0 
707 2.891534 0 
708 2.875454 0 
710 2.842231 0 
711 3.042224 0 
712 3.026129 0 
713 3.009857 0 
715 2.977547 0 
717 2.956612 0 
718 2.939834 0 
719 2.923804 0 
721 3.079222 0 
725 3.029922 0 
726 3.058413 0 
727 3.042393 0 
728 3.026059 0 
729 3.010198 0 
730 2.990793 0 
731 2.998924 0 
732 3.008160 0 
733 3.023816 0 
735 3.143496 0 
736 3.125735 0 
737 3.107882 0 
738 3.091750 0 
740 3.090795 0 
741 3.073313 0 
742 3.095147 0 
744 3.092312 0 
745 3.076704 0 
746 3.079786 0 
753 3.257857 0 
754 3.241575 0 
755 3.225351 0 
756 3.209009 0 
758 3.411293 0 
759 3.396025 0 
760 3.379809 0 
761 3.363197 0 
762 3.346570 0 
763 3.330307 0 
765 3.402825 0 
766 3.385941 0 
767 3.585487 0 
769 3.549743 0 
770 3.533724 0 
771 3.568197 0 
773 3.533792 0 
774 3.528914 0 
775 3.512727 0 
776 3.588727 0 
778 3.624245 0 
779 3.608614 0 
780 3.765466 0 
781 3.749188 0 
783 3.863918 0 
784 3.848547 0 
785 3.832534 0 
786 3.895540 0 
787 3.887828 0 
788 3.871513 0 
791 3.870796 0 
792 3.891425 0 
793 3.875701 0 
794 3.983763 0 
795 3.965198 0 
796 3.949947 0 
797 3.929007 0 
798 3.912964 0 
800 3.873707 0 
801 3.857144 0 
802 3.840919 0 
803 4.122722 0 
804 4.106667 0 
805 4.089581 0 
806 4.074191 0 
807 4.058129 0 
808 4.168262 0 
809 4.152549 0 
810 4.136464 0 
811 4.128039 0 
815 4.285559 0 
816 4.265183 0 
818 4.322357 0 
819 4.532932 0 
820 4.516991 0 
821 4.530931 0 
822 4.512846 0 
823 4.496865 0 
824 4.480641 0 
825 4.663234 0 
827 4.630011 0 
828 4.614226 0 
829 4.695043 0 
830 4.679445 0 
831 4.746807 0 
832 4.730421 0 
833 4.715037 0 
834 4.865709 0 
836 4.846285 0 
837 4.827130 0 
838 4.807943 0 
839 4.791814 0 
841 4.759399 0 
843 4.811339 0 
845 5.096919 0 
846 5.079940 0 
849 5.088160 0 
850 5.187100 0 
851 5.170667 0 
852 5.154655 0 
853 5.243469 0 
854 5.227246 0 
855 5.211097 0 
857 5.462786 0 
859 5.521324 0 
860 5.549490 0 
862 5.577132 0 
864 5.665753 0 
865 5.650017 0 
866 5.629904 0 
867 5.613012 0 
868 5.596936 0 
869 5.615937 0 
870 5.627706 0 
873 5.811617 0 
874 5.795194 0 
875 5.774034 0 
877 5.752620 0 
878 5.736518 0 
879 5.719240 0 
880 5.785950 0 
882 5.793933 0 
883 5.778064 0 
884 5.789591 0 
888 5.845718 0 
889 6.066586 0 
890 6.051563 0 
891 6.035428 0 
892 6.068511 0 
893 6.159072 0 
894 6.142935 0 
895 6.121677 0 
896 6.281955 0 
897 6.306082 0 
899 6.284294 0 
901 6.259023 0 
902 6.243201 0 
903 6.255844 0 
904 6.239656 0 
905 6.221289 0 
906 6.453807 0 
907 6.437701 0 
909 6.402825 0 
911 6.370126 0 
914 6.371121 0 
916 6.517066 0 
917 6.501105 0 
918 6.654910 0 
920 6.648043 0 
921 6.631308 0 
922 6.632211 0 
924 6.598403 0 
925 6.582358 0 
926 6.566894 0 
927 6.659932 0 
928 6.643523 0 
929 6.626360 0 
930 6.770601 0 
931 6.754610 0 
933 6.937407 0 
934 6.922318 0 
935 6.906554 0 
936 6.890022 0 
937 6.873721 0 
938 7.087811 0 
939 7.168537 0 
940 7.152708 0 
943 7.354631 0 
947 7.766409 0 
948 7.749636 0 
949 7.733095 0 
951 7.700453 0 
952 7.678803 0 
953 7.662400 0 
954 7.646426 0 
955 7.629072 0 
956 7.613452 0 
957 7.606967 0 
958 7.590869 0 
959 7.574765 0 
960 7.689187 0 
961 7.673192 0 
962 7.650543 0 
964 7.619455 0 
967 7.933127 0 
968 7.916555 0 
969 7.896807 0 
972 8.002169 0 
973 7.986490 0 
974 8.110974 0 
975 8.095027 0 
977 8.063088 0 
978 8.102639 0 
979 8.086164 0 
980 8.255530 0 
984 8.386497 0 
985 8.370136 0 
986 8.353909 0 
989 8.343110 0 
990 8.326902 0 
993 8.452691 0 
994 8.436497 0 
995 8.421006 0 
996 8.525083 0 
997 8.508616 0 
999 8.476453 0 
1000 8.589556 0 
1001 8.573061 0 
1002 8.557207 0 
1003 8.541299 0 
1004 8.524363 0 
1005 8.508306 0 
1007 8.815631 0 
1008 8.799547 0 
1009 8.883614 0 
1010 8.978621 0 
1011 8.961685 0 
1012 8.945543 0 
1013 8.977048 0 
1014 8.961268 0 
1015 9.071968 0 
1016 9.054877 0 
1017 9.039135 0 
1018 9.019112 0 
1019 9.006041 0 
1020 8.989074 0 
1021 9.027106 0 
1022 9.010530 0 
1023 8.994254 0 
1024 9.165856 0 
1026 9.252450 0 
1027 9.236331 0 
1028 9.340626 0 
1029 9.324303 0 
1030 9.306422 0 
1031 9.290065 0 
1032 9.274794 0 
1033 9.258393 0 
1035 9.597817 0 
1036 9.584032 0 
1037 9.567019 0 
1038 9.547945 0 
1040 9.593549 0 
1042 9.577199 0 
1043 9.664235 0 
1044 9.765110 0 
1045 9.748765 0 
1048 9.801043 0 
1049 9.780677 0 
1050 9.764591 0 
1051 9.748749 0 
1052 9.850339 0 
1053 9.832998 0 
1054 9.816499 0 
1055 9.913075 0 
1056 9.896760 0 
1057 9.936789 0 
1058 9.920714 0 
1059 9.934874 0 
1061 10.021934 0 
1063 9.990211 0 
1064 9.973983 0 
1065 9.996222 0 
1066 9.980649 0 
1067 9.964574 0 
1068 9.948529 0 
1069 9.940225 0 
1071 9.970541 0 
1072 9.954143 0 
1073 9.938659 0 
1074 10.037336 0 
1075 10.021500 0 
1076 10.005065 0 
1077 9.989024 0 
1078 9.972768 0 
1079 9.955566 0 
1080 9.939539 0 
1081 9.922932 0 
1082 9.903252 0 
1083 9.886816 0 
1084 9.871276 0 
1085 9.854946 0 
1087 10.022673 0 
1088 10.030565 0 
1089 10.121279 0 
1090 10.105078 0 
1091 10.088769 0 
1092 10.072340 0 
1093 10.055738 0 
1094 10.054760 0 
1095 10.066736 0 
1096 10.050443 0 
1098 10.075597 0 
1100 10.042856 0 
1101 10.026393 0 
1102 10.010134 0 
1103 10.271163 0 
1104 10.252984 0 
1105 10.282279 0 
1106 10.266554 0 
1108 10.233685 0 
1109 10.261609 0 
1110 10.370328 0 
1111 10.354320 0 
1116 10.401448 0 
1117 10.468683 0 
1119 10.432424 0 
1120 10.415711 0 
1121 10.527469 0 
1124 10.584694 0 
1125 10.639261 0 
1127 10.604022 0 
1128 10.695938 0 
1131 10.682256 0 
1133 10.918063 0 
1134 10.901811 0 
1135 10.881313 0 
1136 10.865117 0 
1138 10.947387 0 
1145 11.130668 0 
1146 11.114551 0 
1147 11.165940 0 
1148 11.148953 0 
1150 11.151123 0 
1151 11.181347 0 
1152 11.165204 0 
1153 11.147466 0 
1154 11.131185 0 
1155 11.114906 0 
1156 11.102315 0 
1157 11.086154 0 
1161 11.529139 0 
1163 11.496639 0 
1164 11.481205 0 
1165 11.542755 0 
1166 11.526438 0 
1167 11.519566 0 
1168 11.728563 0 
1169 11.718880 0 
1171 11.687455 0 
1172 11.739824 0 
1173 11.723168 0 
1174 11.707902 0 
1178 11.825744 0 
1179 11.809724 0 
1181 11.920761 0 
1182 12.066597 0 
1183 12.049443 0 
1184 12.259304 0 
1185 12.243800 0 
1186 12.227569 0 
1188 12.367514 0 
1189 12.372044 0 
1190 12.466130 0 
1191 12.449892 0 
1192 12.432812 0 
1193 12.416645 0 
1194 12.580736 0 
1195 12.563600 0 
1196 12.548072 0 
1198 12.513499 0 
1199 12.497273 0 
1200 12.481047 0 
1201 12.563961 0 
1202 12.549210 0 
1203 12.532718 0 
1204 12.510150 0 
1205 12.493654 0 
1206 12.477391 0 
1207 12.645388 0 
1208 12.629004 0 
1209 12.612797 0 
1210 12.597085 0 
1211 12.581056 0 
1212 12.564643 0 
1213 12.543068 0 
1214 12.742119 0 
1217 12.686651 0 
1218 12.670227 0 
1219 12.654743 0 
1220 12.636863 0 
1221 12.661856 0 
1222 12.664630 0 
1223 12.738533 0 
1225 12.703496 0 
1226 12.757650 0 
1227 12.755385 0 
1228 12.732196 0 
1229 12.779585 0 
1230 12.755953 0 
1231 12.826157 0 
1232 12.810036 0 
1234 12.922754 0 
1235 12.906250 0 
1236 12.887712 0 
1237 12.871483 0 
1239 12.839057 0 
1241 12.806129 0 
1242 12.955155 0 
1243 12.962037 0 
1244 12.945932 0 
1247 13.076517 0 
1406 10.405442 0 
1407 10.393366 0 
1408 10.516892 0 
1409 10.500185 0 
1410 10.484031 0 
1411 10.467985 0 
1412 10.443900 0 
1413 10.469855 0 
1416 10.515323 0 
1421 10.592951 0 
1422 10.575792 0 
1427 10.769043 0 
1428 10.752984 0 
1429 10.754232 0 
1430 10.737727 0 
1431 10.721793 0 
1433 10.758704 0 
1434 10.847836 0 
1435 10.831059 0 
1436 10.814425 0 
1438 10.781650 0 
1440 10.933310 0 
1441 11.020730 0 
1443 11.291079 0 
1446 11.239989 0 
1447 11.223840 0 
1448 11.207624 0 
1449 11.192117 0 
1450 11.231378 0 
1451 11.339942 0 
1452 11.612181 0 
1453 11.637856 0 
1456 11.678625 0 
1457 11.662207 0 
1459 11.629954 0 
1461 11.715911 0 
1462 11.708894 0 
1463 11.692607 0 
1464 11.686806 0 
1465 11.738384 0 
1466 11.722603 0 
1467 11.706562 0 
1469 11.827094 0 
1470 11.811158 0 
1471 11.794451 0 
1472 11.778741 0 
1473 11.761866 0 
1474 11.745235 0 
1475 11.784516 0 
1476 11.766638 0 
1477 11.813143 0 
1478 11.854126 0 
1479 11.837381 0 
1480 11.821231 0 
1481 11.805065 0 
1482 11.788943 0 
1483 11.772470 0 
1485 11.953306 0 
1487 12.439807 0 
1488 12.423553 0 
1489 12.455652 0 
1491 12.435421 0 
1492 12.412904 0 
1496 12.540483 0 
1498 12.508026 0 
1499 12.492005 0 
1500 12.476005 0 
1501 12.459340 0 
1502 12.443245 0 
1503 12.427176 0 
1504 12.410678 0 
1506 12.378077 0 
1507 12.362630 0 
1508 12.346736 0 
1509 12.333118 0 
1511 12.345833 0 
1513 12.313867 0 
1514 12.453650 0 
1515 12.437367 0 
1517 12.405146 0 
1518 12.389037 0 
1519 12.373045 0 
1521 12.340562 0 
1522 12.324199 0 
1523 12.452953 0 
1524 12.435147 0 
1525 12.419977 0 
1526 12.403714 0 
1527 12.387762 0 
1528 12.465714 0 
1529 12.449355 0 
1530 12.432388 0 
1531 12.416810 0 
1532 12.425072 0 
1533 12.408685 0 
1534 12.549663 0 
1535 12.531689 0 
1536 12.515758 0 
1537 12.499709 0 
1538 12.480289 0 
1540 12.448040 0 
1541 12.650289 0 
1542 12.633943 0 
1543 12.617645 0 
1544 12.617820 0 
1545 12.792040 0 
1546 12.772120 0 
1548 12.829199 0 
1549 12.813947 0 
1550 12.798022 0 
1551 12.834685 0 
1552 12.818078 0 
1553 12.906449 0 
1554 13.022909 0 
1555 13.002301 0 
1556 12.986544 0 
1557 12.969902 0 
1558 12.954492 0 
1559 12.938220 0 
1561 12.903737 0 
1562 13.010071 0 
1563 12.994153 0 
1564 13.029182 0 
1565 13.020248 0 
1566 13.004054 0 
1567 13.051442 0 
1569 13.022871 0 
1570 13.038741 0 
1571 13.022663 0 
1580 13.101286 0 
1581 13.252811 0 
1582 13.236195 0 
1583 13.343819 0 
1584 13.373118 0 
1586 13.508295 0 
1587 13.492924 0 
1588 13.692335 0 
1589 13.676187 0 
1590 13.855726 0 
1591 13.944937 0 
1592 13.928450 0 
1593 13.911793 0 
1594 13.895459 0 
1596 14.082850 0 
1597 14.066254 0 
1598 14.052150 0 
1599 14.035060 0 
1600 14.064239 0 
1601 14.048138 0 
1602 14.031980 0 
1603 14.015789 0 
1604 14.244066 0 
1605 14.227930 0 
1606 14.211912 0 
1607 14.195290 0 
1608 14.179219 0 
1609 14.162317 0 
1610 14.340445 0 
1611 14.323788 0 
1612 14.307571 0 
1613 14.320910 0 
1614 14.304953 0 
1615 14.288633 0 
1616 14.272375 0 
1617 14.256187 0 
1618 14.361170 0 
1619 14.351342 0 
1620 14.334946 0 
1621 14.319470 0 
1623 14.328923 0 
1624 14.531851 0 
1625 14.515298 0 
1626 14.499160 0 
1627 14.483350 0 
1628 14.559619 0 
1629 14.543376 0 
1630 14.527104 0 
1632 14.651326 0 
1633 14.633682 0 
1634 14.614512 0 
1635 14.598308 0 
1637 14.565697 0 
1639 14.564552 0 
1640 14.669867 0 
1645 14.629645 0 
1646 14.614044 0 
1647 14.605741 0 
1648 14.657873 0 
1649 14.650847 0 
1650 14.634581 0 
1651 14.965975 0 
1652 14.952810 0 
1653 14.964225 0 
1654 15.034854 0 
1655 15.040790 0 
1656 15.025104 0 
1658 14.989196 0 
1660 15.068584 0 
1661 15.049414 0 
1662 15.033564 0 
1663 15.317412 0 
1664 15.369752 0 
1665 15.354065 0 
1666 15.550585 0 
1668 15.511623 0 
1669 15.622537 0 
1670 15.607131 0 
1671 15.591058 0 
1672 15.574786 0 
1673 15.558733 0 
1674 15.609910 0 
1675 15.588857 0 
1676 15.572334 0 
1677 15.556376 0 
1678 15.536961 0 
1679 15.516928 0 
1680 15.633770 0 
1681 15.702887 0 
1682 15.686729 0 
1684 15.669739 0 
1686 15.769778 0 
1687 15.753095 0 
1689 15.749318 0 
1690 15.733126 0 
1691 15.716829 0 
2010 10.356453 0 
2013 10.514594 0 
2021 10.818347 0 
2022 10.829406 0 
2023 10.813221 0 
2024 10.796801 0 
2025 10.784351 0 
2026 10.861799 0 
2028 11.229004 0 
2030 11.347368 0 
2031 11.331787 0 
2032 11.311644 0 
2033 11.291635 0 
2035 11.258761 0 
2037 11.263672 0 
2040 11.423503 0 
2044 11.414566 0 
2045 11.398505 0 
2046 11.435619 0 
2047 11.478951 0 
2048 11.462781 0 
2049 11.446939 0 
2050 11.510724 0 
2051 11.512770 0 
2052 11.496927 0 
2053 11.480638 0 
2054 11.464203 0 
2056 11.539496 0 
2060 11.506759 0 
2061 11.490511 0 
2062 11.474308 0 
2063 11.466310 0 
2064 11.450340 0 
2066 11.416963 0 
2067 11.424677 0 
2068 11.408349 0 
2069 11.413660 0 
2070 11.417719 0 
2071 11.401439 0 
2072 11.384218 0 
2073 11.368075 0 
2074 11.418652 0 
2075 11.400709 0 
2076 11.384790 0 
2077 11.388343 0 
2078 11.372108 0 
2079 11.482970 0 
2080 11.466897 0 
2082 11.626159 0 
2084 11.828751 0 
2085 11.813025 0 
2086 11.943808 0 
2089 11.895629 0 
2090 11.876750 0 
2091 11.860494 0 
2093 11.888351 0 
2095 11.853556 0 
2096 11.836985 0 
2097 11.859001 0 
2098 11.842770 0 
2099 11.841357 0 
2100 11.862290 0 
2101 11.901964 0 
2103 11.941147 0 
2104 11.924651 0 
2105 11.908633 0 
2106 11.892414 0 
2108 12.034221 0 
2111 12.272131 0 
2112 12.256166 0 
2114 12.274804 0 
2115 12.258703 0 
2116 12.241954 0 
2118 12.231264 0 
2119 12.214865 0 
2120 12.198099 0 
2121 12.284665 0 
2122 12.268582 0 
2123 12.252406 0 
2124 12.236298 0 
2125 12.218501 0 
2126 12.356963 0 
2127 12.342052 0 
2128 12.325857 0 
2129 12.311418 0 
2130 12.412006 0 
2134 12.606517 0 
2135 12.669104 0 
2137 12.636409 0 
2138 12.620594 0 
2139 12.604450 0 
2140 12.588085 0 
2141 12.744566 0 
2142 12.725502 0 
2143 12.710071 0 
2145 12.676761 0 
2146 12.660305 0 
2147 12.658061 0 
2148 12.679363 0 
2149 12.662838 0 
2150 12.646598 0 
2151 12.807334 0 
2152 12.789521 0 
2153 12.773218 0 
2154 12.756911 0 
2155 12.740955 0 
2156 12.725128 0 
2158 12.708380 0 
2159 12.830219 0 
2160 12.814209 0 
2161 12.917394 0 
2162 12.901423 0 
2163 12.885165 0 
2166 12.975446 0 
2167 12.959046 0 
2168 12.942923 0 
2169 12.926647 0 
2171 12.894317 0 
2172 12.977255 0 
2173 12.974754 0 
2174 13.032448 0 
2176 13.111727 0 
2178 13.293903 0 
2179 13.276912 0 
2180 13.261504 0 
2183 13.267264 0 
2184 13.443254 0 
2185 13.426630 0 
2186 13.410376 0 
2187 13.394028 0 
2188 13.388555 0 
2189 13.445346 0 
2190 13.429065 0 
2191 13.493999 0 
2193 13.522723 0 
2194 13.506482 0 
2197 13.542125 0 
2198 13.558276 0 
2199 13.541795 0 
2200 13.526107 0 
2201 13.508968 0 
2202 13.640502 0 
2203 13.623943 0 
2204 13.607718 0 
2205 13.590176 0 
2206 13.568666 0 
2207 13.552623 0 
2208 13.632023 0 
2209 13.613089 0 
2210 13.593849 0 
2211 13.689537 0 
2212 13.670250 0 
2213 13.649001 0 
2214 13.633207 0 
2215 13.616292 0 
2216 13.649812 0 
2217 13.633721 0 
2218 13.617428 0 
2220 13.584769 0 
2221 13.663127 0 
2222 13.646180 0 
2223 13.724327 0 
2224 13.708487 0 
2225 13.691984 0 
2226 13.673410 0 
2227 13.657446 0 
2229 13.821061 0 
2230 13.804712 0 
2231 13.788084 0 
2232 13.771996 0 
2234 13.739615 0 
2236 13.763203 0 
2238 13.904436 0 
2239 13.888601 0 
2242 13.992889 0 
2243 13.975962 0 
2244 13.959815 0 
2245 13.944436 0 
2246 13.928138 0 
2247 13.985710 0 
2248 14.211613 0 
2249 14.195525 0 
2250 14.183269 0 
2251 14.169457 0 
2252 14.417721 0 
2257 14.696861 0 
2258 14.678789 0 
2259 14.657554 0 
2260 14.675852 0 
2261 14.684681 0 
2262 14.668221 0 
2263 14.762359 0 
2265 14.729962 0 
2266 14.714021 0 
2267 14.925465 0 
2268 14.927420 0 
2269 14.921638 0 
2270 14.905570 0 
2271 14.889298 0 
2272 14.873001 0 
2273 14.855864 0 
2275 14.888058 0 
2276 14.871879 0 
2277 14.855243 0 
2278 14.861264 0 
2279 14.844655 0 
2281 14.879267 0 
2282 15.089304 0 
2283 15.133031 0 
2284 15.117521 0 
2285 15.168953 0 
2286 15.149574 0 
2287 15.132575 0 
2288 15.276750 0 
2289 15.268808 0 
2294 15.540240 0 
2295 15.524236 0 
2296 15.508121 0 
2629 10.652473 0 
2630 10.636178 0 
2632 10.603484 0 
2634 10.575615 0 
2635 10.590589 0 
2640 10.768111 0 
2641 10.797466 0 
2642 10.780869 0 
2643 10.764654 0 
2644 10.748053 0 
2645 10.804876 0 
2646 10.788816 0 
2647 10.772895 0 
2648 10.912751 0 
2649 10.895072 0 
2650 10.968289 0 
2651 10.981894 0 
2653 11.122142 0 
2655 11.209063 0 
2656 11.194015 0 
2658 11.190655 0 
2659 11.174607 0 
2660 11.158601 0 
2661 11.142314 0 
2663 11.105666 0 
2664 11.103512 0 
2665 11.087565 0 
2666 11.071312 0 
2667 11.170276 0 
2668 11.150908 0 
2669 11.134326 0 
2670 11.117833 0 
2671 11.201256 0 
2672 11.179938 0 
2673 11.164056 0 
2674 11.148333 0 
2675 11.124798 0 
2676 11.116483 0 
2677 11.111029 0 
2679 11.231598 0 
2680 11.216362 0 
2681 11.197849 0 
2682 11.390749 0 
2683 11.374797 0 
2684 11.358737 0 
2685 11.500029 0 
2686 11.483847 0 
2687 11.467047 0 
2688 11.487419 0 
2690 11.456150 0 
2692 11.421164 0 
2693 11.434427 0 
2694 11.506375 0 
2695 11.482746 0 
2696 11.466447 0 
2697 11.446508 0 
2698 11.430004 0 
2700 11.393497 0 
2701 11.474054 0 
2702 11.456451 0 
2703 11.439618 0 
2705 11.466096 0 
2707 11.612975 0 
2708 11.597235 0 
2709 11.582895 0 
2711 11.550431 0 
2712 11.544235 0 
2713 11.527864 0 
2715 11.494411 0 
2716 11.484830 0 
2717 11.477806 0 
2718 11.461365 0 
2719 11.444292 0 
2720 11.457574 0 
2721 11.540291 0 
2722 11.588113 0 
2723 11.657263 0 
2724 11.642219 0 
2727 11.587764 0 
2728 11.592470 0 
2729 11.576163 0 
2730 11.556982 0 
2731 11.780299 0 
2732 11.764166 0 
2734 11.807097 0 
2735 11.790403 0 
2736 11.774097 0 
2737 11.798101 0 
2738 11.779089 0 
2739 11.762520 0 
2740 11.746016 0 
2742 11.708748 0 
2743 11.690622 0 
2744 11.674369 0 
2745 11.889213 0 
2746 11.873232 0 
2747 11.857082 0 
2748 11.841607 0 
2749 11.825050 0 
2750 11.818093 0 
2751 11.801659 0 
2752 11.785610 0 
2753 11.770146 0 
2755 11.871794 0 
2756 12.037697 0 
2758 12.176397 0 
2759 12.159818 0 
2760 12.141796 0 
2764 12.143755 0 
2765 12.128181 0 
2766 12.111869 0 
2768 12.124925 0 
2769 12.102835 0 
2770 12.086812 0 
2771 12.176411 0 
2773 12.136771 0 
2776 12.276734 0 
2781 12.373331 0 
2784 12.536686 0 
2785 12.520601 0 
2786 12.504996 0 
2787 12.489121 0 
2788 12.472976 0 
2793 12.414229 0 
2794 12.398017 0 
2795 12.428342 0 
2796 12.461305 0 
2797 12.445199 0 
2798 12.450264 0 
2799 12.549943 0 
2800 12.533897 0 
2801 12.517707 0 
2802 12.501382 0 
2803 12.777269 0 
2804 12.760908 0 
2805 12.836243 0 
2806 12.821421 0 
2807 12.804379 0 
2808 12.787515 0 
2809 12.771263 0 
2813 12.975374 0 
2814 12.991879 0 
2815 12.974693 0 
2817 13.094212 0 
2818 13.224850 0 
2819 13.209223 0 
2820 13.194162 0 
2821 13.206180 0 
2822 13.190630 0 
2823 13.250856 0 
2824 13.231425 0 
2826 13.257988 0 
2827 13.242242 0 
2828 13.220285 0 
2829 13.204880 0 
2831 13.165551 0 
2833 13.248151 0 
2835 13.463335 0 
2836 13.462557 0 
2839 13.428707 0 
2840 13.523069 0 
2841 13.499766 0 
2842 13.554347 0 
2843 13.535279 0 
2844 13.555065 0 
2845 13.538345 0 
2846 13.616308 0 
2847 13.844201 0 
2848 13.825743 0 
2849 13.810468 0 
2850 13.888970 0 
2852 13.853035 0 
2854 14.191377 0 
2856 14.163828 0 
2857 14.163668 0 
2858 14.166214 0 
2859 14.145959 0 
2860 14.273185 0 
2862 14.236984 0 
2863 14.247667 0 
2864 14.362163 0 
2865 14.346919 0 
2866 14.494593 0 
2867 14.472723 0 
2868 14.455696 0 
2869 14.439378 0 
2870 14.423070 0 
2871 14.405923 0 
2872 14.389639 0 
2873 14.364613 0 
2874 14.531119 0 
2875 14.507743 0 
2876 14.493082 0 
2878 14.605353 0 
2881 14.618428 0 
2882 14.676804 0 
2883 14.660230 0 
2884 14.643830 0 
2885 14.627532 0 
2887 15.001427 0 
2891 14.980116 0 
2892 14.978820 0 
2893 14.960980 0 
2894 14.944545 0 
2895 14.928132 0 
2896 14.953482 0 
2900 15.014823 0 
2901 14.998552 0 
2902 14.982870 0 
3208 10.098872 0 
3209 10.083201 0 
3210 10.067054 0 
3211 10.051394 0 
3212 10.035249 0 
3213 10.019136 0 
3215 10.062635 0 
3216 10.046335 0 
3217 10.028898 0 
3218 10.013194 0 
3219 10.124872 0 
3220 10.108852 0 
3221 10.090553 0 
3222 10.070642 0 
3225 10.089599 0 
3226 10.073895 0 
3227 10.057146 0 
3229 10.024358 0 
3231 10.271060 0 
3232 10.371765 0 
3233 10.525320 0 
3234 10.509503 0 
3237 10.453455 0 
3238 10.437672 0 
3239 10.531366 0 
3240 10.620551 0 
3241 10.604646 0 
3242 10.635983 0 
3243 10.620386 0 
3244 10.605762 0 
3245 10.589570 0 
3246 10.571542 0 
3247 10.553010 0 
3248 10.536837 0 
3250 10.504177 0 
3252 10.671797 0 
3253 10.655351 0 
3254 10.639266 0 
3255 10.623319 0 
3256 10.603325 0 
3257 10.585177 0 
3258 10.569123 0 
3260 10.536464 0 
3261 10.551807 0 
3262 10.532561 0 
3263 10.655803 0 
3264 10.639772 0 
3265 10.623647 0 
3266 10.749926 0 
3267 10.893212 0 
3268 10.872455 0 
3269 10.855834 0 
3270 10.838277 0 
3272 10.851465 0 
3273 10.834905 0 
3274 10.815578 0 
3276 11.061354 0 
3277 11.045363 0 
3278 11.027617 0 
3279 11.348634 0 
3280 11.332611 0 
3281 11.314522 0 
3282 11.294755 0 
3283 11.280092 0 
3284 11.263876 0 
3285 11.247981 0 
3291 11.426562 0 
3292 11.410457 0 
3293 11.387389 0 
3294 11.372551 0 
3295 11.357540 0 
3297 11.327892 0 
3298 11.461340 0 
3299 11.445259 0 
3300 11.537476 0 
3302 11.505071 0 
3304 11.552568 0 
3305 11.536494 0 
3306 11.520014 0 
3308 11.513252 0 
3309 11.493979 0 
3310 11.616865 0 
3312 11.583313 0 
3313 11.812010 0 
3314 11.795913 0 
3315 11.779654 0 
3316 11.789246 0 
3317 11.848102 0 
3318 11.904277 0 
3319 11.887892 0 
3320 11.871842 0 
3322 11.973665 0 
3323 11.957467 0 
3324 11.941204 0 
3327 12.139418 0 
3328 12.123258 0 
3329 12.106758 0 
3334 12.120878 0 
3335 12.130224 0 
3336 12.114165 0 
3337 12.296015 0 
3339 12.263458 0 
3340 12.244607 0 
3341 12.228401 0 
3344 12.179765 0 
3345 12.163779 0 
3346 12.146986 0 
3347 12.130657 0 
3348 12.113042 0 
3349 12.096842 0 
3350 12.080857 0 
3352 12.045563 0 
3353 12.025454 0 
3354 12.009277 0 
3355 12.009540 0 
3356 11.992296 0 
3360 11.992722 0 
3361 11.973120 0 
3362 11.965849 0 
3363 11.991377 0 
3365 12.047848 0 
3366 12.030940 0 
3367 12.014597 0 
3368 11.999938 0 
3370 11.968342 0 
3372 12.029158 0 
3374 12.061394 0 
3375 12.041545 0 
3377 12.009048 0 
3378 11.992746 0 
3379 11.976015 0 
3380 12.076239 0 
3381 12.060117 0 
3382 12.043606 0 
3383 12.028181 0 
3384 12.010583 0 
3385 11.994546 0 
3387 11.961767 0 
3388 11.945580 0 
3389 11.975116 0 
3390 11.959184 0 
3391 11.944286 0 
3392 11.925761 0 
3393 12.008651 0 
3394 11.992603 0 
3395 11.976551 0 
3396 11.960112 0 
3397 11.941734 0 
3398 11.925408 0 
3399 11.909548 0 
3400 11.893494 0 
3401 11.877317 0 
3402 11.861018 0 
3403 11.844879 0 
3404 11.828765 0 
3405 11.860414 0 
3406 11.844644 0 
3407 11.828345 0 
3408 11.811761 0 
3409 11.824412 0 
3410 11.808239 0 
3411 11.789203 0 
3412 11.770436 0 
3414 11.761136 0 
3415 11.760588 0 
3416 11.744706 0 
3417 11.735282 0 
3418 11.715175 0 
3419 11.698933 0 
3420 11.682611 0 
3421 11.671134 0 
3423 11.657027 0 
3424 11.647512 0 
3425 11.631493 0 
3426 11.615096 0 
3428 11.582886 0 
3430 11.570735 0 
3431 11.576963 0 
3432 11.649999 0 
3433 11.634826 0 
3436 11.645277 0 
3437 11.629604 0 
3438 11.613527 0 
3439 11.690424 0 
3440 11.672814 0 
3441 11.656541 0 
3442 11.640124 0 
3443 11.619250 0 
3444 11.602679 0 
3445 11.595722 0 
3446 11.608007 0 
3447 11.591407 0 
3452 11.686298 0 
3453 11.682725 0 
3454 11.666750 0 
3455 11.650373 0 
3456 11.705380 0 
3457 11.689507 0 
3459 11.656411 0 
3460 11.651724 0 
3461 11.661459 0 
3462 11.643126 0 
3463 11.633307 0 
3464 11.616748 0 
3465 11.703264 0 
3466 11.683238 0 
3467 11.667787 0 
3468 11.724383 0 
3469 11.707872 0 
3470 11.692458 0 
3471 11.710305 0 
3472 11.691967 0 
3473 11.675651 0 
3475 11.761867 0 
3476 11.826739 0 
3477 11.810608 0 
3478 11.794165 0 
3479 11.775419 0 
3480 11.755336 0 
3481 11.739602 0 
3482 11.723285 0 
3483 11.710195 0 
3484 11.704479 0 
3486 11.738492 0 
3488 11.705780 0 
3489 11.691466 0 
3490 11.676255 0 
3491 11.659967 0 
3492 11.724704 0 
3493 11.717029 0 
3795 6.625489 0 
3796 6.630325 0 
3797 6.613314 0 
3798 6.597135 0 
3800 6.623854 0 
3801 6.602118 0 
3802 6.639970 0 
3803 6.623538 0 
3804 6.606880 0 
3805 6.590461 0 
3806 6.574602 0 
3807 6.556928 0 
3808 6.540393 0 
3809 6.528795 0 
3810 6.542298 0 
3813 6.588027 0 
3814 6.571804 0 
3815 6.555606 0 
3816 6.539500 0 
3817 6.523195 0 
3818 6.544926 0 
3819 6.528901 0 
3821 6.507349 0 
3822 6.502013 0 
3823 6.486244 0 
3824 6.470119 0 
3826 6.436657 0 
3828 6.415536 0 
3829 6.483390 0 
3830 6.491128 0 
3831 6.474780 0 
3834 6.420335 0 
3835 6.431032 0 
3836 6.416337 0 
3837 6.398203 0 
3838 6.381757 0 
3839 6.365572 0 
3840 6.358651 0 
3841 6.436254 0 
3842 6.420135 0 
3843 6.473876 0 
3844 6.458160 0 
3845 6.441980 0 
3847 6.470467 0 
3849 6.485383 0 
3850 6.487263 0 
3851 6.471096 0 
3852 6.455116 0 
3853 6.460685 0 
3854 6.443762 0 
3855 6.452679 0 
3857 6.431175 0 
3858 6.414617 0 
3859 6.398196 0 
3860 6.382645 0 
3861 6.365735 0 
3862 6.348992 0 
3863 6.332205 0 
3864 6.315906 0 
3865 6.311765 0 
3866 6.295119 0 
3867 6.284095 0 
3868 6.268129 0 
3869 6.250726 0 
3870 6.253179 0 
3871 6.237435 0 
3873 6.203699 0 
3874 6.197394 0 
3875 6.232588 0 
3876 6.216410 0 
3877 6.200245 0 
3878 6.184202 0 
3879 6.167695 0 
3880 6.215866 0 
3881 6.200102 0 
3882 6.184054 0 
3884 6.162475 0 
3886 6.164854 0 
3887 6.165298 0 
3888 6.148845 0 
3889 6.147307 0 
3890 6.130977 0 
3891 6.118995 0 
3892 6.103112 0 
3894 6.073409 0 
3895 6.071247 0 
3896 6.093990 0 
3899 6.228688 0 
3901 6.194277 0 
3902 6.177759 0 
3903 6.224246 0 
3905 6.225058 0 
3906 6.209002 0 
3907 6.192708 0 
3909 6.160424 0 
3910 6.144129 0 
3911 6.127925 0 
3912 6.111266 0 
3913 6.098540 0 
3914 6.092370 0 
3915 6.089372 0 
3916 6.074042 0 
3917 6.134512 0 
3918 6.118424 0 
3919 6.173267 0 
3920 6.156298 0 
3921 6.140064 0 
3922 6.124011 0 
3923 6.139164 0 
3924 6.122746 0 
3925 6.101730 0 
3926 6.102220 0 
3928 6.079562 0 
3929 6.064911 0 
3930 6.048430 0 
3931 6.032562 0 
3932 6.016431 0 
3933 6.120018 0 
3934 6.104009 0 
3936 6.071603 0 
3937 6.055638 0 
3938 6.039206 0 
3939 6.022978 0 
3940 6.007197 0 
3941 6.084520 0 
3942 6.093506 0 
3946 6.070032 0 
3947 6.073468 0 
3949 6.075748 0 
3950 6.061442 0 
3951 6.047113 0 
3952 6.091699 0 
3953 6.139842 0 
3954 6.123776 0 
3955 6.187958 0 
3957 6.155733 0 
3958 6.188551 0 
3959 6.173067 0 
3960 6.156364 0 
3962 6.124024 0 
3963 6.106998 0 
3964 6.086509 0 
3965 6.145570 0 
3967 6.218434 0 
3968 6.263174 0 
3969 6.253765 0 
3970 6.237799 0 
3971 6.287050 0 
3972 6.271068 0 
3974 6.237329 0 
3975 6.267894 0 
3976 6.268185 0 
3977 6.274205 0 
3978 6.257935 0 
3979 6.272859 0 
3980 6.330994 0 
3981 6.315664 0 
3982 6.299221 0 
3984 6.320405 0 
3985 6.304205 0 
3986 6.287405 0 
3987 6.270437 0 
3993 6.335460 0 
3994 6.394426 0 
3995 6.457392 0 
3996 6.441220 0 
3997 6.424816 0 
3998 6.409326 0 
3999 6.393182 0 
4000 6.518420 0 
4001 6.502092 0 
4002 6.486511 0 
4003 6.469615 0 
4004 6.453029 0 
4005 6.439485 0 
4006 6.429407 0 
4007 6.413153 0 
4008 6.455423 0 
4009 6.440100 0 
4011 6.407104 0 
4012 6.398574 0 
4013 6.391342 0 
4014 6.374820 0 
4015 6.358664 0 
4016 6.341740 0 
4017 6.342764 0 
4018 6.326530 0 
4020 6.310820 0 
4021 6.291743 0 
4022 6.275349 0 
4023 6.259269 0 
4025 6.226796 0 
4027 6.241340 0 
4028 6.223508 0 
4029 6.262289 0 
4030 6.245973 0 
4033 6.293162 0 
4034 6.277236 0 
4035 6.264205 0 
4036 6.285223 0 
4037 6.269331 0 
4038 6.253322 0 
4039 6.242562 0 
4040 6.256073 0 
4041 6.239976 0 
4042 6.243746 0 
4043 6.254071 0 
4044 6.243269 0 
4046 6.204347 0 
4048 6.251841 0 
4049 6.286399 0 
4051 6.289891 0 
4052 6.281010 0 
4053 6.288749 0 
4054 6.272827 0 
4056 6.237571 0 
4057 6.221293 0 
4058 6.240907 0 
4059 6.262526 0 
4060 6.247350 0 
4061 6.343197 0 
4062 6.326068 0 
4063 6.339807 0 
4064 6.322256 0 
4065 6.302297 0 
4066 6.317035 0 
4067 6.300513 0 
4068 6.284585 0 
4069 6.280678 0 
4070 6.319174 0 
4073 6.282041 0 
4074 6.317329 0 
4075 6.293536 0 
4076 6.277331 0 
4077 6.261341 0 
4078 6.244947 0 
4079 6.228825 0 
4180 4.619335 0 
4181 4.603265 0 
4183 4.606787 0 
4184 4.612304 0 
4185 4.596039 0 
4186 4.589059 0 
4188 4.680966 0 
4189 4.664978 0 
4190 4.682363 0 
4191 4.714348 0 
4192 4.697875 0 
4193 4.680190 0 
4194 4.664293 0 
4195 4.655165 0 
4196 4.638572 0 
4197 4.621877 0 
4198 4.664958 0 
4199 4.648438 0 
4200 4.632206 0 
4201 4.629237 0 
4202 4.612735 0 
4203 4.638181 0 
4204 4.620142 0 
4205 4.603802 0 
4206 4.587725 0 
4207 4.637866 0 
4208 4.619257 0 
4210 4.586148 0 
4211 4.570355 0 
4212 4.554363 0 
4213 4.666371 0 
4214 4.646611 0 
4215 4.630604 0 
4216 4.614640 0 
4217 4.599030 0 
4219 4.618248 0 
4493 0.016425 1 
4220 4.625313 0 
4221 4.603307 0 
4222 4.587401 0 
4224 4.554808 0 
4226 4.522171 0 
4227 4.538352 0 
4228 4.581306 0 
4229 4.564906 0 
4494 0.140081 1 
4496 0.144303 1 
4498 0.112551 1 
4499 0.089904 1 
4500 0.073853 1 
4502 0.039426 1 
4503 0.023010 1 
4504 0.006733 1 
4506 0.005920 1 
4232 4.615081 0 
4233 4.597876 0 
4234 4.583068 0 
4235 4.560525 0 
4507 0.013405 1 
4508 0.010179 1 
4509 0.010360 1 
4510 0.005597 1 
4236 4.615323 0 
4237 4.596216 0 
4238 4.580219 0 
4511 0.006191 1 
4239 4.582466 0 
4240 4.566318 0 
4241 4.550168 0 
4242 4.533954 0 
4512 0.006119 1 
4513 0.006005 1 
4514 0.006664 1 
4515 0.006655 1 
4516 0.004737 1 
4247 4.630272 0 
4248 4.613926 0 
4249 4.597853 0 
4250 4.581818 0 
4251 4.565559 0 
4517 0.133262 1 
4520 0.104928 1 
4521 0.088732 1 
4522 0.070811 1 
4523 0.054480 1 
4525 0.019163 1 
4526 0.011429 1 
4527 0.007357 1 
4528 0.007428 1 
4529 0.005651 1 
4530 0.005521 1 
4252 4.676624 0 
4253 4.660336 0 
4531 0.011233 1 
4255 4.658503 0 
4256 4.638232 0 
4257 4.633164 0 
4533 0.008144 1 
4534 0.005218 1 
4258 4.634217 0 
4535 0.005473 1 
4259 4.631006 0 
4260 4.615033 0 
4261 4.598425 0 
4262 4.582410 0 
4263 4.566313 0 
4264 4.564660 0 
4265 4.548574 0 
4266 4.532387 0 
4536 0.007099 1 
4537 0.005061 1 
4538 0.011539 1 
4267 4.557340 0 
4268 4.541047 0 
4269 4.521410 0 
4539 0.007171 1 
4540 0.004903 1 
4541 0.006793 1 
4542 0.027805 1 
4543 0.011837 1 
4271 4.563557 0 
4272 4.547420 0 
4544 0.012680 1 
4273 4.564920 0 
4546 0.005867 1 
4547 0.008935 1 
4548 0.006642 1 
4549 0.005971 1 
4274 4.629556 0 
4275 4.613415 0 
4276 4.597296 0 
4277 4.581224 0 
4278 4.564770 0 
4279 4.548419 0 
4280 4.532004 0 
4550 0.012366 1 
4551 0.006679 1 
4552 0.004558 1 
4554 0.006325 1 
4555 0.006176 1 
4282 4.589941 0 
4284 4.557352 0 
4285 4.540617 0 
4286 4.524572 0 
4287 4.508854 0 
4556 0.012841 1 
4288 4.517529 0 
4289 4.501677 0 
4557 0.005885 1 
4290 4.504101 0 
4292 4.471879 0 
4559 0.005675 1 
4560 0.013396 1 
4293 4.508372 0 
4294 4.507665 0 
4295 4.491825 0 
4561 0.015901 1 
4562 0.005759 1 
4297 4.499198 0 
4299 4.465536 0 
4564 0.016524 1 
4565 0.014067 1 
4300 4.478240 0 
4566 0.006180 1 
4567 0.006559 1 
4568 0.004761 1 
4301 4.503139 0 
4303 4.468984 0 
4304 4.452452 0 
4569 0.014225 1 
4305 4.468083 0 
4571 0.010739 1 
4572 0.009819 1 
4573 0.005953 1 
4574 0.011178 1 
4575 0.007135 1 
4307 4.518911 0 
4308 4.502550 0 
4576 0.005905 1 
4577 0.007047 1 
4309 4.529440 0 
4310 4.513005 0 
4311 4.496692 0 
4578 0.005574 1 
4579 0.012893 1 
4581 0.009719 1 
4582 0.006915 1 
4312 4.554819 0 
4313 4.530152 0 
4583 0.006174 1 
4314 4.537713 0 
4315 4.521723 0 
4584 0.007516 1 
4585 0.006976 1 
4316 4.533164 0 
4586 0.009624 1 
4317 4.532781 0 
4318 4.516199 0 
4319 4.499173 0 
4320 4.483029 0 
4587 0.008657 1 
4588 0.008336 1 
4321 4.535927 0 
4322 4.533684 0 
4323 4.541816 0 
4324 4.525851 0 
4326 4.493481 0 
4327 4.477106 0 
4328 4.460973 0 
4329 4.444718 0 
4330 4.445387 0 
4331 4.428985 0 
4332 4.433583 0 
4334 4.401097 0 
4335 4.385096 0 
4336 4.369614 0 
4337 4.393166 0 
4338 4.376460 0 
4339 4.381732 0 
4340 4.375439 0 
4341 4.359334 0 
4342 4.345643 0 
4343 4.374322 0 
4344 4.358048 0 
4345 4.342409 0 
4347 4.309943 0 
4348 4.293159 0 
4349 4.277344 0 
4590 0.217179 1 
4591 0.200743 1 
4592 0.184859 1 
4593 0.168223 1 
4594 0.151608 1 
4595 0.134889 1 
4596 0.118230 1 
4597 0.100032 1 
4598 0.083719 1 
4599 0.067763 1 
4600 0.069011 1 
4601 0.045674 1 
4350 4.290729 0 
4351 4.274948 0 
4352 4.257939 0 
4602 0.046014 1 
4603 0.028949 1 
4604 0.021673 1 
4605 0.008487 1 
4606 0.013719 1 
4353 4.310065 0 
4355 4.276848 0 
4356 4.261597 0 
4357 4.245662 0 
4358 4.229346 0 
4360 4.196620 0 
4361 4.180578 0 
4362 4.163491 0 
4363 4.147187 0 
4365 4.114739 0 
4608 0.008655 1 
4609 0.008240 1 
4610 0.017444 1 
4611 0.005985 1 
4366 4.166327 0 
4367 4.149541 0 
4368 4.133551 0 
4369 4.117414 0 
4612 0.007440 1 
4613 0.006071 1 
4614 0.008560 1 
4370 4.140565 0 
4372 4.103855 0 
4373 4.087573 0 
4615 0.007617 1 
4617 0.011348 1 
4618 0.008625 1 
4374 4.151345 0 
4375 4.134607 0 
4376 4.118785 0 
4377 4.102637 0 
4378 4.086565 0 
4379 4.070523 0 
4380 4.054465 0 
4382 4.022412 0 
4383 4.062217 0 
4384 4.045943 0 
4385 4.029688 0 
4386 4.013619 0 
4622 0.013243 1 
4387 3.997678 0 
4388 3.981359 0 
4624 0.012707 1 
4389 4.020487 0 
4625 0.025017 1 
4626 0.014554 1 
4390 4.028224 0 
4391 4.011786 0 
4392 3.995176 0 
4627 0.018311 1 
4393 4.005482 0 
4394 3.989221 0 
4395 3.973400 0 
4396 3.956798 0 
4397 3.948369 0 
4630 0.016275 1 
4631 0.027019 1 
4632 0.010846 1 
4633 0.038015 1 
4634 0.023005 1 
4400 3.992584 0 
4635 0.018992 1 
4401 3.985112 0 
4402 3.969361 0 
4636 0.022248 1 
4637 0.010833 1 
4638 0.024211 1 
4639 0.008164 1 
4640 0.014069 1 
4641 0.008976 1 
4403 4.050371 0 
4404 4.034405 0 
4405 4.017456 0 
4406 3.998411 0 
4407 4.003411 0 
4643 0.012322 1 
4409 4.000424 0 
4410 3.984587 0 
4411 3.968597 0 
4645 0.009831 1 
4412 3.973473 0 
4413 3.980168 0 
4414 3.963301 0 
4415 3.947126 0 
4416 3.929668 0 
4646 0.040898 1 
4647 0.024504 1 
4418 3.912393 0 
4648 0.017310 1 
4649 0.016313 1 
4419 3.933222 0 
4420 3.917162 0 
4421 3.899323 0 
4423 3.865125 0 
4425 3.830307 0 
4650 0.015503 1 
4651 0.009286 1 
4426 3.872474 0 
4653 0.027256 1 
4654 0.012346 1 
4427 3.883110 0 
4428 3.867550 0 
4431 3.818559 0 
4432 3.802181 0 
4655 0.018846 1 
4656 0.012965 1 
4433 3.800423 0 
4657 0.013158 1 
4434 3.804749 0 
4435 3.787119 0 
4436 3.764887 0 
4658 0.015087 1 
4659 0.013248 1 
4660 0.007067 1 
4437 3.797653 0 
4661 0.012405 1 
4662 0.008734 1 
4438 3.818251 0 
4439 3.802269 0 
4663 0.010008 1 
4440 3.793162 0 
4664 0.024957 1 
4665 0.013591 1 
4441 3.817737 0 
4442 3.801478 0 
4666 0.012684 1 
4444 3.780120 0 
4667 0.013495 1 
4446 3.780978 0 
4447 3.764575 0 
4448 3.747937 0 
4449 3.731835 0 
4450 3.721409 0 
4669 0.013788 1 
4451 3.758178 0 
4452 3.741590 0 
4454 3.708930 0 
4455 3.727917 0 
4456 3.711139 0 
4457 3.694163 0 
4458 3.676016 0 
4459 3.659364 0 
4460 3.641707 0 
4461 3.649341 0 
4462 3.632384 0 
4463 3.616258 0 
4464 3.634755 0 
4465 3.618104 0 
4466 3.672408 0 
4467 3.660648 0 
4468 3.644152 0 
4672 0.244724 1 
4673 0.229786 1 
4674 0.213714 1 
4675 0.196906 1 
4676 0.180669 1 
4677 0.164531 1 
4678 0.148259 1 
4680 0.115180 1 
4682 0.082233 1 
4683 0.066170 1 
4686 0.016834 1 
4470 3.672403 0 
4687 0.012829 1 
4688 0.007996 1 
4471 3.685987 0 
4690 0.017414 1 
4472 3.706290 0 
4473 3.690449 0 
4474 3.674601 0 
4691 0.014306 1 
4692 0.010804 1 
4475 3.690412 0 
4476 3.673924 0 
4477 3.657259 0 
4478 3.641138 0 
4479 3.619076 0 
4693 0.014189 1 
4695 0.021960 1 
4481 3.635110 0 
4483 3.597696 0 
4484 3.581765 0 
4485 3.565526 0 
4486 3.549370 0 
4487 3.529996 0 
4488 3.513706 0 
4697 0.013188 1 
4489 3.525999 0 
4491 3.492687 0 
4492 3.476307 0 
4493 3.459667 0 
4494 3.442901 0 
4496 3.409761 0 
4498 3.378012 0 
4698 0.018158 1 
4699 0.014003 1 
4499 3.390545 0 
4500 3.374512 0 
4502 3.340087 0 
4503 3.323672 0 
4504 3.307398 0 
4701 0.007621 1 
4506 3.306982 0 
4507 3.289954 0 
4508 3.273669 0 
4509 3.257457 0 
4510 3.241012 0 
4702 0.007303 1 
4703 0.012115 1 
4511 3.250989 0 
4512 3.235125 0 
4513 3.218470 0 
4514 3.202084 0 
4515 3.198812 0 
4516 3.182842 0 
4517 3.166689 0 
4705 0.007927 1 
4518 3.177428 0 
4519 3.161252 0 
4520 3.143935 0 
4706 0.009934 1 
4521 3.130641 0 
4522 3.112684 0 
4707 0.009489 1 
4523 3.116341 0 
4525 3.080978 0 
4708 0.014202 1 
4709 0.008580 1 
4526 3.104820 0 
4710 0.012313 1 
4711 0.018991 1 
4527 3.126205 0 
4528 3.110037 0 
4529 3.093915 0 
4712 0.011267 1 
4530 3.088626 0 
4713 0.012209 1 
4531 3.094797 0 
4533 3.062607 0 
4534 3.046565 0 
4714 0.016903 1 
4535 3.041797 0 
4536 3.025712 0 
4537 3.009379 0 
4715 0.013475 1 
4538 3.008765 0 
4716 0.015307 1 
4717 0.008059 1 
4539 3.021655 0 
4540 3.005126 0 
4541 2.989007 0 
4542 2.972302 0 
4543 2.956191 0 
4544 2.939578 0 
4546 2.910557 0 
4547 2.953292 0 
4548 2.930972 0 
4549 2.926109 0 
4550 2.909592 0 
4551 2.908153 0 
4552 2.891743 0 
4554 2.877743 0 
4555 2.858567 0 
4719 0.165997 1 
4720 0.150028 1 
4721 0.133805 1 
4722 0.116951 1 
4724 0.078377 1 
4725 0.058463 1 
4726 0.041911 1 
4727 0.025410 1 
4556 2.921153 0 
4557 2.905040 0 
4559 2.871421 0 
4560 2.850559 0 
4561 2.834359 0 
4562 2.818336 0 
4564 2.784429 0 
4565 2.767877 0 
4566 2.751066 0 
4567 2.732479 0 
4568 2.716117 0 
4569 2.700138 0 
4571 2.666920 0 
4728 0.051225 1 
4729 0.033983 1 
4730 0.018037 1 
4572 2.701346 0 
4573 2.684517 0 
4732 0.023531 1 
4733 0.017707 1 
4574 2.708081 0 
4734 0.012100 1 
4575 2.702475 0 
4735 0.012733 1 
4576 2.705584 0 
4577 2.689774 0 
4578 2.670614 0 
4579 2.654365 0 
4581 2.628682 0 
4582 2.612298 0 
4583 2.593008 0 
4736 0.017317 1 
4584 2.596619 0 
4585 2.580747 0 
4737 0.020621 1 
4738 0.012204 1 
4586 2.580918 0 
4587 2.564729 0 
4588 2.548378 0 
4739 0.013871 1 
4589 2.551463 0 
4590 2.535033 0 
4591 2.518554 0 
4592 2.502623 0 
4593 2.494402 0 
4740 0.010008 1 
4594 2.487195 0 
4595 2.470396 0 
4596 2.464041 0 
4597 2.445770 0 
4741 0.010516 1 
4742 0.009531 1 
4598 2.455090 0 
4599 2.439050 0 
4600 2.427925 0 
4743 0.011812 1 
4601 2.433394 0 
4602 2.416373 0 
4603 2.399345 0 
4604 2.383009 0 
4745 0.015844 1 
4605 2.389308 0 
4606 2.373049 0 
4746 0.014004 1 
4608 2.368555 0 
4609 2.348583 0 
4610 2.332093 0 
4747 0.020200 1 
4611 2.329267 0 
4612 2.313144 0 
4613 2.296642 0 
4748 0.018112 1 
4749 0.011163 1 
4614 2.307140 0 
4615 2.286476 0 
4617 2.252653 0 
4618 2.236295 0 
4619 2.219164 0 
4620 2.202378 0 
4622 2.169587 0 
4624 2.136971 0 
4750 0.007262 1 
4625 2.162749 0 
4626 2.158347 0 
4627 2.151423 0 
4630 2.101791 0 
4631 2.106547 0 
4632 2.090394 0 
4633 2.073918 0 
4634 2.057568 0 
4635 2.041435 0 
4636 2.021414 0 
4637 2.005088 0 
4638 2.014534 0 
4639 1.998489 0 
4640 1.976890 0 
4641 1.961150 0 
4643 1.929037 0 
4645 1.926628 0 
4646 1.911222 0 
4647 1.894831 0 
4648 1.875309 0 
4649 1.859006 0 
4650 1.842288 0 
4651 1.825927 0 
4653 1.792622 0 
4654 1.791313 0 
4655 1.775388 0 
4656 1.760026 0 
4657 1.743921 0 
4658 1.727461 0 
4659 1.710839 0 
4660 1.694529 0 
4661 1.676971 0 
4753 0.168103 1 
4754 0.152176 1 
4662 1.745192 0 
4663 1.728949 0 
4664 1.711833 0 
4665 1.696480 0 
4666 1.679517 0 
4667 1.662902 0 
4755 0.157451 1 
4756 0.141154 1 
4758 0.108092 1 
4759 0.091805 1 
4760 0.075584 1 
4761 0.056444 1 
4763 0.016650 1 
4669 1.662842 0 
4764 0.045157 1 
4670 1.669314 0 
4671 1.654239 0 
4672 1.638148 0 
4673 1.622070 0 
4674 1.605987 0 
4766 0.024298 1 
4675 1.616127 0 
4677 1.658171 0 
4678 1.641966 0 
4682 1.576005 0 
4683 1.559950 0 
4684 1.543608 0 
4685 1.527026 0 
4686 1.511575 0 
4687 1.495172 0 
4688 1.478784 0 
4690 1.482647 0 
4691 1.465998 0 
4692 1.450117 0 
4693 1.450066 0 
4695 1.417802 0 
4697 1.382293 0 
4698 1.363723 0 
4699 1.378155 0 
4701 1.345637 0 
4702 1.329596 0 
4703 1.313329 0 
4705 1.310285 0 
4706 1.293946 0 
4707 1.277645 0 
4708 1.261541 0 
4709 1.245310 0 
4712 1.234169 0 
4713 1.240819 0 
4714 1.222473 0 
4715 1.202684 0 
4716 1.183904 0 
4717 1.167631 0 
4770 0.237031 1 
4771 0.221050 1 
4772 0.204624 1 
4773 0.188456 1 
4718 1.166465 0 
4719 1.148263 0 
4720 1.153455 0 
4721 1.137394 0 
4722 1.120819 0 
4724 1.082350 0 
4725 1.062747 0 
4726 1.046217 0 
4727 1.029732 0 
4782 0.074435 1 
4783 0.053252 1 
4784 0.036318 1 
4728 1.040923 0 
4729 1.023686 0 
4730 1.007861 0 
4785 0.060006 1 
4732 1.003940 0 
4733 0.988349 0 
4734 0.970902 0 
4735 0.954714 0 
4736 0.938564 0 
4737 0.922487 0 
4738 0.906449 0 
4739 0.889847 0 
4740 0.864414 0 
4741 0.842683 0 
4742 0.826456 0 
4786 0.080045 1 
4787 0.064222 1 
4788 0.048130 1 
4789 0.031978 1 
4790 0.017665 1 
4791 0.018642 1 
4743 0.867025 0 
4745 0.835223 0 
4746 0.811891 0 
4747 0.794945 0 
4748 0.777444 0 
4749 0.760828 0 
4750 0.740257 0 
4751 0.724390 0 
4753 0.686438 0 
4792 0.021105 1 
4793 0.016394 1 
4754 0.700547 0 
4755 0.684303 0 
4756 0.667932 0 
4758 0.634973 0 
4759 0.618726 0 
4760 0.602463 0 
4761 0.583672 0 
4763 0.605001 0 
4764 0.588504 0 
4765 0.569356 0 
4766 0.553135 0 
4767 0.537041 0 
4768 0.517626 0 
4770 0.481514 0 
4771 0.466009 0 
4772 0.449496 0 
4773 0.433316 0 
4774 0.416915 0 
4775 0.399793 0 
4776 0.383137 0 
4777 0.367053 0 
4778 0.350501 0 
4780 0.316359 0 
4781 0.300095 0 
4782 0.283748 0 
4783 0.262579 0 
4784 0.274213 0 
4785 0.258564 0 
4786 0.239875 0 
4787 0.224057 0 
4794 0.150750 1 
4788 0.257349 0 
4789 0.241202 0 
4790 0.223953 0 
4791 0.208300 0 
4792 0.192274 0 
4793 0.174674 0 
4795 0.141054 0 
4796 0.125183 0 
4797 0.109319 0 
4798 0.093310 0 
4799 0.070291 0 
4800 0.054509 0 
4801 0.038333 0 
4802 0.022259 0 
4803 0.020554 0 
4804 0.021981 0 
4795 0.182440 1 
4796 0.166471 1 
4797 0.150570 1 
4798 0.187276 1 
4799 0.164563 1 
4800 0.148585 1 
4801 0.132403 1 
4802 0.116129 1 
4803 0.120244 1 
4804 0.102382 1 
4805 0.081125 1 
4807 0.048834 1 
4808 0.054762 1 
4809 0.037986 1 
4808 0.060916 0 
4809 0.044626 0 
4810 0.028469 0 
4811 0.017982 0 
4810 0.035033 1 
4811 0.042794 1 
4812 0.024658 1 
4813 0.015226 1 
4812 0.051846 0 
4813 0.035825 0 
4814 0.019476 0 
4814 0.023796 1 
4816 0.027338 1 
4817 0.014023 1 
4818 0.007700 1 
4816 0.041989 0 
4818 0.025729 0 
4819 0.039477 0 
4821 0.016548 1 
4821 0.036558 0 
4823 0.023767 1 
4824 0.023897 1 
4823 0.048489 0 
4824 0.031479 0 
4825 0.038833 1 
4826 0.028528 1 
4825 0.055518 0 
4826 0.040093 0 
4829 0.016303 1 
4829 0.018780 0 
4830 0.006868 0 
4830 0.013494 1 
4831 0.039176 1 
4832 0.034274 1 
4833 0.018054 1 
4832 0.034342 0 
4834 0.012088 1 
4835 0.012602 1 
4836 0.017427 1 
4836 0.024685 0 
4837 0.015642 1 
4838 0.033743 1 
4839 0.021363 1 
4840 0.014450 1 
4837 0.085288 0 
4838 0.069209 0 
4842 0.017036 1 
4840 0.057886 0 
4844 0.016492 1 
4845 0.012640 1 
4844 0.047250 0 
4846 0.018374 1 
4845 0.042789 0 
4846 0.026678 0 
4847 0.014725 1 
4848 0.008967 1 
4847 0.038139 0 
4848 0.021694 0 
4849 0.005178 0 
4849 0.014464 1 
4850 0.012163 1 
4852 0.011601 1 
4850 0.051281 0 
4853 0.026834 0 
4854 0.011395 0 
4855 0.025473 0 
4856 0.047365 0 
4857 0.031597 0 
4858 0.015332 0 
4861 0.088536 0 
4862 0.066571 0 
4863 0.050062 0 
4864 0.033667 0 
4865 0.029783 0 
4866 0.013522 0 
4868 0.061076 0 
4869 0.045071 0 
4870 0.028878 0 
4871 0.030753 0 
4872 0.014038 0 
4873 0.033908 0 
4874 0.023703 0 
4855 0.363218 1 
4856 0.346945 1 
4857 0.330738 1 
4875 0.030004 0 
4858 0.328945 1 
4859 0.312752 1 
4876 0.028136 0 
4877 0.010056 0 
4860 0.312330 1 
4870 0.177299 1 
4871 0.161116 1 
4872 0.144359 1 
4873 0.130312 1 
4879 0.039345 0 
4881 0.014264 0 
4874 0.147082 1 
4879 0.081391 1 
4881 0.047912 1 
4882 0.031777 1 
4883 0.026430 1 
4884 0.023769 1 
4882 0.061930 0 
4883 0.045889 0 
4884 0.029984 0 
4885 0.013791 0 
4885 0.015356 1 
4886 0.013381 0 
4886 0.013992 1 
4887 0.007286 0 
4887 0.016132 1 
4889 0.022602 1 
4890 0.012939 0 
4891 0.027308 0 
4892 0.010580 0 
4894 0.035053 0 
4896 0.027436 0 
4897 0.088175 0 
4898 0.072084 0 
4900 0.039429 0 
4901 0.023003 0 
4891 0.219824 1 
4892 0.203130 1 
4894 0.170888 1 
4896 0.138705 1 
4897 0.122402 1 
4898 0.106146 1 
4900 0.073538 1 
4902 0.067756 0 
4904 0.035580 0 
4905 0.019249 0 
4901 0.086867 1 
4906 0.013366 0 
4905 0.044193 1 
4906 0.026744 1 
4907 0.019580 0 
4907 0.020123 1 
4908 0.011327 1 
4909 0.010676 1 
4908 0.033598 0 
4909 0.017292 0 
4910 0.013051 0 
4911 0.033844 0 
4912 0.017831 0 
4913 0.026850 0 
4914 0.036951 0 
4910 0.140041 1 
4915 0.078408 0 
4916 0.054625 0 
4917 0.096482 0 
4920 0.068604 0 
4921 0.052593 0 
4923 0.019722 0 
4924 0.031076 0 
4925 0.030024 0 
4926 0.025161 0 
4927 0.008583 0 
4913 0.302254 1 
4914 0.282938 1 
4915 0.267057 1 
4916 0.243296 1 
4928 0.038736 0 
4917 0.231811 1 
4918 0.215789 1 
4929 0.050184 0 
4931 0.011125 0 
4932 0.019450 0 
4933 0.023250 0 
4923 0.243523 1 
4924 0.227149 1 
4934 0.052352 0 
4925 0.210361 1 
4926 0.194433 1 
4927 0.177796 1 
4935 0.036381 0 
4936 0.019951 0 
4928 0.183427 1 
4937 0.025937 0 
4929 0.167051 1 
4938 0.023699 0 
4931 0.142145 1 
4932 0.125375 1 
4933 0.106009 1 
4934 0.089809 1 
4935 0.073790 1 
4937 0.040806 1 
4938 0.025887 1 
4939 0.026099 1 
4940 0.016141 1 
4939 0.037681 0 
4940 0.021729 0 
4941 0.005647 0 
4941 0.012342 1 
4942 0.008663 1 
4945 0.084373 0 
4946 0.068197 0 
4947 0.070546 0 
4948 0.052029 0 
4949 0.031817 0 
4950 0.015743 0 
4944 0.141172 1 
4952 0.016019 0 
4953 0.008499 0 
4947 0.157062 1 
4948 0.138443 1 
4949 0.118002 1 
4950 0.101958 1 
4952 0.069777 1 
4953 0.053540 1 
4954 0.037158 1 
4954 0.037177 0 
4955 0.041363 1 
4957 0.022992 1 
4955 0.055942 0 
4958 0.017596 1 
4959 0.012848 1 
4958 0.033674 0 
4960 0.016354 0 
4962 0.017942 0 
4963 0.029013 0 
4964 0.013106 0 
4965 0.059664 0 
4966 0.043862 0 
4967 0.070293 0 
4969 0.038280 0 
4970 0.086739 0 
4971 0.069795 0 
4972 0.054066 0 
4973 0.037238 0 
4974 0.021037 0 
4975 0.065003 0 
4976 0.049015 0 
4977 0.035621 0 
4979 0.071380 0 
4963 0.346562 1 
4964 0.330422 1 
4965 0.314217 1 
4980 0.077077 0 
4981 0.070567 0 
4982 0.054194 0 
4983 0.037743 0 
4984 0.039766 0 
4985 0.023803 0 
4986 0.014409 0 
4974 0.248014 1 
4975 0.231751 1 
4987 0.050317 0 
4988 0.034204 0 
4989 0.015519 0 
4976 0.234233 1 
4977 0.218085 1 
4979 0.184830 1 
4980 0.169158 1 
4988 0.038188 1 
4990 0.054491 0 
4991 0.039715 0 
4992 0.028873 0 
4993 0.012440 0 
4994 0.019075 0 
4989 0.151801 1 
4995 0.047706 0 
4996 0.028180 0 
4997 0.138569 0 
4998 0.122654 0 
4999 0.106644 0 
5000 0.090369 0 
5001 0.073941 0 
4991 0.377799 1 
4992 0.391379 1 
4993 0.375018 1 
4994 0.358678 1 
4995 0.336938 1 
5002 0.232854 0 
5003 0.217016 0 
5004 0.200522 0 
5008 0.128929 0 
5009 0.112522 0 
5010 0.096267 0 
5011 0.080121 0 
5012 0.061337 0 
5013 0.044894 0 
4996 0.335845 1 
4997 0.319611 1 
5004 0.237624 1 
5006 0.198488 1 
5007 0.182464 1 
5008 0.166058 1 
5009 0.155064 1 
5010 0.139385 1 
5011 0.123256 1 
5012 0.104470 1 
5013 0.088027 1 
5015 0.059907 1 
5016 0.043783 1 
5017 0.027496 1 
5015 0.076129 0 
5016 0.059657 0 
5017 0.043360 0 
5018 0.020793 0 
5020 0.009815 1 
5022 0.014247 1 
5020 0.085672 0 
5023 0.037310 1 
5022 0.056779 0 
5024 0.028790 1 
5025 0.017640 1 
5023 0.070224 0 
5024 0.285730 0 
5025 0.269398 0 
5028 0.220762 0 
5029 0.200892 0 
5030 0.181130 0 
5029 0.239942 1 
5030 0.220226 1 
5031 0.204545 1 
5032 0.188388 1 
5033 0.172203 1 
5034 0.155582 1 
5035 0.138793 1 
5036 0.122414 1 
5043 0.017527 1 
5044 0.009061 1 
5045 0.009436 1 
5046 0.005573 1 
5047 0.005316 1 
5031 0.274738 0 
5032 0.258489 0 
5033 0.242803 0 
5048 0.005479 1 
5034 0.245495 0 
5035 0.228603 0 
5049 0.007731 1 
5051 0.008361 1 
5052 0.006343 1 
5053 0.005823 1 
5054 0.006014 1 
5055 0.006399 1 
5036 0.377205 0 
5037 0.360928 0 
5038 0.344717 0 
5039 0.328641 0 
5041 0.294770 0 
5043 0.278952 0 
5044 0.263315 0 
5056 0.133518 1 
5045 0.327550 0 
5059 0.114132 1 
5060 0.097470 1 
5061 0.081352 1 
5062 0.079962 1 
5063 0.063757 1 
5064 0.047597 1 
5065 0.033016 1 
5067 0.016834 1 
5068 0.011144 1 
5069 0.006733 1 
5046 0.413875 0 
5047 0.397411 0 
5048 0.381400 0 
5049 0.365240 0 
5051 0.331690 0 
5070 0.021860 1 
5071 0.010174 1 
5072 0.010552 1 
5073 0.006026 1 
5074 0.007014 1 
5075 0.020714 1 
5076 0.009657 1 
5078 0.010655 1 
5080 0.007180 1 
5081 0.018121 1 
5052 0.517462 0 
5053 0.501313 0 
5054 0.486048 0 
5055 0.469436 0 
5082 0.014248 1 
5083 0.009319 1 
5084 0.008955 1 
5085 0.007435 1 
5056 0.518735 0 
5057 0.502918 0 
5058 0.486588 0 
5059 0.465419 0 
5060 0.448935 0 
5086 0.008716 1 
5088 0.011133 1 
5089 0.010701 1 
5090 0.006219 1 
5091 0.007602 1 
5061 0.536654 0 
5093 0.007958 1 
5062 0.565079 0 
5063 0.549377 0 
5064 0.533216 0 
5065 0.517078 0 
5095 0.007583 1 
5096 0.008902 1 
5097 0.008352 1 
5099 0.008873 1 
5100 0.007021 1 
5101 0.007854 1 
5103 0.008176 1 
5104 0.005955 1 
5105 0.006181 1 
5106 0.010124 1 
5107 0.009115 1 
5108 0.009753 1 
5109 0.010763 1 
5110 0.015296 1 
5111 0.008066 1 
5067 0.755230 0 
5112 0.015180 1 
5069 0.739232 0 
5070 0.722991 0 
5071 0.705928 0 
5072 0.690253 0 
5073 0.674165 0 
5113 0.011816 1 
5114 0.010150 1 
5115 0.006911 1 
5116 0.006010 1 
5117 0.012538 1 
5118 0.013407 1 
5119 0.009437 1 
5120 0.006438 1 
5074 0.791331 0 
5075 0.775245 0 
5122 0.010114 1 
5123 0.006793 1 
5124 0.008206 1 
5125 0.006834 1 
5126 0.007719 1 
5076 0.847767 0 
5078 0.811704 0 
5080 0.776326 0 
5081 0.760209 0 
5083 0.743093 0 
5084 0.726391 0 
5127 0.020397 1 
5128 0.014509 1 
5130 0.008281 1 
5131 0.013672 1 
5132 0.006913 1 
5133 0.012898 1 
5086 0.806080 0 
5088 0.774470 0 
5089 0.752112 0 
5090 0.734992 0 
5091 0.719052 0 
5134 0.029079 1 
5135 0.013087 1 
5136 0.007665 1 
5093 0.839176 0 
5095 0.807347 0 
5096 0.790781 0 
5097 0.774888 0 
5099 0.778850 0 
5100 0.759490 0 
5138 0.143970 1 
5101 0.751483 0 
5139 0.128153 1 
5103 0.719183 0 
5140 0.118212 1 
5141 0.102284 1 
5143 0.070112 1 
5144 0.053472 1 
5145 0.037568 1 
5146 0.021244 1 
5147 0.009572 1 
5148 0.006383 1 
5149 0.012155 1 
5151 0.008016 1 
5152 0.012210 1 
5153 0.015715 1 
5104 0.833616 0 
5105 0.817470 0 
5106 0.801040 0 
5107 0.785139 0 
5108 0.769177 0 
5109 0.753139 0 
5110 0.737106 0 
5111 0.720920 0 
5112 0.704529 0 
5113 0.688306 0 
5154 0.012591 1 
5156 0.006402 1 
5157 0.008970 1 
5158 0.010263 1 
5159 0.008832 1 
5161 0.009366 1 
5162 0.008867 1 
5163 0.008389 1 
5114 0.849215 0 
5115 0.832639 0 
5116 0.816775 0 
5117 0.800062 0 
5118 0.781663 0 
5119 0.765643 0 
5164 0.006691 1 
5165 0.005442 1 
5166 0.014973 1 
5120 1.021716 0 
5122 0.990499 0 
5123 0.974966 0 
5124 0.958570 0 
5125 0.942290 0 
5170 0.242271 1 
5171 0.226357 1 
5172 0.210140 1 
5173 0.194051 1 
5174 0.178038 1 
5175 0.161755 1 
5176 0.145829 1 
5178 0.120764 1 
5179 0.104323 1 
5180 0.088321 1 
5181 0.085258 1 
5183 0.052221 1 
5184 0.036019 1 
5185 0.022699 1 
5186 0.020684 1 
5126 1.044647 0 
5187 0.020000 1 
5188 0.010845 1 
5189 0.006166 1 
5190 0.009164 1 
5191 0.013447 1 
5192 0.014022 1 
5193 0.008273 1 
5127 1.129745 0 
5128 1.113835 0 
5130 1.081066 0 
5131 1.064622 0 
5132 1.048777 0 
5194 0.008074 1 
5195 0.012856 1 
5196 0.007843 1 
5133 1.081365 0 
5134 1.065333 0 
5135 1.049327 0 
5197 0.020375 1 
5198 0.015224 1 
5199 0.020369 1 
5200 0.011717 1 
5201 0.007768 1 
5202 0.008986 1 
5203 0.009277 1 
5205 0.007799 1 
5206 0.010805 1 
5207 0.017735 1 
5208 0.019224 1 
5136 1.257993 0 
5137 1.241870 0 
5138 1.224717 0 
5139 1.208853 0 
5209 0.025229 1 
5210 0.015015 1 
5211 0.010001 1 
5212 0.013742 1 
5214 0.009760 1 
5215 0.007341 1 
5216 0.005048 1 
5140 1.327747 0 
5141 1.311718 0 
5143 1.280639 0 
5144 1.263927 0 
5145 1.248089 0 
5146 1.231709 0 
5219 0.009279 1 
5147 1.251778 0 
5148 1.235394 0 
5149 1.216323 0 
5151 1.184259 0 
5221 0.022280 1 
5222 0.011665 1 
5223 0.025758 1 
5224 0.023606 1 
5152 1.252802 0 
5153 1.242325 0 
5154 1.223526 0 
5156 1.190738 0 
5157 1.175266 0 
5158 1.159199 0 
5159 1.142058 0 
5161 1.103395 0 
5227 0.019957 1 
5228 0.009643 1 
5229 0.020909 1 
5162 1.161785 0 
5163 1.145132 0 
5164 1.129359 0 
5165 1.113275 0 
5166 1.094548 0 
5168 1.058607 0 
5230 0.031816 1 
5231 0.016223 1 
5232 0.014578 1 
5169 1.071132 0 
5233 0.015573 1 
5234 0.029474 1 
5235 0.012967 1 
5236 0.012975 1 
5237 0.014885 1 
5170 1.135950 0 
5171 1.119848 0 
5172 1.103512 0 
5238 0.011102 1 
5240 0.015667 1 
5242 0.017568 1 
5243 0.014895 1 
5244 0.021071 1 
5245 0.013554 1 
5173 1.219310 0 
5174 1.203261 0 
5175 1.186877 0 
5176 1.170940 0 
5178 1.136472 0 
5179 1.119876 0 
5246 0.020312 1 
5247 0.012635 1 
5180 1.160749 0 
5181 1.145287 0 
5182 1.128992 0 
5248 0.029659 1 
5250 0.010794 1 
5251 0.013947 1 
5252 0.019548 1 
5253 0.019178 1 
5254 0.020101 1 
5183 1.215194 0 
5184 1.199005 0 
5185 1.182788 0 
5186 1.166283 0 
5187 1.150256 0 
5188 1.134164 0 
5255 0.016066 1 
5256 0.013481 1 
5257 0.012949 1 
5189 1.164081 0 
5190 1.147982 0 
5191 1.131236 0 
5192 1.114983 0 
5193 1.098724 0 
5258 0.017668 1 
5259 0.040991 1 
5260 0.028189 1 
5261 0.012042 1 
5194 1.148749 0 
5195 1.132287 0 
5196 1.116345 0 
5197 1.099972 0 
5199 1.067036 0 
5205 0.972288 0 
5262 0.027589 1 
5263 0.014822 1 
5264 0.020046 1 
5266 0.020533 1 
5206 1.028436 0 
5207 1.012430 0 
5208 0.996293 0 
5209 0.980426 0 
5267 0.031947 1 
5268 0.016758 1 
5269 0.019395 1 
5270 0.012754 1 
5271 0.008412 1 
5272 0.015151 1 
5273 0.008254 1 
5274 0.008139 1 
5275 0.010966 1 
5277 0.012877 1 
5279 0.017345 1 
5280 0.006687 1 
5281 0.010552 1 
5282 0.015375 1 
5283 0.012888 1 
5284 0.019179 1 
5285 0.009296 1 
5287 0.009801 1 
5210 1.327421 0 
5211 1.310858 0 
5212 1.294644 0 
5288 0.012222 1 
5214 1.262379 0 
5215 1.246060 0 
5216 1.229435 0 
5217 1.213215 0 
5219 1.177624 0 
5289 0.009385 1 
5290 0.009912 1 
5292 0.017162 1 
5221 1.220838 0 
5223 1.200074 0 
5224 1.184744 0 
5227 1.135884 0 
5228 1.119522 0 
5229 1.103583 0 
5294 0.022791 1 
5295 0.015682 1 
5296 0.014333 1 
5298 0.016243 1 
5299 0.019508 1 
5300 0.024925 1 
5230 1.214481 0 
5231 1.198252 0 
5232 1.181378 0 
5233 1.165232 0 
5234 1.149925 0 
5235 1.133408 0 
5236 1.117134 0 
5237 1.101172 0 
5238 1.084778 0 
5240 1.052509 0 
5302 0.011057 1 
5242 1.044861 0 
5303 0.017799 1 
5243 1.040861 0 
5244 1.022831 0 
5245 1.006174 0 
5246 0.990079 0 
5247 0.971202 0 
5248 0.954076 0 
5250 0.920648 0 
5304 0.016901 1 
5305 0.022103 1 
5251 0.943919 0 
5252 0.926744 0 
5253 0.906180 0 
5254 0.888277 0 
5255 0.871967 0 
5256 0.855785 0 
5257 0.835295 0 
5258 0.813288 0 
5259 0.801541 0 
5260 0.785555 0 
5261 0.769401 0 
5262 0.752380 0 
5263 0.736097 0 
5264 0.719457 0 
5266 0.686053 0 
5267 0.667334 0 
5268 0.651165 0 
5306 0.012453 1 
5269 0.653870 0 
5307 0.015174 1 
5308 0.015881 1 
5270 0.661581 0 
5271 0.645495 0 
5272 0.629221 0 
5273 0.612629 0 
5274 0.595109 0 
5275 0.579197 0 
5277 0.545226 0 
5279 0.509074 0 
5280 0.492669 0 
5281 0.476387 0 
5282 0.459138 0 
5283 0.442984 0 
5284 0.424799 0 
5285 0.408213 0 
5287 0.374507 0 
5288 0.358334 0 
5289 0.339525 0 
5290 0.323264 0 
5292 0.290466 0 
5294 0.257601 0 
5295 0.241840 0 
5296 0.225320 0 
5298 0.190759 0 
5299 0.174485 0 
5300 0.158356 0 
5302 0.126000 0 
5309 0.018995 1 
5310 0.013537 1 
5311 0.014062 1 
5312 0.029430 1 
5313 0.022399 1 
5314 0.028166 1 
5315 0.010946 1 
5316 0.030237 1 
5317 0.030617 1 
5318 0.013922 1 
5319 0.020868 1 
5321 0.011732 1 
5303 0.315978 0 
5304 0.299729 0 
5305 0.282915 0 
5306 0.266613 0 
5307 0.250518 0 
5308 0.232999 0 
5309 0.216577 0 
5310 0.200859 0 
5311 0.185344 0 
5312 0.169510 0 
5313 0.153042 0 
5314 0.136593 0 
5315 0.119464 0 
5316 0.104237 0 
5317 0.087672 0 
5318 0.071209 0 
5319 0.055881 0 
5321 0.023980 0 
5322 0.015463 1 
5323 0.015715 1 
5324 0.009027 1 
5322 0.074682 0 
5325 0.025977 1 
5326 0.037276 1 
5327 0.021023 1 
5329 0.010410 1 
5330 0.009690 1 
5331 0.012965 1 
5332 0.010193 1 
5333 0.015496 1 
5334 0.018589 1 
5335 0.012315 1 
5336 0.012204 1 
5324 0.223803 0 
5325 0.207407 0 
5326 0.191731 0 
5327 0.175701 0 
5329 0.141807 0 
5330 0.126179 0 
5331 0.110291 0 
5332 0.094436 0 
5333 0.078437 0 
5334 0.062315 0 
5335 0.045939 0 
5336 0.030685 0 
5337 0.021251 1 
5338 0.008620 1 
5339 0.013696 1 
5340 0.014736 1 
5342 0.011998 1 
5337 0.113503 0 
5338 0.096577 0 
5339 0.080822 0 
5340 0.063517 0 
5343 0.037713 1 
5344 0.024993 1 
5342 0.064306 0 
5343 0.047941 0 
5345 0.023364 1 
5346 0.016255 1 
5347 0.012444 1 
5348 0.016490 1 
5350 0.009973 1 
5351 0.017931 1 
5346 0.181356 0 
5347 0.165132 0 
5348 0.148953 0 
5350 0.116084 0 
5351 0.099246 0 
5352 0.082697 0 
5353 0.066530 0 
5355 0.034450 0 
5356 0.055401 0 
5357 0.039601 0 
5358 0.019499 0 
5360 0.084083 0 
5361 0.067723 0 
5362 0.051342 0 
5363 0.032380 0 
5364 0.015877 0 
5355 0.178999 1 
5356 0.163355 1 
5357 0.147511 1 
5358 0.127067 1 
5360 0.124993 1 
5361 0.108680 1 
5362 0.128146 1 
5363 0.109061 1 
5364 0.092562 1 
5365 0.076053 1 
5367 0.078988 1 
5368 0.062144 1 
5369 0.070002 1 
5370 0.056527 1 
5371 0.040212 1 
5365 0.155115 0 
5367 0.119285 0 
5368 0.102392 0 
5369 0.085849 0 
5370 0.065393 0 
5372 0.032536 0 
5372 0.046458 1 
5373 0.030151 1 
5374 0.027520 1 
5375 0.021139 1 
5378 0.025221 1 
5373 0.111272 0 
5374 0.092043 0 
5375 0.076019 0 
5377 0.043601 0 
5379 0.022751 1 
5380 0.033286 1 
5381 0.031686 1 
5382 0.020961 1 
5383 0.009226 1 
5384 0.012158 1 
5385 0.021655 1 
5386 0.024176 1 
5387 0.020251 1 
5388 0.021512 1 
5389 0.018791 1 
5390 0.014884 1 
5391 0.018538 1 
5392 0.026439 1 
5393 0.019864 1 
5394 0.020112 1 
5395 0.018235 1 
5396 0.012774 1 
5397 0.013858 1 
5398 0.021666 1 
5399 0.017848 1 
5400 0.019159 1 
5401 0.026016 1 
5402 0.015544 1 
5404 0.043048 1 
5405 0.026200 1 
5406 0.053595 1 
5407 0.053121 1 
5408 0.043867 1 
5409 0.046488 1 
5410 0.030760 1 
5411 0.024089 1 
5413 0.038528 1 
5414 0.022431 1 
5415 0.023901 1 
5416 0.009927 1 
5418 0.010027 1 
5420 0.017511 1 
5422 0.363410 1 
5423 0.347182 1 
5426 0.317206 1 
5433 0.201322 1 
5435 0.307292 1 
5436 0.291369 1 
5437 0.300222 1 
5441 0.252843 1 
5442 0.236793 1 
5449 0.163630 1 
5452 0.114380 1 
5453 0.098796 1 
5454 0.081471 1 
5455 0.065474 1 
5456 0.072046 1 
5457 0.087214 1 
5458 0.070436 1 
5459 0.053024 1 
5460 0.037065 1 
5461 0.041727 1 
5462 0.035336 1 
5463 0.024257 1 
5465 0.032269 1 
5466 0.063773 1 
5467 0.047704 1 
5469 0.032405 1 
5470 0.021370 1 
5471 0.012962 1 
5472 0.037739 1 
5473 0.021428 1 
5474 0.022292 1 
5476 0.034342 1 
5478 0.023854 1 
5479 0.040674 1 
5480 0.043099 1 
5481 0.026982 1 
5482 0.029641 1 
5483 0.042710 1 
5484 0.028271 1 
5486 0.018999 1 
5487 0.033079 1 
5488 0.025061 1 
5489 0.027686 1 
5491 0.345064 1 
5493 0.364065 1 
5494 0.347451 1 
5495 0.341766 1 
5497 0.308588 1 
5510 0.182449 1 
5511 0.163245 1 
5512 0.196023 1 
5513 0.179243 1 
5514 0.169745 1 
5515 0.153600 1 
5518 0.136391 1 
5520 0.103927 1 
5521 0.100468 1 
5522 0.084356 1 
5523 0.090901 1 
5524 0.100651 1 
5525 0.110995 1 
5526 0.140397 1 
5528 0.108006 1 
5529 0.090957 1 
5530 0.111511 1 
5531 0.094730 1 
5532 0.084432 1 
5533 0.089228 1 
5534 0.073081 1 
5535 0.062452 1 
5536 0.046021 1 
5537 0.049430 1 
5538 0.055184 1 
5539 0.053817 1 
5541 0.078074 1 
5542 0.059935 1 
5543 0.051041 1 
5544 0.052760 1 
5545 0.046476 1 
5546 0.030560 1 
5547 0.031146 1 
5549 0.013579 1 
5551 0.507618 1 
5552 0.503714 1 
5562 0.401664 1 
5566 0.450306 1 
5568 0.715097 1 
5569 0.698728 1 
5570 0.726887 1 
5578 0.617394 1 
5579 0.620147 1 
5584 0.583928 1 
5600 0.372733 1 
5601 0.375738 1 
5606 0.294724 1 
5607 0.276064 1 
5619 0.092649 1 
5622 0.077315 1 
5625 0.043808 1 
5626 0.038512 1 
5627 0.053625 1 
5628 0.059014 1 
5629 0.042689 1 
5630 0.045134 1 
5631 0.028890 1 
5632 0.028493 1 
5633 0.025783 1 
5634 0.028609 1 
5635 0.038095 1 
5636 0.027176 1 
5638 0.026309 1 
5640 0.032209 1 
5641 0.044074 1 
5642 0.024691 1 
5643 0.030147 1 
5644 0.030002 1 
5645 0.015607 1 
5646 0.037514 1 
5648 0.021769 1 
5649 0.030044 1 
5650 0.013940 1 
5651 0.027478 1 
5652 0.028902 1 
5653 0.017183 1 
5654 0.148512 1 
5655 0.219217 1 
5656 0.246405 1 
5657 0.230078 1 
5658 0.224414 1 
5659 0.275965 1 
5660 0.259591 1 
5661 0.242932 1 
5662 0.226915 1 
5664 0.228906 1 
5675 0.069915 1 
5677 0.036923 1 
5678 0.020779 1 
5679 0.156699 1 
5681 0.196586 1 
5682 0.180619 1 
5683 0.164179 1 
5685 0.175996 1 
5686 0.167186 1 
5687 0.158923 1 
5688 0.154075 1 
5690 0.140029 1 
5693 0.128511 1 
5696 0.078647 1 
5697 0.062009 1 
5698 0.060780 1 
5700 0.062608 1 
5701 0.046490 1 
5702 0.030341 1 
5703 0.051740 1 
5704 0.035478 1 
5705 0.019547 1 
5706 0.044991 1 
5707 0.038847 1 
5708 0.031073 1 
5709 0.028358 1 
5710 0.014472 1 
5711 0.020688 1 
5712 0.012645 1 
5713 0.010114 1 
5714 0.014109 1 
5715 0.031610 1 
5716 0.025625 1 
5717 0.009537 1 
5719 0.024155 1 
5720 0.018010 1 
5721 0.013333 1 
5722 0.018289 1 
5723 0.014349 1 
5724 0.018502 1 
5725 0.014900 1 
5727 0.019972 1 
5728 0.010792 1 
5729 0.009191 1 
5730 0.032677 1 
5731 0.040211 1 
5732 0.032076 1 
5733 0.023259 1 
5734 0.018283 1 
5735 0.012505 1 
5736 0.015921 1 
5737 0.010027 1 
5738 0.025023 1 
5740 0.013321 1 
5741 0.014556 1 
5742 0.019315 1 
5743 0.032845 1 
5744 0.019896 1 
5745 0.023281 1 
5746 0.016710 1 
5748 0.014264 1 
5749 0.017449 1 
5750 0.050425 1 
5751 0.036038 1 
5753 0.014304 1 
5754 0.010825 1 
5755 0.014694 1 
5756 0.017370 1 
5758 0.039627 1 
5759 0.040849 1 
5760 0.059470 1 
5761 0.042816 1 
5762 0.039391 1 
5763 0.033298 1 
5765 0.029970 1 
5766 0.025643 1 
5767 0.026099 1 
5768 0.023158 1 
5769 0.011810 1 
5770 0.017572 1 
5771 0.029954 1 
5772 0.024522 1 
5773 0.010138 1 
5775 0.018754 1 
5776 0.011357 1 
5777 0.017391 1 
5778 0.025576 1 
5779 0.026203 1 
5780 0.020894 1 
5781 0.012970 1 
5782 0.020676 1 
5783 0.022086 1 
5784 0.022829 1 
5785 0.013045 1 
5786 0.015398 1 
5787 0.016500 1 
5788 0.025779 1 
5789 0.015097 1 
5790 0.014827 1 
5791 0.021223 1 
5792 0.015756 1 
5793 0.013294 1 
5794 0.008845 1 
5795 0.013863 1 
5796 0.014387 1 
5797 0.025249 1 
5798 0.008864 1 
5799 0.012703 1 
5800 0.012187 1 
5802 0.009136 1 
5803 0.037651 1 
5804 0.056088 1 
5805 0.039991 1 
5806 0.030366 1 
5807 0.023780 1 
5808 0.011105 1 
5809 0.009665 1 
5811 0.039946 1 
5812 0.037577 1 
5813 0.021475 1 
5814 0.010138 1 
5816 0.007932 1 
5818 0.031903 1 
5819 0.075364 1 
5820 0.069729 1 
5821 0.051751 1 
5824 0.032640 1 
5825 0.018591 1 
5826 0.056818 1 
5827 0.040474 1 
5828 0.028252 1 
5829 0.024111 1 
5830 0.022205 1 
5831 0.027452 1 
5832 0.031224 1 
5833 0.017089 1 
5834 0.010128 1 
5835 0.024200 1 
5837 0.014562 1 
5839 0.039209 1 
5840 0.023105 1 
5841 0.008064 1 
5842 0.010699 1 
5843 0.027211 1 
5844 0.029801 1 
5845 0.018885 1 
5847 0.019140 1 
5848 0.035639 1 
5849 0.024682 1 
5850 0.021353 1 
5851 0.028219 1 
5852 0.012883 1 
5853 0.030461 1 
5854 0.032739 1 
5855 0.038527 1 
5856 0.027901 1 
5857 0.018680 1 
5858 0.034368 1 
5859 0.018332 1 
5860 0.013666 1 
5861 0.023173 1 
5863 0.034659 1 
5864 0.047626 1 
5865 0.076908 1 
5866 0.060678 1 
5867 0.079454 1 
5868 0.063200 1 
5869 0.046742 1 
5870 0.030699 1 
5871 0.026484 1 
5872 0.017260 1 
5874 0.020639 1 
5876 0.011893 1 
5877 0.012784 1 
5878 0.012491 1 
5879 0.027574 1 
5880 0.015785 1 
5881 0.025737 1 
5882 0.010024 1 
5884 0.017925 1 
5885 0.023787 1 
5886 0.012670 1 
5887 0.013679 1 
5889 0.031588 1 
5891 0.034084 1 
5892 0.023226 1 
5893 0.017965 1 
5895 0.024789 1 
5896 0.030848 1 
5897 0.026204 1 
5899 0.015942 1 
5900 0.015364 1 
5901 0.019142 1 
5902 0.012727 1 
5903 0.029917 1 
5904 0.030728 1 
5905 0.038758 1 
5906 0.052016 1 
5907 0.033826 1 
5908 0.019395 1 
5909 0.033704 1 
5910 0.017290 1 
5911 0.018687 1 
5912 0.015826 1 
5913 0.026684 1 
5914 0.042454 1 
5915 0.026519 1 
5916 0.027791 1 
5918 0.029372 1 
5919 0.024549 1 
5920 0.027719 1 
5921 0.040097 1 
5922 0.062304 1 
5923 0.075792 1 
5924 0.068867 1 
5926 0.035285 1 
5927 0.026315 1 
5928 0.049853 1 
5929 0.052752 1 
5930 0.036548 1 
5931 0.040902 1 
5932 0.025067 1 
5933 0.026680 1 
5934 0.022351 1 
5935 0.016274 1 
5936 0.018258 1 
5937 0.022020 1 
5940 0.235771 1 
5949 0.100683 1 
5950 0.098754 1 
5952 0.065137 1 
5953 0.062321 1 
5954 0.045740 1 
5955 0.039829 1 
5957 0.065153 1 
5958 0.109617 1 
5959 0.094187 1 
5960 0.077788 1 
5961 0.061579 1 
5962 0.087748 1 
5964 0.067162 1 
5965 0.096606 1 
5966 0.138114 1 
5967 0.121956 1 
5968 0.105917 1 
5969 0.089216 1 
5970 0.104329 1 
5971 0.096671 1 
5972 0.079951 1 
5974 0.047785 1 
5975 0.047517 1 
5976 0.045639 1 
5977 0.029112 1 
5978 0.029250 1 
5979 0.046049 1 
5980 0.031852 1 
5981 0.019087 1 
5982 0.019236 1 
5983 0.019196 1 
5984 0.031517 1 
5985 0.026013 1 
5986 0.012091 1 
5987 0.014508 1 
5988 0.040221 1 
5989 0.027379 1 
5990 0.032842 1 
5991 0.020865 1 
5992 0.021779 1 
5993 0.017005 1 
5994 0.035264 1 
5995 0.037475 1 
5996 0.056983 1 
5997 0.040317 1 
5998 0.024140 1 
5999 0.025205 1 
6001 0.027604 1 
6002 0.030023 1 
6003 0.068184 1 
6004 0.051960 1 
6005 0.041412 1 
6006 0.025493 1 
6007 0.040699 1 
6008 0.033524 1 
6010 0.052678 1 
6011 0.036267 1 
6012 0.021614 1 
6013 0.005423 1 
6015 0.009780 1 
6017 0.022882 1 
6018 0.048774 1 
6019 0.050988 1 
6020 0.056823 1 
6023 0.031799 1 
6024 0.027081 1 
6025 0.043908 1 
6026 0.036705 1 
6027 0.020231 1 
6028 0.020074 1 
6029 0.026088 1 
6030 0.017282 1 
6031 0.047018 1 
6032 0.030780 1 
6033 0.019605 1 
6034 0.023491 1 
6036 0.029152 1 
6038 0.026303 1 
6039 0.022778 1 
6040 0.021498 1 
6041 0.019931 1 
6042 0.016351 1 
6043 0.048068 1 
6044 0.034281 1 
6046 0.018272 1 
6047 0.028635 1 
6048 0.021321 1 
6049 0.028826 1 
6050 0.032800 1 
6051 0.017627 1 
6052 0.012902 1 
6053 0.036138 1 
6054 0.016989 1 
6055 0.028515 1 
6056 0.020128 1 
6057 0.011338 1 
6058 0.031642 1 
6059 0.040409 1 
6060 0.024138 1 
6062 0.062627 1 
6063 0.075100 1 
6064 0.092458 1 
6065 0.076011 1 
6066 0.082305 1 
6067 0.066201 1 
6068 0.059619 1 
6069 0.043404 1 
6070 0.027282 1 
6071 0.056857 1 
6073 0.046615 1 
6075 0.023968 1 
6076 0.014331 1 
6077 0.011460 1 
6078 0.030478 1 
6079 0.028054 1 
6080 0.031242 1 
6081 0.034440 1 
6083 0.027840 1 
6084 0.019373 1 
6085 0.008898 1 
6086 0.017387 1 
6088 0.014807 1 
6090 0.022095 1 
6091 0.016636 1 
6092 0.022096 1 
6094 0.036506 1 
6095 0.025767 1 
6096 0.018066 1 
6098 0.031323 1 
6099 0.018026 1 
6100 0.021322 1 
6101 0.014271 1 
6102 0.009635 1 
6103 0.029891 1 
6104 0.039055 1 
6105 0.029935 1 
6106 0.034473 1 
6107 0.024824 1 
6108 0.018336 1 
6109 0.025243 1 
6110 0.020699 1 
6111 0.009883 1 
6112 0.015802 1 
6113 0.040790 1 
6114 0.041537 1 
6115 0.025513 1 
6117 0.010334 1 
6118 0.015926 1 
6119 0.010779 1 
6120 0.023181 1 
6121 0.015763 1 
6122 0.034699 1 
6123 0.018769 1 
6125 0.010729 1 
6126 0.015938 1 
6127 0.019055 1 
6128 0.030003 1 
6129 0.027645 1 
6130 0.027068 1 
6131 0.016958 1 
6132 0.021749 1 
6133 0.022575 1 
6134 0.027328 1 
6135 0.042017 1 
6136 0.025446 1 
6138 0.028291 1 
6139 0.015337 1 
6140 0.033748 1 
6141 0.038052 1 
6142 0.041772 1 
6143 0.025695 1 
6144 0.020821 1 
6146 0.035790 1 
6147 0.022290 1 
6148 0.141908 1 
6151 0.152085 1 
6152 0.135430 1 
6153 0.119150 1 
6154 0.141047 1 
6156 0.109109 1 
6157 0.147294 1 
6158 0.141039 1 
6159 0.209331 1 
6160 0.194008 1 
6161 0.177685 1 
6163 0.145474 1 
6164 0.123306 1 
6165 0.177476 1 
6166 0.161305 1 
6169 0.112496 1 
6170 0.092182 1 
6171 0.074189 1 
6173 0.076494 1 
6174 0.071156 1 
6175 0.066061 1 
6176 0.050060 1 
6177 0.033852 1 
6178 0.039738 1 
6179 0.022475 1 
6180 0.026609 1 
6181 0.032752 1 
6182 0.031442 1 
6183 0.025624 1 
6184 0.011534 1 
6185 0.015836 1 
6186 0.020163 1 
6187 0.047165 1 
6188 0.042075 1 
6189 0.030456 1 
6190 0.027244 1 
6191 0.011509 1 
6192 0.020723 1 
6193 0.013690 1 
6194 0.016453 1 
6195 0.024538 1 
6196 0.019521 1 
6197 0.031862 1 
6198 0.027596 1 
6200 0.016795 1 
6201 0.016018 1 
6203 0.174164 1 
6204 0.157538 1 
6205 0.140810 1 
6206 0.122604 1 
6207 0.106465 1 
6209 0.088850 1 
6210 0.138625 1 
6211 0.122710 1 
6212 0.106154 1 
6214 0.144153 1 
6216 0.108201 1 
6217 0.105281 1 
6218 0.149852 1 
6219 0.133590 1 
6222 0.104952 1 
6223 0.088889 1 
6224 0.078262 1 
6225 0.095316 1 
6226 0.087896 1 
6227 0.071864 1 
6228 0.055661 1 
6229 0.050738 1 
6230 0.034537 1 
6231 0.030118 1 
6232 0.021349 1 
6233 0.027863 1 
6235 0.421758 1 
6250 0.200601 1 
6251 0.184199 1 
6252 0.319449 1 
6253 0.295865 1 
6254 0.279645 1 
6257 0.273778 1 
6258 0.257045 1 
6259 0.241085 1 
6262 0.232630 1 
6263 0.212495 1 
6264 0.195808 1 
6265 0.178936 1 
6266 0.163490 1 
6267 0.159154 1 
6268 0.227075 1 
6269 0.313639 1 
6270 0.297162 1 
6272 0.267711 1 
6274 0.292081 1 
6275 0.275138 1 
6276 0.258613 1 
6287 0.142089 1 
6289 0.166096 1 
6290 0.150092 1 
6291 0.132613 1 
6293 0.096704 1 
6295 0.063302 1 
6297 0.063895 1 
6298 0.047942 1 
6299 0.031043 1 
6300 0.025355 1 
6301 0.017732 1 
6302 0.042661 1 
6303 0.070006 1 
6304 0.055123 1 
6305 0.038399 1 
6306 0.042291 1 
6307 0.031742 1 
6308 0.040699 1 
6309 0.022892 1 
6310 0.015986 1 
6311 0.011239 1 
6312 0.014757 1 
6313 0.013813 1 
6314 0.015491 1 
6316 0.022336 1 
6317 0.016933 1 
6318 0.027275 1 
6319 0.020129 1 
6320 0.030399 1 
6321 0.051295 1 
6322 0.034716 1 
6324 0.021003 1 
6325 0.027710 1 
6326 0.029865 1 
6327 0.013767 1 
6328 0.024109 1 
6329 0.024613 1 
6330 0.030168 1 
6331 0.020673 1 
6332 0.025161 1 
6333 0.027581 1 
6334 0.017686 1 
6335 0.015939 1 
6337 0.041113 1 
6338 0.045761 1 
6339 0.050950 1 
6340 0.051934 1 
6341 0.041641 1 
6342 0.024931 1 
6343 0.025213 1 
6345 0.020383 1 
6346 0.018148 1 
6347 0.016022 1 
6348 0.019440 1 
6351 0.160785 1 
6352 0.144696 1 
6353 0.128150 1 
6355 0.173306 1 
6356 0.157245 1 
6357 0.154727 1 
6358 0.203951 1 
6359 0.187919 1 
6360 0.171279 1 
6363 0.128583 1 
6364 0.112216 1 
6365 0.130723 1 
6366 0.110461 1 
6367 0.090522 1 
6368 0.097089 1 
6369 0.080491 1 
6370 0.087704 1 
6372 0.054123 1 
6373 0.072875 1 
6374 0.057181 1 
6375 0.040747 1 
6376 0.024811 1 
6377 0.030605 1 
6378 0.022309 1 
6379 0.030473 1 
6380 0.052530 1 
6381 0.036389 1 
6382 0.033909 1 
6383 0.022807 1 
6384 0.025612 1 
6386 0.196271 1 
6388 0.196513 1 
6389 0.179976 1 
6390 0.163698 1 
6391 0.143949 1 
6392 0.175819 1 
6393 0.152646 1 
6394 0.136385 1 
6395 0.120353 1 
6396 0.123774 1 
6397 0.107690 1 
6399 0.147313 1 
6400 0.131340 1 
6401 0.153043 1 
6402 0.137119 1 
6403 0.121075 1 
6404 0.104948 1 
6405 0.162575 1 
6406 0.146310 1 
6408 0.163626 1 
6409 0.146805 1 
6410 0.131363 1 
6411 0.116886 1 
6413 0.084494 1 
6415 0.127292 1 
6416 0.205336 1 
6417 0.187698 1 
6418 0.172391 1 
6422 0.108036 1 
6424 0.073769 1 
6425 0.057545 1 
6426 0.251090 1 
6427 0.234991 1 
6428 0.248803 1 
6430 0.216435 1 
6431 0.200427 1 
6432 0.184218 1 
6434 0.182022 1 
6436 0.205581 1 
6437 0.187203 1 
6438 0.170936 1 
6439 0.154601 1 
6440 0.138523 1 
6441 0.158463 1 
6442 0.142243 1 
6444 0.101751 1 
6445 0.119260 1 
6446 0.102990 1 
6448 0.120428 1 
6449 0.156223 1 
6450 0.139714 1 
6451 0.126631 1 
6452 0.110504 1 
6453 0.093781 1 
6454 0.086397 1 
6455 0.093425 1 
6456 0.113036 1 
6457 0.096902 1 
6458 0.080398 1 
6460 0.096496 1 
6461 0.126614 1 
6462 0.110893 1 
6463 0.116354 1 
6464 0.100094 1 
6466 0.243896 1 
6467 0.227491 1 
6468 0.211464 1 
6469 0.195001 1 
6471 0.208652 1 
6473 0.194290 1 
6474 0.178231 1 
6475 0.160821 1 
6476 0.144867 1 
6477 0.133037 1 
6483 0.041216 1 
6484 0.029019 1 
6486 0.081656 1 
6488 0.122883 1 
6489 0.120075 1 
6490 0.104027 1 
6492 0.076309 1 
6493 0.131923 1 
6494 0.115815 1 
6496 0.091969 1 
6497 0.075390 1 
6499 0.077737 1 
6500 0.106070 1 
6501 0.135661 1 
6502 0.119334 1 
6503 0.102898 1 
6504 0.097455 1 
6505 0.092306 1 
6506 0.109582 1 
6507 0.093740 1 
6508 0.086657 1 
6509 0.080930 1 
6510 0.065041 1 
6512 0.330838 1 
6515 0.396114 1 
6516 0.379542 1 
6518 0.397478 1 
6519 0.381241 1 
6520 0.365245 1 
6533 0.237248 1 
6534 0.221040 1 
6536 0.184369 1 
6542 0.084283 1 
6544 0.108184 1 
6545 0.091581 1 
6546 0.075657 1 
6547 0.059071 1 
6549 0.067757 1 
6550 0.078904 1 
6551 0.063051 1 
6552 0.205477 1 
6554 0.210158 1 
6555 0.258903 1 
6556 0.253209 1 
6563 0.135541 1 
6564 0.117334 1 
6565 0.101540 1 
6566 0.173070 1 
6567 0.157020 1 
6568 0.186961 1 
6569 0.170546 1 
6575 0.070196 1 
6576 0.100923 1 
6577 0.084568 1 
6578 0.068562 1 
6579 0.052470 1 
6580 0.060799 1 
6581 0.044615 1 
6582 0.031354 1 
6583 0.029801 1 
6584 0.055181 1 
6585 0.035286 1 
6588 0.225962 1 
6589 0.206963 1 
6590 0.190918 1 
6591 0.174701 1 
6592 0.158393 1 
6593 0.142476 1 
6595 0.615598 1 
6599 1.049886 1 
6600 1.033794 1 
6601 1.021351 1 
6602 1.004995 1 
6603 0.987688 1 
6605 0.960041 1 
6621 1.029178 1 
6672 1.156904 1 
6673 1.140616 1 
6681 1.604238 1 
6685 2.698014 1 
6687 2.752846 1 
6688 2.768202 1 
6689 2.855080 1 
6691 2.822944 1 
6693 2.912578 1 
6695 2.933452 1 
6696 2.965840 1 
6697 2.946326 1 
6698 2.930197 1 
6699 2.906815 1 
6700 2.959575 1 
6701 2.990083 1 
6702 2.973728 1 
6703 2.954226 1 
6704 2.930288 1 
6705 2.910799 1 
6706 2.894738 1 
6707 2.910033 1 
6708 2.930245 1 
6709 2.913786 1 
6722 8.011512 1 
6723 8.034459 1 
6724 8.114691 1 
6725 8.098304 1 
6726 8.106087 1 
6728 8.457483 1 
6729 8.455762 1 
6732 8.446157 1 
6733 8.481962 1 
6735 8.460765 1 
6736 8.524804 1 
6737 8.527799 1 
6738 8.592773 1 
6739 8.619268 1 
6740 8.599998 1 
6741 8.625443 1 
6743 8.593205 1 
6744 8.656257 1 
6745 8.640191 1 
6746 8.669908 1 
6748 8.637475 1 
6749 8.656937 1 
6750 8.788614 1 
6751 8.771551 1 
6753 9.219162 1 
6755 9.186251 1 
6760 9.216507 1 
6761 9.199956 1 
6762 9.197223 1 
6763 9.181168 1 
6764 9.183568 1 
6765 9.175552 1 
6766 9.238148 1 
6767 9.245152 1 
6768 9.244563 1 
6770 9.247239 1 
6771 9.227797 1 
6772 9.238698 1 
6773 9.222293 1 
6774 9.198614 1 
6775 9.239005 1 
6776 9.258704 1 
6777 9.242019 1 
6778 9.225826 1 
6779 9.209267 1 
6780 9.193098 1 
6781 9.176870 1 
6782 9.243959 1 
6783 9.226672 1 
6784 9.504824 1 
6785 9.635722 1 
6786 10.257302 1 
6787 10.431941 1 
6788 10.411067 1 
6789 10.394402 1 
6790 10.378483 1 
6797 11.019156 1 
6801 10.949162 1 
6802 10.929302 1 
6804 10.887903 1 
6823 11.613459 1 
6824 11.618594 1 
6826 11.621251 1 
6827 11.621779 1 
6828 11.606011 1 
6829 11.625182 1 
6830 11.607590 1 
6832 11.575043 1 
6834 11.545629 1 
6835 11.541646 1 
6836 11.554933 1 
6837 11.578401 1 
6838 11.562307 1 
6839 11.546451 1 
6840 11.578739 1 
6842 11.546164 1 
6846 11.545182 1 
6847 11.525886 1 
6848 11.534641 1 
6849 11.653460 1 
6850 11.637560 1 
6851 11.620085 1 
6852 11.604903 1 
6853 11.588069 1 
6854 11.572397 1 
6856 11.540246 1 
6858 11.588614 1 
6860 11.555684 1 
6861 11.536808 1 
6862 11.520241 1 
6863 11.504377 1 
6864 11.516647 1 
6865 11.500585 1 
6866 11.484426 1 
6867 11.484531 1 
6869 11.547604 1 
6871 11.515068 1 
6872 11.499274 1 
6873 11.499910 1 
6875 11.770996 1 
6876 11.755061 1 
6877 11.738878 1 
6880 11.865919 1 
6881 11.849434 1 
6887 12.491720 1 
6888 12.815953 1 
6890 12.990496 1 
6892 12.955606 1 
6894 12.923082 1 
6895 12.916601 1 
6896 12.897491 1 
6906 12.912698 1 
