2024-09-03 16:36:51
../stream-replay/logs/rtt-6206@128.txt
1 0.046197 0 
2 0.029100 0 
4 0.096197 0 
5 0.079592 0 
6 0.180315 0 
7 0.163502 0 
8 0.147394 0 
9 0.131247 0 
10 0.202463 0 
13 0.189590 0 
14 0.173544 0 
15 0.158016 0 
16 0.141443 0 
17 0.125471 0 
18 0.142409 0 
19 0.126736 0 
20 0.110569 0 
21 0.147532 0 
22 0.131353 0 
23 0.114834 0 
24 0.141810 0 
25 0.126083 0 
26 0.142604 0 
27 0.126473 0 
28 0.110696 0 
29 0.113111 0 
31 0.092926 0 
32 0.076446 0 
33 0.298131 0 
34 0.276259 0 
35 0.260498 0 
36 0.253923 0 
37 0.230727 0 
38 0.254061 0 
40 0.334517 0 
41 0.322383 0 
42 0.368360 0 
43 0.352357 0 
45 0.324893 0 
47 0.292163 0 
48 0.455817 0 
49 0.520401 0 
50 0.501708 0 
53 0.453615 0 
54 0.492779 0 
55 0.476393 0 
56 0.563515 0 
58 0.676016 0 
59 0.658906 0 
60 0.641198 0 
61 0.651383 0 
62 0.675013 0 
63 0.658994 0 
64 0.642783 0 
66 0.618632 0 
68 0.648504 0 
69 0.632022 0 
70 0.609222 0 
71 0.592808 0 
72 0.576667 0 
73 0.653246 0 
74 0.636783 0 
76 0.603115 0 
77 0.587274 0 
78 0.571641 0 
79 0.554199 0 
80 0.538226 0 
81 0.521285 0 
82 0.500334 0 
83 0.484226 0 
84 0.467787 0 
85 0.469368 0 
86 0.535109 0 
87 0.518651 0 
88 0.528821 0 
89 0.510073 0 
90 0.668496 0 
92 0.636017 0 
93 0.619704 0 
94 0.643344 0 
95 0.620237 0 
96 0.784818 0 
97 0.768670 0 
98 0.753205 0 
99 0.731559 0 
100 0.778139 0 
101 0.758258 0 
103 0.725416 0 
105 0.724321 0 
106 0.731955 0 
107 0.715677 0 
108 0.699422 0 
109 0.789862 0 
110 0.773152 0 
111 0.818942 0 
113 0.786297 0 
114 0.770107 0 
115 0.753876 0 
116 0.737562 0 
118 0.704470 0 
120 0.824483 0 
121 0.806135 0 
122 0.789988 0 
124 0.757761 0 
125 0.741632 0 
126 0.722507 0 
130 0.764683 0 
131 0.748204 0 
132 0.889517 0 
133 0.873495 0 
134 0.857630 0 
135 0.840216 0 
136 0.874334 0 
137 0.858457 0 
138 0.852518 0 
139 0.836375 0 
140 0.866346 0 
141 0.850051 0 
142 0.902536 0 
143 0.886880 0 
144 0.871383 0 
145 0.854965 0 
147 0.867249 0 
149 0.921497 0 
150 0.904722 0 
151 0.888515 0 
152 0.967792 0 
153 1.140416 0 
155 1.105713 0 
156 1.182363 0 
157 1.205468 0 
158 1.190356 0 
159 1.168074 0 
160 1.185635 0 
161 1.256412 0 
162 1.248893 0 
163 1.232948 0 
164 1.238142 0 
165 1.222407 0 
166 1.269680 0 
168 1.259124 0 
169 1.242234 0 
170 1.349583 0 
171 1.368505 0 
172 1.353411 0 
173 1.337293 0 
174 1.321068 0 
176 1.459115 0 
177 1.457047 0 
178 1.440829 0 
179 1.437309 0 
181 1.423667 0 
182 1.407389 0 
183 1.390988 0 
184 1.401303 0 
186 1.474305 0 
188 1.679771 0 
189 1.663675 0 
190 1.647739 0 
191 1.631251 0 
193 1.620703 0 
194 1.682786 0 
195 1.731008 0 
196 1.707799 0 
197 1.786499 0 
198 1.770970 0 
199 1.842186 0 
200 1.826611 0 
201 1.807901 0 
203 1.789389 0 
204 1.773022 0 
205 1.756648 0 
206 1.740526 0 
207 1.819362 0 
208 1.800845 0 
209 1.784683 0 
210 1.851984 0 
211 1.835946 0 
212 1.817868 0 
213 1.797117 0 
214 1.773430 0 
215 1.756060 0 
216 1.739717 0 
217 1.742867 0 
218 1.726780 0 
219 1.755818 0 
220 1.741193 0 
221 1.727253 0 
222 1.711655 0 
223 2.065198 0 
224 2.069320 0 
225 2.078974 0 
226 2.063122 0 
227 2.047799 0 
228 2.031729 0 
230 2.017323 0 
231 2.065672 0 
232 2.091039 0 
233 2.074797 0 
234 2.057995 0 
235 2.060846 0 
236 2.046763 0 
237 2.030025 0 
239 2.096481 0 
240 2.110491 0 
241 2.094386 0 
242 2.078294 0 
244 2.042943 0 
246 2.090997 0 
247 2.084492 0 
248 2.215557 0 
249 2.200933 0 
252 2.150602 0 
253 2.193076 0 
254 2.176568 0 
255 2.162192 0 
256 2.172650 0 
257 2.156402 0 
258 2.140014 0 
259 2.186293 0 
260 2.169439 0 
261 2.146852 0 
262 2.165039 0 
263 2.149090 0 
265 2.165528 0 
267 2.133471 0 
268 2.116946 0 
269 2.100487 0 
270 2.091123 0 
271 2.131654 0 
272 2.114789 0 
273 2.098604 0 
275 2.066468 0 
277 2.313130 0 
278 2.296765 0 
279 2.280718 0 
280 2.264552 0 
281 2.246575 0 
282 2.230724 0 
283 2.214304 0 
284 2.255169 0 
285 2.238729 0 
286 2.222516 0 
287 2.211113 0 
288 2.194672 0 
289 2.260540 0 
291 2.284685 0 
292 2.432853 0 
293 2.416370 0 
294 2.399906 0 
295 2.382656 0 
296 2.416956 0 
297 2.486230 0 
298 2.490277 0 
299 2.473784 0 
300 2.487808 0 
302 2.608717 0 
304 2.745542 0 
305 2.728239 0 
306 2.712406 0 
307 2.695951 0 
308 2.679480 0 
309 2.663452 0 
310 2.715864 0 
312 2.682560 0 
313 2.666581 0 
314 2.671311 0 
315 2.655215 0 
317 2.717748 0 
319 2.769946 0 
320 2.753460 0 
321 2.738180 0 
323 2.703561 0 
324 2.695980 0 
325 2.717251 0 
327 2.685204 0 
328 2.720026 0 
329 2.702663 0 
330 2.685984 0 
331 2.669692 0 
332 2.653892 0 
333 2.642375 0 
334 2.626428 0 
335 2.637064 0 
336 2.620751 0 
337 2.604213 0 
338 2.587851 0 
339 2.605851 0 
340 2.589366 0 
341 2.573524 0 
342 2.557331 0 
343 2.540862 0 
344 2.525030 0 
346 2.523746 0 
347 2.507534 0 
348 2.491111 0 
349 2.515767 0 
350 2.499102 0 
351 2.485909 0 
352 2.470253 0 
354 2.450028 0 
355 2.452397 0 
356 2.436013 0 
357 2.419819 0 
358 2.403156 0 
359 2.407920 0 
360 2.391428 0 
361 2.408665 0 
362 2.389953 0 
363 2.373661 0 
364 2.357428 0 
365 2.365763 0 
367 2.331895 0 
368 2.316091 0 
369 2.310147 0 
370 2.317471 0 
371 2.301656 0 
372 2.285630 0 
373 2.269305 0 
375 2.237083 0 
376 2.240585 0 
377 2.245890 0 
378 2.230205 0 
380 2.217803 0 
381 2.201700 0 
382 2.185520 0 
383 2.169203 0 
385 2.144951 0 
386 2.128719 0 
387 2.119352 0 
388 2.103401 0 
389 2.087200 0 
390 2.080874 0 
392 2.061520 0 
393 2.055679 0 
394 2.047447 0 
395 2.031254 0 
396 2.048978 0 
397 2.033204 0 
398 2.026409 0 
399 2.010463 0 
400 1.994028 0 
402 1.971944 0 
403 1.964957 0 
404 1.948386 0 
405 1.939372 0 
407 1.900000 0 
408 1.935148 0 
409 1.918783 0 
410 1.902323 0 
411 1.947095 0 
412 1.947789 0 
413 1.929058 0 
414 1.912921 0 
415 1.896555 0 
416 1.888407 0 
417 1.872152 0 
418 1.856544 0 
419 1.840535 0 
420 1.853819 0 
421 1.838621 0 
422 1.854553 0 
423 1.838617 0 
424 1.850681 0 
425 1.834482 0 
426 1.817943 0 
427 1.801791 0 
429 1.779717 0 
430 1.765015 0 
431 1.767510 0 
432 1.751216 0 
433 1.735044 0 
434 1.718789 0 
435 1.705440 0 
436 1.689245 0 
438 1.658021 0 
439 1.649338 0 
440 1.633131 0 
441 1.617109 0 
443 1.584693 0 
445 1.594981 0 
446 1.591998 0 
447 1.618960 0 
448 1.613968 0 
451 1.581707 0 
452 1.565933 0 
453 1.549830 0 
454 1.533730 0 
455 1.541432 0 
456 1.525448 0 
457 1.509322 0 
458 1.493242 0 
459 1.476852 0 
460 1.460718 0 
461 1.443482 0 
462 1.433452 0 
464 1.408673 0 
466 1.392274 0 
467 1.390469 0 
468 1.380058 0 
469 1.363595 0 
470 1.361329 0 
471 1.344891 0 
472 1.339548 0 
474 1.311970 0 
475 1.333685 0 
476 1.317510 0 
477 1.300282 0 
478 1.283978 0 
479 1.284864 0 
480 1.268258 0 
481 1.252136 0 
482 1.235924 0 
483 1.226569 0 
486 1.244503 0 
487 1.227195 0 
488 1.208958 0 
490 1.197344 0 
491 1.259739 0 
492 1.244210 0 
493 1.228269 0 
494 1.275523 0 
495 1.257488 0 
496 1.241446 0 
497 1.224525 0 
498 1.201722 0 
499 1.185921 0 
501 1.163959 0 
504 1.267620 0 
505 1.246676 0 
506 1.230330 0 
507 1.214353 0 
508 1.198949 0 
509 1.182568 0 
511 1.176701 0 
512 1.160321 0 
513 1.186664 0 
514 1.170370 0 
516 1.135693 0 
518 1.103508 0 
519 1.100399 0 
520 1.089862 0 
522 1.075370 0 
523 1.059512 0 
524 1.042973 0 
526 1.051366 0 
527 1.047010 0 
528 1.030734 0 
529 1.014330 0 
530 1.019836 0 
531 1.020612 0 
532 1.004616 0 
533 1.015233 0 
534 0.998912 0 
535 0.982890 0 
536 0.966643 0 
537 0.950403 0 
538 0.934174 0 
539 0.933136 0 
540 0.978319 0 
541 0.961805 0 
542 0.970338 0 
543 0.973294 0 
545 0.940607 0 
546 0.957259 0 
547 0.941025 0 
548 0.924483 0 
549 0.908525 0 
550 0.911779 0 
551 0.895761 0 
554 0.900022 0 
555 0.903448 0 
556 0.879871 0 
557 0.863780 0 
558 0.860551 0 
559 0.850781 0 
560 0.853776 0 
561 0.837800 0 
562 0.815861 0 
563 0.816184 0 
564 0.796592 0 
566 0.770851 0 
567 0.796285 0 
569 0.945802 0 
570 0.930468 0 
571 0.940679 0 
572 0.953740 0 
574 0.920976 0 
575 0.931911 0 
576 1.029906 0 
577 1.012448 0 
579 0.978041 0 
580 0.961793 0 
581 0.945534 0 
582 1.098954 0 
584 1.066657 0 
585 1.168643 0 
586 1.151841 0 
587 1.135918 0 
588 1.119833 0 
589 1.103667 0 
591 1.343520 0 
592 1.327185 0 
593 1.460488 0 
594 1.444739 0 
595 1.429584 0 
596 1.465953 0 
598 1.508355 0 
599 1.492178 0 
602 1.556701 0 
603 1.590811 0 
605 1.618773 0 
606 1.602813 0 
607 1.583780 0 
608 1.566820 0 
609 1.550155 0 
610 1.538089 0 
611 1.546836 0 
612 1.551207 0 
613 1.701649 0 
614 1.685451 0 
615 1.669187 0 
616 1.653035 0 
620 1.902456 0 
621 1.886504 0 
622 2.023178 0 
623 2.007156 0 
625 2.033762 0 
626 2.141186 0 
629 2.177123 0 
630 2.159902 0 
631 2.143640 0 
632 2.128546 0 
633 2.180851 0 
634 2.164999 0 
635 2.148451 0 
637 2.150398 0 
638 2.137539 0 
639 2.121640 0 
640 2.105715 0 
642 2.073440 0 
644 2.062443 0 
645 2.064673 0 
646 2.047636 0 
647 2.035869 0 
650 2.084964 0 
651 2.069000 0 
653 2.221334 0 
654 2.207637 0 
655 2.191437 0 
656 2.174986 0 
657 2.495816 0 
658 2.479892 0 
659 2.462804 0 
660 2.493167 0 
661 2.476863 0 
663 2.443143 0 
665 2.659640 0 
666 2.640794 0 
667 2.945513 0 
668 2.930181 0 
669 2.913043 0 
670 2.896805 0 
671 2.880883 0 
673 2.848203 0 
674 2.832357 0 
675 2.813701 0 
676 2.796872 0 
677 2.780739 0 
678 2.763987 0 
679 2.745117 0 
680 2.731526 0 
681 2.716031 0 
682 2.700331 0 
683 2.684232 0 
684 2.667680 0 
685 2.651101 0 
686 2.634906 0 
687 2.613993 0 
689 2.596448 0 
690 2.660472 0 
691 2.666432 0 
692 2.650201 0 
693 2.631069 0 
694 2.624056 0 
695 2.607819 0 
696 2.594489 0 
697 2.580193 0 
698 2.605909 0 
700 2.571828 0 
702 2.539483 0 
703 2.521773 0 
704 2.564546 0 
705 2.717271 0 
706 2.701281 0 
707 2.685465 0 
708 2.666692 0 
710 2.686377 0 
711 2.668125 0 
712 2.648653 0 
713 2.632206 0 
715 2.665429 0 
717 2.633600 0 
718 2.617430 0 
719 2.687173 0 
721 2.654192 0 
722 2.636073 0 
723 3.004612 0 
725 2.964086 0 
726 2.966544 0 
727 2.946891 0 
728 2.942901 0 
729 2.926686 0 
730 2.910451 0 
731 3.137860 0 
732 3.121617 0 
733 3.099736 0 
734 3.083530 0 
735 3.067700 0 
736 3.051566 0 
737 3.035684 0 
738 3.083313 0 
739 3.066811 0 
740 3.050179 0 
741 3.229445 0 
742 3.213257 0 
744 3.173037 0 
745 3.156786 0 
746 3.140812 0 
747 3.125196 0 
748 3.101996 0 
749 3.086296 0 
750 3.063432 0 
752 3.030306 0 
753 3.041929 0 
754 3.025616 0 
755 3.101279 0 
756 3.084570 0 
757 3.068273 0 
758 3.052404 0 
759 3.036167 0 
760 3.019522 0 
761 2.999074 0 
762 2.982566 0 
763 2.966608 0 
765 3.191371 0 
766 3.170386 0 
767 3.197873 0 
768 3.182518 0 
769 3.166307 0 
770 3.393887 0 
771 3.374492 0 
773 3.342201 0 
774 3.343516 0 
775 3.327815 0 
776 3.311923 0 
778 3.335388 0 
779 3.319305 0 
780 3.322691 0 
781 3.305407 0 
783 3.272781 0 
784 3.278630 0 
785 3.362734 0 
786 3.344510 0 
787 3.328365 0 
788 3.312176 0 
790 3.317121 0 
791 3.301261 0 
792 3.352593 0 
793 3.336643 0 
794 3.312954 0 
795 3.296681 0 
796 3.307367 0 
797 3.290774 0 
798 3.317195 0 
800 3.331897 0 
801 3.315833 0 
802 3.382375 0 
803 3.366450 0 
804 3.350097 0 
805 3.376097 0 
806 3.361244 0 
807 3.577667 0 
808 3.574317 0 
809 3.601233 0 
810 3.585080 0 
811 3.568516 0 
812 3.667008 0 
813 3.650806 0 
814 3.633623 0 
815 3.663891 0 
817 3.785903 0 
818 3.769727 0 
819 3.815649 0 
820 3.799645 0 
821 3.898270 0 
822 3.882328 0 
823 4.017192 0 
824 4.001871 0 
825 4.111861 0 
827 4.080060 0 
828 4.155330 0 
829 4.187603 0 
830 4.308676 0 
831 4.321818 0 
832 4.359666 0 
833 4.343535 0 
834 4.328447 0 
836 4.416553 0 
837 4.401417 0 
838 4.385112 0 
839 4.368921 0 
841 4.335105 0 
843 4.302795 0 
844 4.311099 0 
846 4.397304 0 
849 4.423178 0 
850 4.407484 0 
851 4.391257 0 
852 4.404645 0 
853 4.388712 0 
854 4.409595 0 
855 4.393590 0 
856 4.522311 0 
857 4.505842 0 
858 4.509518 0 
859 4.544449 0 
860 4.528662 0 
862 4.492797 0 
864 4.460671 0 
865 4.441574 0 
866 4.425198 0 
867 4.467583 0 
868 4.466311 0 
869 4.447886 0 
870 4.431649 0 
872 4.429679 0 
873 4.436043 0 
874 4.418147 0 
875 4.528063 0 
876 4.530960 0 
877 4.514560 0 
878 4.494756 0 
879 4.483049 0 
880 4.486377 0 
881 4.554523 0 
882 4.538399 0 
883 4.522202 0 
884 4.506109 0 
885 4.490090 0 
886 4.473747 0 
889 4.596922 0 
890 4.580853 0 
891 4.564785 0 
892 4.549394 0 
893 4.533373 0 
894 4.517090 0 
895 4.500888 0 
896 4.485015 0 
897 4.468640 0 
899 4.431417 0 
901 4.395813 0 
902 4.376603 0 
903 4.359797 0 
904 4.343430 0 
905 4.351122 0 
906 4.335020 0 
907 4.318630 0 
909 4.318291 0 
910 4.302271 0 
911 4.285004 0 
912 4.268891 0 
914 4.355942 0 
916 4.323799 0 
917 4.458395 0 
918 4.442200 0 
920 4.453706 0 
921 4.437852 0 
922 4.431319 0 
924 4.398615 0 
925 4.383603 0 
926 4.366398 0 
927 4.435076 0 
928 4.415638 0 
929 4.411124 0 
932 4.676416 0 
933 4.660144 0 
934 4.734890 0 
935 4.719533 0 
936 4.700764 0 
937 4.684627 0 
938 4.669004 0 
939 4.748087 0 
940 4.723998 0 
941 4.706799 0 
943 4.716324 0 
944 4.700263 0 
945 4.790865 0 
946 4.775168 0 
947 4.770259 0 
948 4.777129 0 
949 4.768582 0 
951 4.775386 0 
952 4.759143 0 
953 4.735935 0 
954 4.785502 0 
956 4.860634 0 
957 4.844311 0 
958 4.825606 0 
959 4.809329 0 
960 4.792967 0 
961 4.792867 0 
962 4.776782 0 
964 4.744045 0 
965 4.815953 0 
966 4.800008 0 
967 4.783371 0 
968 4.767515 0 
969 4.751392 0 
970 4.735101 0 
972 4.752256 0 
974 4.768579 0 
977 4.789737 0 
978 4.773632 0 
979 4.757768 0 
980 4.738116 0 
982 4.705976 0 
983 4.772808 0 
984 4.756468 0 
985 4.740260 0 
986 4.718421 0 
987 4.703315 0 
989 4.671016 0 
990 4.683237 0 
991 4.707913 0 
992 4.738006 0 
993 4.721823 0 
994 4.705476 0 
995 4.690051 0 
996 4.678863 0 
997 4.682516 0 
999 4.650168 0 
1000 4.861352 0 
1001 4.844725 0 
1002 4.828324 0 
1003 4.863746 0 
1004 4.847498 0 
1005 4.830510 0 
1006 4.897196 0 
1008 4.924226 0 
1009 4.913712 0 
1010 4.895100 0 
1011 4.879804 0 
1012 4.923007 0 
1013 4.906040 0 
1014 4.890223 0 
1015 4.916961 0 
1016 4.978456 0 
1017 4.962996 0 
1018 4.946760 0 
1019 4.929442 0 
1020 4.915224 0 
1021 4.899153 0 
1022 4.915128 0 
1023 4.971018 0 
1024 4.978395 0 
1026 4.945263 0 
1027 5.008756 0 
1028 4.990938 0 
1029 4.975718 0 
1030 4.972465 0 
1031 4.956550 0 
1032 5.006306 0 
1033 5.026809 0 
1035 4.995263 0 
1036 4.986672 0 
1037 4.970883 0 
1038 4.954624 0 
1040 4.922356 0 
1042 5.148238 0 
1043 5.155955 0 
1044 5.141380 0 
1045 5.185709 0 
1048 5.134931 0 
1049 5.118736 0 
1050 5.102720 0 
1051 5.086763 0 
1052 5.110255 0 
1053 5.094125 0 
1054 5.078250 0 
1055 5.086504 0 
1056 5.070635 0 
1057 5.062635 0 
1058 5.046337 0 
1059 5.039590 0 
1061 5.175218 0 
1063 5.153760 0 
1064 5.137780 0 
1065 5.200808 0 
1066 5.180141 0 
1067 5.171836 0 
1068 5.175267 0 
1069 5.256896 0 
1071 5.223173 0 
1072 5.207156 0 
1073 5.244351 0 
1074 5.228113 0 
1075 5.212047 0 
1077 5.261637 0 
1078 5.245574 0 
1079 5.229728 0 
1080 5.217197 0 
1081 5.220953 0 
1082 5.204808 0 
1083 5.211410 0 
1084 5.368110 0 
1085 5.351865 0 
1088 5.363348 0 
1089 5.347315 0 
1090 5.355375 0 
1091 5.339418 0 
1092 5.323042 0 
1093 5.393234 0 
1094 5.377063 0 
1095 5.360871 0 
1096 5.343966 0 
1098 5.306354 0 
1100 5.274046 0 
1101 5.257819 0 
1102 5.248945 0 
1104 5.262395 0 
1105 5.398727 0 
1106 5.382602 0 
1108 5.370016 0 
1109 5.349932 0 
1110 5.333279 0 
1111 5.395930 0 
1113 5.362986 0 
1116 5.365092 0 
1117 5.345972 0 
1119 5.329887 0 
1120 5.362661 0 
1121 5.346402 0 
1124 5.377015 0 
1125 5.356547 0 
1126 5.337389 0 
1127 5.321536 0 
1128 5.305954 0 
1129 5.289873 0 
1130 5.277541 0 
1131 5.261354 0 
1132 5.347382 0 
1133 5.327126 0 
1134 5.308113 0 
1135 5.291853 0 
1136 5.275590 0 
1137 5.259301 0 
1138 5.271127 0 
1139 5.256602 0 
1140 5.269484 0 
1142 5.237039 0 
1144 5.409758 0 
1145 5.393568 0 
1146 5.377581 0 
1147 5.381158 0 
1148 5.420534 0 
1150 5.388578 0 
1151 5.388520 0 
1152 5.372999 0 
1153 5.352283 0 
1154 5.336006 0 
1155 5.487978 0 
1156 5.472146 0 
1157 5.449927 0 
1158 5.434991 0 
1159 5.418980 0 
1160 5.402580 0 
1161 5.386549 0 
1163 5.391099 0 
1164 5.375542 0 
1165 5.375243 0 
1166 5.393558 0 
1167 5.377864 0 
1168 5.426213 0 
1169 5.403336 0 
1171 5.395978 0 
1172 5.426497 0 
1173 5.487015 0 
1174 5.482261 0 
1176 5.450123 0 
1177 5.559343 0 
1178 5.703166 0 
1179 5.686281 0 
1181 5.654166 0 
1182 5.688040 0 
1183 5.671982 0 
1184 5.661130 0 
1185 5.685194 0 
1186 5.668771 0 
1188 5.636476 0 
1189 5.648240 0 
1190 5.656895 0 
1191 5.640362 0 
1192 5.623589 0 
1193 5.607466 0 
1194 5.588467 0 
1195 5.572208 0 
1196 5.578796 0 
1198 5.646671 0 
1199 5.734111 0 
1200 5.717795 0 
1201 5.701623 0 
1202 5.684771 0 
1203 5.668586 0 
1204 5.652475 0 
1205 5.636450 0 
1206 5.620470 0 
1207 5.597287 0 
1208 5.581032 0 
1209 5.583705 0 
1210 5.567550 0 
1211 5.550848 0 
1212 5.534481 0 
1213 5.567210 0 
1214 5.547716 0 
1215 5.529221 0 
1216 5.513037 0 
1217 5.497006 0 
1218 5.527722 0 
1219 5.511638 0 
1220 5.504263 0 
1221 5.537852 0 
1222 5.519813 0 
1223 5.503594 0 
1225 5.467675 0 
1226 5.447702 0 
1227 5.431533 0 
1228 5.412252 0 
1229 5.396509 0 
1230 5.379970 0 
1231 5.363680 0 
1232 5.376513 0 
1234 5.368639 0 
1235 5.352493 0 
1236 5.336324 0 
1237 5.320297 0 
1239 5.288000 0 
1241 5.334835 0 
1242 5.452249 0 
1243 5.597949 0 
1247 5.592441 0 
1248 5.574161 0 
1249 5.584342 0 
1250 5.568399 0 
1251 5.552130 0 
1252 5.558153 0 
1253 5.542971 0 
1254 5.524410 0 
1256 5.563477 0 
1257 5.552469 0 
1258 5.533193 0 
1260 5.576059 0 
1262 5.628557 0 
1263 5.612817 0 
1264 5.596886 0 
1265 5.580697 0 
1266 5.564338 0 
1267 5.631737 0 
1268 5.615568 0 
1272 5.593274 0 
1273 5.640667 0 
1274 5.624944 0 
1275 5.606326 0 
1276 5.590087 0 
1277 5.574146 0 
1278 5.558506 0 
1279 5.541956 0 
1280 5.526109 0 
1281 5.591326 0 
1282 5.573662 0 
1283 5.557168 0 
1284 5.541717 0 
1287 5.678052 0 
1289 5.738110 0 
1290 5.723079 0 
1291 5.706577 0 
1292 5.691076 0 
1293 5.684602 0 
1294 5.668879 0 
1295 5.699959 0 
1299 5.657834 0 
1300 5.641598 0 
1301 5.699454 0 
1302 5.699820 0 
1303 5.739079 0 
1304 5.741696 0 
1305 5.743540 0 
1307 5.710675 0 
1308 5.694171 0 
1309 5.678329 0 
1310 5.695833 0 
1312 5.663039 0 
1314 5.978522 0 
1315 5.962741 0 
1316 5.947241 0 
1318 5.916451 0 
1319 5.899987 0 
1320 5.890463 0 
1322 5.880593 0 
1323 5.863338 0 
1324 5.847007 0 
1325 5.830829 0 
1326 5.814349 0 
1327 5.819113 0 
1328 5.854902 0 
1329 5.836948 0 
1330 5.821229 0 
1331 5.954828 0 
1332 5.938936 0 
1335 5.887779 0 
1338 6.075454 0 
1339 6.058663 0 
1341 6.027019 0 
1342 6.011235 0 
1343 5.995145 0 
1344 5.978336 0 
1345 6.051485 0 
1349 6.186469 0 
1350 6.170647 0 
1351 6.153632 0 
1352 6.222204 0 
1353 6.198001 0 
1354 6.305689 0 
1355 6.417082 0 
1356 6.410176 0 
1357 6.387261 0 
1358 6.371019 0 
1359 6.354773 0 
1360 6.338559 0 
1362 6.337808 0 
1363 6.322072 0 
1364 6.305642 0 
1366 6.349147 0 
1367 6.332256 0 
1368 6.316508 0 
1370 6.284033 0 
1371 6.335001 0 
1375 6.268280 0 
1376 6.390803 0 
1381 6.470336 0 
1382 6.453332 0 
1383 6.437652 0 
1384 6.421709 0 
1385 6.406375 0 
1387 6.379843 0 
1388 6.362630 0 
1389 6.483950 0 
1390 6.467575 0 
1391 6.534227 0 
1392 6.516759 0 
1393 6.500302 0 
1394 6.484223 0 
1395 6.468016 0 
1397 6.433809 0 
1398 6.442652 0 
1399 6.426207 0 
1400 6.410215 0 
1401 6.479266 0 
1402 6.462775 0 
1403 6.446951 0 
1404 6.430994 0 
1405 6.430069 0 
1406 6.425073 0 
1407 6.408948 0 
1408 6.397414 0 
1409 6.543074 0 
1410 6.546949 0 
1411 6.530878 0 
1412 6.515177 0 
1413 6.602083 0 
1414 6.586745 0 
1415 6.563040 0 
1416 6.546609 0 
1417 6.530641 0 
1418 6.513682 0 
1419 6.497657 0 
1420 6.481616 0 
1421 6.465543 0 
1422 6.449410 0 
1424 6.416849 0 
1425 6.394947 0 
1426 6.377627 0 
1427 6.394082 0 
1428 6.377553 0 
1429 6.484611 0 
1430 6.464941 0 
1431 6.515248 0 
1435 6.638359 0 
1436 6.622210 0 
1438 6.589712 0 
1442 6.828406 0 
1443 6.812469 0 
1446 6.763882 0 
1447 6.933807 0 
1448 6.917737 0 
1449 6.901660 0 
1450 6.886978 0 
1451 6.870703 0 
1452 6.854401 0 
1453 6.838620 0 
1454 6.854753 0 
1455 6.927455 0 
1456 6.911469 0 
1457 6.895135 0 
1459 6.933240 0 
1461 6.894310 0 
1462 6.878298 0 
1463 6.861418 0 
1464 6.888234 0 
1465 6.872120 0 
1466 6.856239 0 
1467 6.840547 0 
1469 6.914152 0 
1470 7.006933 0 
1471 7.103277 0 
1518 6.323995 0 
1519 6.346731 0 
1521 6.319064 0 
1522 6.301135 0 
1523 6.532860 0 
1526 6.586199 0 
1527 6.586185 0 
1528 6.647808 0 
1532 6.689092 0 
1533 6.672876 0 
1534 6.656731 0 
1535 6.641135 0 
1536 6.687542 0 
1541 6.718666 0 
1544 6.761108 0 
1545 6.808789 0 
1546 6.792505 0 
1548 6.821086 0 
1549 6.804946 0 
1550 6.788508 0 
1551 6.772333 0 
1552 6.756473 0 
1553 6.793213 0 
1554 6.777144 0 
1555 6.926703 0 
1556 6.910502 0 
1557 6.894089 0 
1558 6.888660 0 
1561 6.891530 0 
1562 6.950369 0 
1563 6.930417 0 
1564 6.914261 0 
1565 6.931982 0 
1566 6.918923 0 
1567 6.902959 0 
1569 6.885908 0 
1574 7.048015 0 
1575 7.032145 0 
1576 7.015851 0 
1577 7.103994 0 
1579 7.071282 0 
1580 7.128673 0 
1581 7.112102 0 
1582 7.095953 0 
1583 7.091652 0 
1584 7.075811 0 
1586 7.083778 0 
1587 7.067545 0 
1588 7.187360 0 
1589 7.171252 0 
1590 7.155413 0 
1591 7.138706 0 
1592 7.122916 0 
1593 7.106423 0 
1594 7.090179 0 
1596 7.097611 0 
1597 7.081707 0 
1598 7.065599 0 
1599 7.049358 0 
1600 7.150393 0 
1601 7.134210 0 
1602 7.118066 0 
1603 7.131933 0 
1604 7.328487 0 
1605 7.311712 0 
1606 7.372809 0 
1607 7.438491 0 
1608 7.421475 0 
1609 7.404393 0 
1610 7.388739 0 
1611 7.372880 0 
1612 7.441224 0 
1613 7.424181 0 
1614 7.540564 0 
1615 7.524042 0 
1616 7.507708 0 
1617 7.491838 0 
1618 7.469958 0 
1619 7.579490 0 
1620 7.562334 0 
1621 7.575157 0 
1623 7.541598 0 
1624 7.566366 0 
1625 7.674537 0 
1626 7.658041 0 
1627 7.655761 0 
1628 7.639897 0 
1629 7.674508 0 
1630 7.658133 0 
1633 7.737265 0 
1634 7.721168 0 
1635 7.705004 0 
1637 7.666285 0 
1640 7.850222 0 
1641 7.834651 0 
1642 7.816643 0 
1645 7.767457 0 
1646 7.751042 0 
1647 7.735100 0 
1648 7.719035 0 
1649 7.702906 0 
1650 7.686810 0 
1651 7.783522 0 
1652 7.767514 0 
1653 7.776412 0 
1654 7.758815 0 
1655 7.742827 0 
1656 7.802983 0 
1658 7.800735 0 
1660 7.773603 0 
1661 7.778651 0 
1662 7.820085 0 
1663 7.803853 0 
1664 7.787576 0 
1665 7.771424 0 
1666 7.983649 0 
1668 7.950831 0 
1669 8.010204 0 
1670 7.994374 0 
1671 8.188443 0 
1672 8.172367 0 
1673 8.155980 0 
1674 8.139285 0 
1675 8.118005 0 
1676 8.102587 0 
1677 8.128277 0 
1678 8.109935 0 
1679 8.093605 0 
1680 8.077389 0 
1681 8.061192 0 
1682 8.085053 0 
1684 8.137382 0 
1685 8.121088 0 
1686 8.104739 0 
1687 8.088792 0 
1689 8.093865 0 
1690 8.072197 0 
1691 8.084253 0 
1692 8.067767 0 
1693 8.051591 0 
1695 8.057726 0 
1697 8.025108 0 
1698 8.008907 0 
1700 8.158402 0 
1701 8.142284 0 
1702 8.125527 0 
1703 8.161945 0 
1705 8.127968 0 
1706 8.122738 0 
1707 8.106150 0 
1708 8.090448 0 
1710 8.081976 0 
1712 8.144688 0 
1713 8.127163 0 
1714 8.116452 0 
1716 8.130314 0 
1717 8.183212 0 
1718 8.175975 0 
1720 8.141140 0 
1721 8.183288 0 
1722 8.167305 0 
1723 8.150865 0 
1724 8.134567 0 
1725 8.118668 0 
1726 8.255808 0 
1727 8.375157 0 
1728 8.359493 0 
1729 8.343802 0 
1730 8.327008 0 
1731 8.310958 0 
1732 8.293728 0 
1733 8.389689 0 
1734 8.374255 0 
1735 8.499652 0 
1736 8.485081 0 
1737 8.511712 0 
1741 8.640030 0 
1742 8.623923 0 
1743 8.607658 0 
1744 8.854263 0 
1745 8.838341 0 
1747 8.805056 0 
1748 8.829305 0 
1749 8.928194 0 
1750 8.911967 0 
1751 8.895332 0 
1752 8.967051 0 
1753 8.949886 0 
1754 8.928274 0 
1755 8.909392 0 
1756 8.892021 0 
1757 9.026484 0 
1758 9.009074 0 
1761 9.116772 0 
1762 9.097227 0 
1764 9.239792 0 
1765 9.220548 0 
1766 9.204286 0 
1768 9.171884 0 
1769 9.155669 0 
1770 9.159270 0 
1771 9.252398 0 
1773 9.220261 0 
1774 9.352709 0 
1775 9.331028 0 
1776 9.623652 0 
1778 9.587831 0 
1779 9.879161 0 
1780 9.863326 0 
1781 9.846981 0 
1782 9.872995 0 
1783 9.856573 0 
1785 9.823554 0 
1788 9.898383 0 
1789 9.882252 0 
1790 9.865726 0 
1792 10.164044 0 
1793 10.147143 0 
1797 10.208098 0 
1800 10.305027 0 
1801 10.288514 0 
1802 10.271968 0 
1803 10.255482 0 
1804 10.306038 0 
1805 10.290097 0 
1806 10.273902 0 
1807 10.255169 0 
1886 8.950071 0 
1887 9.016745 0 
1888 9.000723 0 
1889 8.984313 0 
1890 8.967009 0 
1891 8.956591 0 
1892 8.939945 0 
1894 9.119549 0 
1896 9.090107 0 
1897 9.073812 0 
1898 9.057558 0 
1899 9.104335 0 
1902 9.186383 0 
1904 9.153696 0 
1905 9.137321 0 
1906 9.121594 0 
1907 9.102127 0 
1909 9.096173 0 
1911 9.138086 0 
1912 9.118738 0 
1913 9.102478 0 
1917 9.152574 0 
1919 9.120575 0 
1920 9.187126 0 
1921 9.170936 0 
1922 9.154618 0 
1923 9.135298 0 
1924 9.224735 0 
1925 9.207971 0 
1926 9.265869 0 
1927 9.247791 0 
1928 9.232118 0 
1930 9.276237 0 
1931 9.259990 0 
1932 9.243493 0 
1933 9.298981 0 
1934 9.282909 0 
1935 9.301344 0 
1936 9.372746 0 
1938 9.339588 0 
1939 9.324249 0 
1940 9.308132 0 
1941 9.292042 0 
1942 9.273539 0 
1943 9.258032 0 
1944 9.407401 0 
1946 9.374638 0 
1947 9.358662 0 
1948 9.342650 0 
1949 9.327038 0 
1950 9.311060 0 
1951 9.294911 0 
1952 9.278932 0 
1953 9.261904 0 
1954 9.245656 0 
1955 9.295124 0 
1956 9.278870 0 
1957 9.262185 0 
1959 9.282725 0 
1960 9.266369 0 
1961 9.250671 0 
1962 9.494397 0 
1963 9.478006 0 
1964 9.462075 0 
1965 9.492177 0 
1967 9.459029 0 
1968 9.442222 0 
1969 9.426367 0 
1970 9.488661 0 
1972 9.450186 0 
1973 9.611096 0 
1974 9.593006 0 
1975 9.576162 0 
1977 9.584380 0 
1978 9.807300 0 
1980 9.798212 0 
1981 9.833354 0 
1984 9.866624 0 
1986 9.947142 0 
1987 9.986975 0 
1988 9.978395 0 
1989 9.979124 0 
1990 9.963353 0 
1991 9.944711 0 
1992 9.924630 0 
1994 9.888714 0 
1995 9.873215 0 
1996 9.853404 0 
1997 9.836673 0 
1998 9.888108 0 
1999 9.882697 0 
2000 9.877290 0 
2001 9.862491 0 
2002 10.037592 0 
2003 10.021362 0 
2006 10.015027 0 
2007 9.998391 0 
2008 9.993578 0 
2009 10.019707 0 
2010 10.134033 0 
2011 10.117893 0 
2012 10.099568 0 
2013 10.084174 0 
2014 10.067827 0 
2015 10.048091 0 
2016 10.044369 0 
2017 10.028042 0 
2018 10.064515 0 
2019 10.048657 0 
2021 10.016320 0 
2022 10.034717 0 
2023 10.019211 0 
2024 10.012223 0 
2025 9.996003 0 
2026 9.979581 0 
2027 9.963480 0 
2028 9.996030 0 
2030 9.986654 0 
2031 9.971185 0 
2032 9.954973 0 
2033 9.938687 0 
2035 9.905474 0 
2037 9.872653 0 
2038 9.867018 0 
2039 9.908118 0 
2040 9.891823 0 
2043 9.865550 0 
2044 9.849285 0 
2045 9.832775 0 
2046 9.842885 0 
2047 9.826682 0 
2048 9.810397 0 
2049 9.794329 0 
2050 9.806711 0 
2051 9.787817 0 
2052 9.771936 0 
2053 9.756037 0 
2054 9.732248 0 
2056 9.719051 0 
2058 9.687393 0 
2059 9.692173 0 
2060 9.676200 0 
2061 9.659807 0 
2062 9.644161 0 
2063 9.640284 0 
2064 9.622692 0 
2066 9.638597 0 
2067 9.680199 0 
2068 9.661637 0 
2069 9.645060 0 
2070 9.628755 0 
2072 9.652668 0 
2073 9.659151 0 
2074 9.636612 0 
2075 9.620459 0 
2076 9.638790 0 
2077 9.622754 0 
2078 9.652353 0 
2079 9.635991 0 
2080 9.620045 0 
2082 9.611089 0 
2083 9.722237 0 
2084 9.706578 0 
2085 9.685344 0 
2086 9.668778 0 
2087 9.652705 0 
2088 9.654419 0 
2089 9.638404 0 
2090 9.619038 0 
2091 9.657659 0 
2093 9.690150 0 
2095 9.658272 0 
2096 9.715160 0 
2100 9.642604 0 
2101 9.626925 0 
2103 9.634617 0 
2104 9.630545 0 
2105 9.646266 0 
2106 9.629981 0 
2108 9.701074 0 
2110 9.768898 0 
2111 9.752920 0 
2112 9.736674 0 
2114 9.785573 0 
2115 9.769243 0 
2116 9.752737 0 
2118 9.719890 0 
2119 9.701439 0 
2120 9.685431 0 
2121 9.669865 0 
2122 9.653655 0 
2123 9.671296 0 
2125 9.760396 0 
2126 9.783170 0 
2127 9.768654 0 
2128 9.751962 0 
2130 9.838334 0 
2131 9.828587 0 
2132 9.812464 0 
2133 9.796590 0 
2135 9.825569 0 
2137 9.792546 0 
2138 9.873792 0 
2139 9.857434 0 
2140 9.841196 0 
2141 9.948069 0 
2142 9.926043 0 
2143 9.910112 0 
2145 9.874972 0 
2146 9.936095 0 
2147 9.920824 0 
2148 9.904885 0 
2149 9.888799 0 
2150 9.898422 0 
2151 9.882713 0 
2152 9.866362 0 
2153 9.850507 0 
2154 9.839170 0 
2155 9.824142 0 
2156 9.827188 0 
2158 9.842600 0 
2159 9.826744 0 
2160 9.825207 0 
2161 9.810670 0 
2162 9.794908 0 
2163 9.836592 0 
2164 9.820396 0 
2166 9.787790 0 
2167 9.939804 0 
2168 9.923501 0 
2169 9.906920 0 
2171 9.874298 0 
2172 10.040610 0 
2173 10.024283 0 
2174 10.008208 0 
2176 10.065601 0 
2414 6.038486 0 
2415 6.039289 0 
2416 6.020872 0 
2417 6.075378 0 
2419 6.042006 0 
2420 6.104796 0 
2421 6.089321 0 
2422 6.072941 0 
2423 6.108575 0 
2424 6.176137 0 
2425 6.160330 0 
2426 6.144240 0 
2430 6.151711 0 
2431 6.135837 0 
2436 6.337842 0 
2437 6.559314 0 
2438 6.590662 0 
2442 6.683041 0 
2443 6.666882 0 
2444 6.650618 0 
2448 6.831572 0 
2449 6.816035 0 
2450 6.798293 0 
2451 6.774102 0 
2452 6.758138 0 
2456 6.946698 0 
2457 6.931019 0 
2459 6.898945 0 
2460 6.884636 0 
2461 6.867799 0 
2462 6.924652 0 
2464 6.892589 0 
2465 6.872604 0 
2467 7.069076 0 
2468 7.062715 0 
2469 7.047618 0 
2470 7.086672 0 
2471 7.148086 0 
2472 7.131605 0 
2473 7.115301 0 
2474 7.098953 0 
2475 7.082818 0 
2476 7.063000 0 
2478 7.076163 0 
2480 7.132070 0 
2481 7.116241 0 
2482 7.099113 0 
2483 7.084513 0 
2484 7.240665 0 
2485 7.224278 0 
2486 7.207884 0 
2487 7.227166 0 
2488 7.276187 0 
2489 7.259819 0 
2491 7.243837 0 
2493 7.211112 0 
2494 7.234579 0 
2495 7.244866 0 
2499 7.233019 0 
2501 7.302477 0 
2502 7.317241 0 
2503 7.300405 0 
2504 7.284947 0 
2506 7.250751 0 
2508 7.218247 0 
2509 7.201503 0 
2510 7.185433 0 
2512 7.147225 0 
2514 7.280433 0 
2516 7.269522 0 
2517 7.276642 0 
2518 7.260474 0 
2519 7.244194 0 
2520 7.277016 0 
2521 7.256988 0 
2522 7.260551 0 
2523 7.244203 0 
2524 7.259834 0 
2525 7.243534 0 
2526 7.227410 0 
2527 7.210706 0 
2528 7.194589 0 
2529 7.276490 0 
2530 7.261289 0 
2533 7.334244 0 
2535 7.382097 0 
2536 7.365427 0 
2537 7.349539 0 
2538 7.333388 0 
2539 7.511480 0 
2540 7.495002 0 
2541 7.479342 0 
2543 7.479013 0 
2544 7.462789 0 
2545 7.491911 0 
2546 7.516382 0 
2547 7.500834 0 
2548 7.485096 0 
2549 7.468719 0 
2550 7.452501 0 
2551 7.444966 0 
2552 7.502728 0 
2553 7.486409 0 
2554 7.463200 0 
2556 7.517860 0 
2557 7.500504 0 
2558 7.559848 0 
2560 7.782840 0 
2561 7.794081 0 
2562 7.778051 0 
2564 7.743477 0 
2565 7.747949 0 
2566 7.927825 0 
2567 7.951028 0 
2569 7.911174 0 
2570 7.894854 0 
2571 7.879079 0 
2572 7.862841 0 
2574 7.979867 0 
2575 8.002290 0 
2577 8.046693 0 
2578 8.078355 0 
2579 8.061476 0 
2581 8.027255 0 
2582 8.183690 0 
2583 8.167976 0 
2584 8.151995 0 
2585 8.136136 0 
2586 8.119848 0 
2587 8.103699 0 
2588 8.135644 0 
2589 8.119630 0 
2591 8.117123 0 
2592 8.100996 0 
2593 8.085028 0 
2594 8.155313 0 
2595 8.138876 0 
2596 8.122644 0 
2597 8.149781 0 
2598 8.133776 0 
2599 8.117434 0 
2600 8.102716 0 
2601 8.085901 0 
2602 8.067495 0 
2603 8.053339 0 
2604 8.119619 0 
2605 8.103697 0 
2606 8.087537 0 
2607 8.070310 0 
2608 8.053998 0 
2609 8.037386 0 
2610 8.021417 0 
2611 8.004564 0 
2612 7.988501 0 
2613 7.976239 0 
2614 7.960022 0 
2615 7.943364 0 
2616 7.927387 0 
2618 7.959682 0 
2619 8.029470 0 
2620 8.103980 0 
2621 8.088138 0 
2622 8.072327 0 
2623 8.050462 0 
2624 8.034100 0 
2625 8.048308 0 
2627 8.090482 0 
2628 8.092053 0 
2629 8.075041 0 
2630 8.059061 0 
2632 8.026387 0 
2634 8.119937 0 
2635 8.200713 0 
2637 8.288934 0 
2640 8.286467 0 
2641 8.274945 0 
2642 8.258907 0 
2643 8.303767 0 
2644 8.287653 0 
2645 8.263612 0 
2646 8.248162 0 
2647 8.243419 0 
2648 8.228277 0 
2649 8.211696 0 
2650 8.195608 0 
2653 8.383995 0 
2655 8.367977 0 
2656 8.387839 0 
2659 8.494650 0 
2661 8.458879 0 
2663 8.426904 0 
2664 8.490248 0 
2665 8.717572 0 
2666 8.700351 0 
2667 8.684869 0 
2669 8.822125 0 
2670 8.805289 0 
2672 8.848581 0 
2673 8.829584 0 
2674 8.812479 0 
2675 8.857961 0 
2676 8.836200 0 
2680 8.926941 0 
2681 8.948147 0 
2682 8.929302 0 
2683 8.913165 0 
2684 8.896826 0 
2685 8.931784 0 
2686 8.912973 0 
2687 8.896678 0 
2688 8.880627 0 
2690 8.865894 0 
2692 8.854829 0 
2693 8.838858 0 
2695 8.855996 0 
2696 8.840079 0 
2697 8.865770 0 
2698 8.844522 0 
2700 8.939945 0 
2766 7.829371 0 
2768 7.814786 0 
2769 7.798210 0 
2770 7.781878 0 
2771 7.863305 0 
2773 7.830898 0 
2774 7.814696 0 
2775 7.805468 0 
2776 7.882566 0 
2777 7.866674 0 
2778 7.849509 0 
2780 7.816992 0 
2781 7.794276 0 
2782 7.783133 0 
2783 7.786815 0 
2784 7.770738 0 
2785 7.754484 0 
2786 7.855814 0 
2787 7.836941 0 
2788 7.821006 0 
2790 7.788618 0 
2791 7.836293 0 
2792 7.915888 0 
2794 7.962463 0 
2795 7.991008 0 
2796 8.019619 0 
2797 8.003252 0 
2798 7.980897 0 
2799 7.979257 0 
2800 7.971873 0 
2801 7.955531 0 
2802 7.992130 0 
2803 8.046988 0 
2804 8.030093 0 
2805 8.041865 0 
2806 8.081539 0 
2807 8.065202 0 
2808 8.049391 0 
2809 8.025317 0 
2810 8.068958 0 
2811 8.149463 0 
2812 8.132495 0 
2813 8.156008 0 
2814 8.180413 0 
2815 8.260253 0 
2817 8.284468 0 
2818 8.268342 0 
2819 8.253381 0 
2820 8.255186 0 
2821 8.239075 0 
2822 8.240416 0 
2823 8.304359 0 
2824 8.287554 0 
2826 8.259879 0 
2827 8.277574 0 
2828 8.261415 0 
2829 8.245366 0 
2831 8.206533 0 
2833 8.238850 0 
2835 8.430787 0 
2836 8.459851 0 
2839 8.484353 0 
2840 8.562229 0 
2841 8.560300 0 
2842 8.544348 0 
2843 8.542506 0 
2844 8.526305 0 
2845 8.511353 0 
2846 8.514685 0 
2847 8.497805 0 
2848 8.482262 0 
2849 8.466132 0 
2850 8.449942 0 
2852 8.536717 0 
2854 8.550653 0 
2855 8.534887 0 
2856 8.518584 0 
2857 8.502549 0 
2858 8.543493 0 
2859 8.526384 0 
2860 8.510659 0 
2862 8.513677 0 
2863 8.498793 0 
2864 8.482432 0 
2865 8.588131 0 
2866 8.571610 0 
2867 8.555131 0 
2868 8.539596 0 
2869 8.523512 0 
2870 8.507259 0 
2871 8.490330 0 
2872 8.469827 0 
2873 8.491794 0 
2875 8.582963 0 
2876 8.566644 0 
2880 8.658180 0 
2881 8.650090 0 
2882 8.632870 0 
2886 8.660664 0 
2889 8.828059 0 
2892 8.923708 0 
2893 8.959731 0 
2894 8.943701 0 
2895 8.921826 0 
2896 8.905900 0 
2899 8.935138 0 
2900 8.918759 0 
2901 8.903486 0 
2902 8.887252 0 
2904 8.927963 0 
2906 9.013530 0 
2907 8.996303 0 
2908 8.980025 0 
2910 8.947906 0 
2911 8.949057 0 
2912 8.933166 0 
2914 8.895890 0 
2915 8.879970 0 
2916 8.863656 0 
2917 8.905006 0 
2918 8.887327 0 
2919 8.871278 0 
2920 8.862042 0 
2921 8.853264 0 
2922 8.837104 0 
2923 8.843415 0 
2924 8.916140 0 
2926 8.883642 0 
2927 8.872132 0 
2928 8.906364 0 
2930 8.888408 0 
2931 8.991707 0 
2934 9.054184 0 
2935 9.089104 0 
2936 9.072639 0 
2937 9.055429 0 
2938 9.133029 0 
2939 9.143105 0 
2941 9.110820 0 
2942 9.118285 0 
2943 9.102046 0 
2944 9.124902 0 
2945 9.183636 0 
2946 9.234165 0 
2947 9.211742 0 
2948 9.217689 0 
2949 9.201303 0 
2950 9.185409 0 
2951 9.265554 0 
2952 9.248560 0 
2954 9.216150 0 
2955 9.233935 0 
2956 9.217650 0 
2957 9.211427 0 
2958 9.195563 0 
2960 9.295369 0 
2962 9.259706 0 
2963 9.242958 0 
2964 9.227023 0 
2965 9.210695 0 
2967 9.177371 0 
2968 9.165535 0 
2969 9.156264 0 
2970 9.140015 0 
2972 9.107064 0 
2973 9.178483 0 
2974 9.156477 0 
2975 9.140062 0 
2976 9.131407 0 
2977 9.126869 0 
2979 9.093017 0 
2980 9.118563 0 
2982 9.218127 0 
2983 9.195437 0 
2984 9.179466 0 
2987 9.213238 0 
2989 9.224030 0 
2992 9.336143 0 
2993 9.327859 0 
2994 9.311656 0 
2995 9.295482 0 
2996 9.279118 0 
2997 9.302993 0 
2998 9.474477 0 
3000 9.442189 0 
3001 9.470611 0 
3002 9.454895 0 
3003 9.438940 0 
3004 9.422746 0 
3005 9.406307 0 
3007 9.555276 0 
3008 9.537573 0 
3009 9.520662 0 
3010 9.504422 0 
3011 9.488095 0 
3013 9.720366 0 
3014 9.704381 0 
3016 9.681906 0 
3019 9.868294 0 
3020 9.967055 0 
3021 9.950448 0 
3022 10.095714 0 
3023 10.072578 0 
3026 10.023660 0 
3027 10.007903 0 
3028 9.991761 0 
3030 9.957462 0 
3032 9.918353 0 
3033 9.901609 0 
3035 10.072500 0 
3038 10.088912 0 
3039 10.097180 0 
3040 10.094268 0 
3041 10.086650 0 
3042 10.069002 0 
3043 10.064892 0 
3044 10.048724 0 
3045 10.029132 0 
3047 10.136191 0 
3049 10.171855 0 
3051 10.137883 0 
3218 7.386209 0 
3219 7.369838 0 
3220 7.355356 0 
3221 7.340850 0 
3222 7.380626 0 
3224 7.403989 0 
3225 7.387702 0 
3226 7.368483 0 
3227 7.351874 0 
3229 7.318948 0 
3231 7.329114 0 
3232 7.446948 0 
3234 7.691944 0 
3237 7.738523 0 
3238 7.757721 0 
3239 7.740770 0 
3240 7.725335 0 
3241 7.709164 0 
3242 7.692718 0 
3243 7.676557 0 
3244 7.660633 0 
3245 7.644753 0 
3246 7.681244 0 
3247 7.665091 0 
3248 7.648953 0 
3250 7.669370 0 
3252 7.756208 0 
3256 7.709274 0 
3257 7.686519 0 
3258 7.687086 0 
3260 7.654955 0 
3261 7.636892 0 
3262 7.693731 0 
3264 7.745376 0 
3269 7.845562 0 
3270 7.829271 0 
3271 7.812782 0 
3272 7.796546 0 
3273 7.839828 0 
3274 7.896366 0 
3276 7.917460 0 
3277 8.040544 0 
3278 8.071505 0 
3279 8.055438 0 
3280 8.039490 0 
3282 8.161946 0 
3283 8.145989 0 
3284 8.129268 0 
3285 8.183164 0 
3287 8.150141 0 
3289 8.116072 0 
3290 8.099779 0 
3291 8.082970 0 
3292 8.114483 0 
3293 8.156280 0 
3294 8.140784 0 
3295 8.214402 0 
3297 8.182207 0 
3298 8.165826 0 
3299 8.149739 0 
3300 8.132996 0 
3304 8.155909 0 
3305 8.139678 0 
3306 8.153963 0 
3308 8.126189 0 
3309 8.152544 0 
3314 8.261246 0 
3316 8.337088 0 
3317 8.320965 0 
3318 8.305305 0 
3319 8.286071 0 
3320 8.272930 0 
3321 8.317558 0 
3322 8.403541 0 
3323 8.387680 0 
3324 8.371929 0 
3325 8.355621 0 
3326 8.398736 0 
3327 8.420253 0 
3328 8.403641 0 
3329 8.387217 0 
3332 8.597219 0 
3333 8.580735 0 
3334 8.564557 0 
3335 8.547699 0 
3336 8.558676 0 
3337 8.542346 0 
3339 8.510110 0 
3340 8.498390 0 
3341 8.536331 0 
3342 8.549494 0 
3343 8.533341 0 
3344 8.517357 0 
3345 8.740419 0 
3346 8.724229 0 
3347 8.707437 0 
3348 8.692586 0 
3349 8.676502 0 
3350 8.660371 0 
3353 8.754942 0 
3355 8.802165 0 
3356 8.786514 0 
3357 8.817101 0 
3361 8.937445 0 
3362 8.920928 0 
3363 8.904735 0 
3365 8.872270 0 
3366 8.899170 0 
3367 8.883145 0 
3368 8.958039 0 
3370 8.925412 0 
3371 8.970455 0 
3372 8.953716 0 
3373 8.937526 0 
3374 8.921831 0 
3378 9.210810 0 
3379 9.195920 0 
3380 9.179586 0 
3381 9.186584 0 
3382 9.170329 0 
3383 9.302788 0 
3384 9.286490 0 
3385 9.269751 0 
3387 9.237803 0 
3388 9.221884 0 
3389 9.204545 0 
3390 9.188395 0 
3391 9.363518 0 
3392 9.347085 0 
3393 9.330934 0 
3394 9.356333 0 
3395 9.341671 0 
3396 9.325569 0 
3398 9.343709 0 
3399 9.328153 0 
3400 9.328527 0 
3401 9.312284 0 
3402 9.320174 0 
3403 9.304080 0 
3404 9.287901 0 
3405 9.356947 0 
3406 9.340770 0 
3407 9.321335 0 
3408 9.304134 0 
3409 9.287826 0 
3410 9.269403 0 
3411 9.253255 0 
3412 9.237191 0 
3414 9.319214 0 
3415 9.304151 0 
3416 9.327765 0 
3417 9.463630 0 
3418 9.447836 0 
3419 9.425123 0 
3420 9.436548 0 
3421 9.462657 0 
3424 9.554737 0 
3425 9.539018 0 
3426 9.522861 0 
3428 9.486236 0 
3430 9.453180 0 
3431 9.527824 0 
3432 9.713799 0 
3433 9.697500 0 
3437 9.725822 0 
3438 9.808106 0 
3439 9.788967 0 
3440 9.773023 0 
3441 9.757029 0 
3442 9.772504 0 
3443 9.773384 0 
3444 9.809390 0 
3446 9.889533 0 
3447 9.873592 0 
3449 9.851490 0 
3451 9.866339 0 
3452 9.925594 0 
3453 9.910766 0 
3454 9.893166 0 
3455 9.873140 0 
3456 9.856537 0 
3457 9.969239 0 
3459 9.933958 0 
3460 9.918359 0 
3461 9.901193 0 
3462 9.935805 0 
3463 9.919336 0 
3464 9.975431 0 
3465 9.961845 0 
3469 10.044427 0 
3472 10.085813 0 
3473 10.069890 0 
3475 10.037597 0 
3476 10.021562 0 
3479 10.278453 0 
3480 10.262424 0 
3481 10.333876 0 
3482 10.317955 0 
3483 10.301825 0 
3484 10.286795 0 
3486 10.265517 0 
3488 10.328658 0 
3489 10.311895 0 
3490 10.352028 0 
3491 10.335592 0 
3492 10.313385 0 
3493 10.298823 0 
3496 10.371989 0 
3497 10.355910 0 
3498 10.339711 0 
3499 10.323571 0 
3501 10.329019 0 
3503 10.364459 0 
3504 10.382115 0 
3652 7.851320 0 
3653 7.835217 0 
3654 7.929277 0 
3655 7.910043 0 
3656 7.966551 0 
3658 7.932610 0 
3660 8.050736 0 
3666 8.211149 0 
3667 8.283125 0 
3668 8.266672 0 
3669 8.306853 0 
3672 8.589644 0 
3674 8.660751 0 
3675 8.668657 0 
3676 8.754138 0 
3677 8.732090 0 
3678 8.715812 0 
3679 8.750806 0 
3680 8.734517 0 
3681 8.718197 0 
3682 8.753833 0 
3683 8.736881 0 
3687 8.839051 0 
3688 8.820708 0 
3689 8.805935 0 
3690 8.994483 0 
3691 8.978499 0 
3692 8.993689 0 
3693 8.977621 0 
3695 8.944734 0 
3696 8.927293 0 
3697 8.911251 0 
3698 8.924617 0 
3700 8.903702 0 
3702 9.038406 0 
3703 9.020815 0 
3704 9.004308 0 
3706 8.970483 0 
3707 8.955348 0 
3708 8.939231 0 
3710 8.907071 0 
3711 8.955779 0 
3712 8.939654 0 
3713 8.913894 0 
3714 8.897529 0 
3715 8.915765 0 
3716 8.987021 0 
3717 8.990892 0 
3718 8.973995 0 
3720 9.093261 0 
3721 9.098063 0 
3722 9.097931 0 
3723 9.156660 0 
3724 9.135065 0 
3725 9.120200 0 
3726 9.104126 0 
3727 9.087735 0 
3729 9.085731 0 
3730 9.070100 0 
3731 9.053813 0 
3732 9.037454 0 
3733 9.055341 0 
3734 9.038337 0 
3735 9.021671 0 
3737 9.001961 0 
3738 8.985467 0 
3739 8.996056 0 
3740 8.977116 0 
3741 8.982117 0 
3742 8.965166 0 
3743 9.028815 0 
3744 9.005117 0 
3745 9.094433 0 
3746 9.080730 0 
3751 9.216949 0 
3758 9.312860 0 
3759 9.296808 0 
3760 9.281580 0 
3761 9.397245 0 
3763 9.365187 0 
3768 9.445920 0 
3769 9.429996 0 
3770 9.516483 0 
3771 9.500418 0 
3772 9.594207 0 
3773 9.578257 0 
3775 9.734646 0 
3776 9.719037 0 
3777 9.776758 0 
3778 9.784795 0 
3779 9.768960 0 
3780 9.752775 0 
3781 9.955464 0 
3782 9.939607 0 
3783 9.960342 0 
3786 9.950889 0 
3787 9.975031 0 
3788 9.958691 0 
3789 10.047541 0 
3790 10.031168 0 
3791 10.014514 0 
3792 10.051985 0 
3793 10.035349 0 
3794 10.018520 0 
3795 10.001353 0 
3796 9.985196 0 
3797 9.966618 0 
3798 9.950697 0 
3799 9.934936 0 
3800 9.918183 0 
3801 9.946971 0 
3804 10.141546 0 
3805 10.125669 0 
3806 10.109735 0 
3807 10.093408 0 
3808 10.076918 0 
3809 10.059927 0 
3814 10.095912 0 
3815 10.080096 0 
3816 10.056480 0 
3817 10.040734 0 
3818 10.068051 0 
3819 10.051986 0 
3821 10.026354 0 
3822 10.100817 0 
3823 10.084966 0 
3824 10.068805 0 
3826 10.030079 0 
3828 9.997641 0 
3829 9.981974 0 
3830 10.075081 0 
3831 10.149281 0 
3834 10.101108 0 
3837 10.081017 0 
3838 10.114100 0 
3840 10.227740 0 
3841 10.211699 0 
3842 10.192635 0 
3843 10.175937 0 
3844 10.159469 0 
3845 10.143312 0 
3847 10.109968 0 
3849 10.077972 0 
3850 10.061454 0 
3851 10.116295 0 
3852 10.100122 0 
3853 10.140415 0 
3854 10.137153 0 
3855 10.132881 0 
3857 10.100585 0 
3858 10.084236 0 
3859 10.067852 0 
3860 10.051147 0 
3861 10.045112 0 
3862 10.026012 0 
3863 10.009453 0 
3864 9.992972 0 
3865 10.062949 0 
3866 10.043522 0 
3867 10.026542 0 
3868 10.010957 0 
3869 9.992071 0 
3870 9.976150 0 
3871 9.963886 0 
3873 10.017424 0 
3875 10.225965 0 
3876 10.217600 0 
3878 10.229559 0 
3879 10.213343 0 
3880 10.197238 0 
3881 10.190353 0 
3882 10.167082 0 
3884 10.145675 0 
3886 10.113506 0 
3887 10.104702 0 
3888 10.091557 0 
3889 10.075004 0 
3890 10.059143 0 
3891 10.106149 0 
3892 10.090125 0 
3894 10.057235 0 
3895 10.041628 0 
3896 10.025331 0 
3897 10.009007 0 
3899 9.994467 0 
3901 9.957748 0 
3902 9.935704 0 
3903 9.915767 0 
3905 9.987161 0 
3906 9.970878 0 
3907 9.954394 0 
3909 10.005121 0 
3910 9.988760 0 
3911 9.972854 0 
3912 9.956957 0 
3913 9.937958 0 
3914 9.923169 0 
3915 9.969620 0 
3916 10.014864 0 
3917 9.998318 0 
3918 9.982298 0 
3919 10.026793 0 
3920 10.010559 0 
3921 9.994513 0 
3922 9.977543 0 
3923 10.003353 0 
3924 9.987290 0 
3925 9.971640 0 
3926 9.954706 0 
3928 9.922062 0 
3929 9.902871 0 
3930 9.883388 0 
3931 9.866976 0 
3932 9.854887 0 
3933 9.838671 0 
3934 9.826141 0 
3936 9.802564 0 
3937 9.785889 0 
3938 9.769782 0 
3939 9.798255 0 
3940 9.781517 0 
4106 6.934861 0 
4108 6.909531 0 
4109 6.893720 0 
4110 6.901364 0 
4111 6.885443 0 
4112 6.869275 0 
4113 6.845338 0 
4114 6.828701 0 
4115 6.862129 0 
4116 6.846038 0 
4117 6.880154 0 
4118 6.913053 0 
4120 6.903898 0 
4122 7.010424 0 
4123 6.994452 0 
4124 7.047033 0 
4125 7.101283 0 
4127 7.093339 0 
4128 7.146654 0 
4129 7.147481 0 
4130 7.131256 0 
4132 7.359681 0 
4133 7.343391 0 
4135 7.310999 0 
4136 7.296989 0 
4137 7.348321 0 
4138 7.330259 0 
4139 7.314415 0 
4140 7.298625 0 
4141 7.333350 0 
4142 7.317302 0 
4143 7.396578 0 
4148 7.655966 0 
4149 7.664861 0 
4150 7.648873 0 
4151 7.688288 0 
4152 7.671916 0 
4153 7.656227 0 
4154 7.640052 0 
4156 7.607839 0 
4157 7.599111 0 
4159 7.644374 0 
4161 7.609540 0 
4162 7.590754 0 
4163 7.572398 0 
4164 7.777512 0 
4166 7.744818 0 
4167 7.729134 0 
4168 7.713251 0 
4169 7.767706 0 
4170 7.774645 0 
4171 7.758493 0 
4175 7.804400 0 
4176 7.835284 0 
4177 7.819621 0 
4178 7.803659 0 
4179 7.833149 0 
4180 7.817106 0 
4181 7.800560 0 
4183 7.768431 0 
4184 7.797771 0 
4185 7.808296 0 
4186 7.792372 0 
4187 7.776166 0 
4188 7.824504 0 
4665 0.017994 1 
4666 0.011524 1 
4667 0.005565 1 
4189 8.113204 0 
4669 0.022488 1 
4670 0.011771 1 
4671 0.017295 1 
4672 0.010428 1 
4673 0.030586 1 
4674 0.012180 1 
4675 0.019173 1 
4676 0.017652 1 
4682 0.098276 1 
4683 0.082182 1 
4684 0.092011 1 
4685 0.075442 1 
4686 0.059652 1 
4687 0.067752 1 
4688 0.049577 1 
4690 0.034324 1 
4192 8.491786 0 
4193 8.474772 0 
4194 8.460652 0 
4195 8.445020 0 
4196 8.429886 0 
4197 8.409723 0 
4691 0.064543 1 
4692 0.048990 1 
4693 0.032758 1 
4198 8.422232 0 
4199 8.404327 0 
4200 8.387635 0 
4695 0.013367 1 
4697 0.025635 1 
4698 0.021130 1 
4699 0.026938 1 
4204 8.415186 0 
4208 8.461153 0 
4210 8.429119 0 
4211 8.419742 0 
4212 8.403704 0 
4701 0.166864 1 
4705 0.133489 1 
4706 0.113647 1 
4707 0.097286 1 
4708 0.081047 1 
4709 0.064513 1 
4710 0.048430 1 
4711 0.032368 1 
4712 0.016112 1 
4213 8.486326 0 
4214 8.470039 0 
4215 8.453856 0 
4713 0.035396 1 
4714 0.055129 1 
4715 0.038649 1 
4716 0.039046 1 
4717 0.051701 1 
4718 0.053949 1 
4719 0.029545 1 
4216 8.553028 0 
4217 8.536604 0 
4720 0.026569 1 
4721 0.021558 1 
4722 0.023956 1 
4219 8.557323 0 
4724 0.049453 1 
4725 0.033293 1 
4220 8.608442 0 
4221 8.592323 0 
4222 8.576169 0 
4224 8.542716 0 
4226 8.504507 0 
4227 8.513809 0 
4726 0.089200 1 
4727 0.072665 1 
4728 0.056057 1 
4729 0.060214 1 
4730 0.044057 1 
4732 0.038119 1 
4733 0.022053 1 
4734 0.030593 1 
4735 0.014394 1 
4736 0.013644 1 
4737 0.012297 1 
4738 0.012985 1 
4739 0.013040 1 
4740 0.015625 1 
4741 0.010240 1 
4742 0.016980 1 
4743 0.016683 1 
4745 0.012082 1 
4746 0.024541 1 
4747 0.012181 1 
4748 0.020075 1 
4749 0.016477 1 
4233 8.743292 0 
4234 8.727923 0 
4235 8.709607 0 
4236 8.693377 0 
4750 0.008148 1 
4751 0.013494 1 
4753 0.021251 1 
4754 0.016303 1 
4755 0.021501 1 
4237 8.796131 0 
4756 0.020961 1 
4238 8.805914 0 
4758 0.019068 1 
4239 8.801149 0 
4240 8.784961 0 
4241 8.769073 0 
4242 8.754575 0 
4759 0.014137 1 
4243 8.770213 0 
4245 8.738031 0 
4760 0.024842 1 
4247 8.720244 0 
4248 8.704211 0 
4249 8.687131 0 
4761 0.049305 1 
4250 8.700606 0 
4251 8.684102 0 
4252 8.667751 0 
4253 8.651539 0 
4255 8.619769 0 
4763 0.029758 1 
4764 0.019728 1 
4256 8.628175 0 
4257 8.612128 0 
4258 8.596389 0 
4765 0.023333 1 
4766 0.019460 1 
4767 0.028583 1 
4768 0.017781 1 
4259 8.718883 0 
4260 8.764609 0 
4261 8.747413 0 
4262 8.729874 0 
4770 0.159903 1 
4773 0.159144 1 
4774 0.143181 1 
4775 0.126512 1 
4776 0.110425 1 
4777 0.094218 1 
4778 0.078039 1 
4780 0.041967 1 
4781 0.041946 1 
4782 0.025422 1 
4263 8.809152 0 
4264 8.792802 0 
4783 0.034558 1 
4265 8.814408 0 
4266 8.799008 0 
4784 0.062889 1 
4785 0.046728 1 
4786 0.030257 1 
4267 8.818704 0 
4268 8.802166 0 
4787 0.027064 1 
4788 0.026909 1 
4789 0.046942 1 
4790 0.053767 1 
4791 0.037600 1 
4792 0.024158 1 
4269 8.881707 0 
4271 8.849755 0 
4793 0.022042 1 
4794 0.035046 1 
4795 0.020900 1 
4796 0.021610 1 
4272 8.901331 0 
4273 8.885104 0 
4274 8.868928 0 
4275 8.849818 0 
4276 8.833116 0 
4277 8.817052 0 
4278 8.799946 0 
4279 8.783858 0 
4280 8.767309 0 
4797 0.018563 1 
4798 0.013483 1 
4799 0.011299 1 
4800 0.015960 1 
4801 0.010888 1 
4802 0.015562 1 
4803 0.010896 1 
4804 0.014239 1 
4805 0.021919 1 
4807 0.005928 1 
4282 8.905141 0 
4284 8.872767 0 
4285 8.856793 0 
4286 8.839559 0 
4287 8.820624 0 
4808 0.018712 1 
4809 0.022119 1 
4810 0.024143 1 
4811 0.007909 1 
4288 8.876569 0 
4812 0.010412 1 
4813 0.012888 1 
4289 8.897644 0 
4290 8.881997 0 
4814 0.026477 1 
4292 8.871387 0 
4816 0.031541 1 
4817 0.043314 1 
4293 8.939121 0 
4821 0.015217 1 
4294 8.948203 0 
4295 8.932181 0 
4823 0.017227 1 
4824 0.032082 1 
4825 0.043792 1 
4826 0.028543 1 
4829 0.017281 1 
4830 0.017848 1 
4297 9.090727 0 
4299 9.058563 0 
4831 0.048589 1 
4832 0.032500 1 
4833 0.016232 1 
4834 0.016397 1 
4835 0.014369 1 
4836 0.014203 1 
4837 0.008523 1 
4838 0.021242 1 
4839 0.024069 1 
4840 0.011478 1 
4842 0.018125 1 
4844 0.043826 1 
4845 0.027811 1 
4846 0.028632 1 
4847 0.026289 1 
4848 0.016473 1 
4849 0.011160 1 
4850 0.040097 1 
4852 0.035540 1 
4853 0.019147 1 
4300 9.417850 0 
4854 0.036711 1 
4855 0.042458 1 
4856 0.026350 1 
4857 0.024328 1 
4301 9.449738 0 
4303 9.419394 0 
4858 0.041802 1 
4859 0.025666 1 
4860 0.033561 1 
4861 0.025250 1 
4862 0.035818 1 
4307 9.437040 0 
4308 9.417397 0 
4863 0.035420 1 
4864 0.040625 1 
4865 0.024685 1 
4866 0.041285 1 
4868 0.024638 1 
4309 9.487388 0 
4310 9.468259 0 
4311 9.452018 0 
4869 0.036135 1 
4870 0.019932 1 
4871 0.024929 1 
4872 0.023227 1 
4312 9.523194 0 
4313 9.507160 0 
4314 9.491111 0 
4873 0.053241 1 
4874 0.034111 1 
4875 0.045130 1 
4876 0.046727 1 
4877 0.028649 1 
4315 9.560078 0 
4316 9.543645 0 
4317 9.528049 0 
4879 0.025856 1 
4318 9.550266 0 
4319 9.533242 0 
4320 9.515505 0 
4881 0.018425 1 
4882 0.041901 1 
4883 0.025746 1 
4884 0.021170 1 
4885 0.047848 1 
4886 0.026345 1 
4887 0.026839 1 
4321 9.646022 0 
4322 9.629402 0 
4323 9.614295 0 
4324 9.598264 0 
4326 9.637589 0 
4327 9.621119 0 
4328 9.604800 0 
4329 9.588911 0 
4330 9.686574 0 
4890 0.256294 1 
4891 0.238491 1 
4892 0.221894 1 
4894 0.214282 1 
4896 0.210809 1 
4897 0.190969 1 
4898 0.173819 1 
4900 0.140004 1 
4901 0.123436 1 
4331 9.819851 0 
4332 9.803875 0 
4905 0.098368 1 
4906 0.081625 1 
4907 0.089663 1 
4908 0.073046 1 
4909 0.056303 1 
4910 0.040580 1 
4911 0.026516 1 
4912 0.053102 1 
4913 0.033310 1 
4914 0.034008 1 
4334 9.879152 0 
4335 9.869242 0 
4336 9.852429 0 
4337 9.856266 0 
4338 9.839192 0 
4339 9.822805 0 
4915 0.077545 1 
4916 0.061147 1 
4917 0.044245 1 
4918 0.057897 1 
4919 0.058164 1 
4920 0.042251 1 
4921 0.023228 1 
4923 0.052620 1 
4924 0.035177 1 
4340 9.942212 0 
4341 9.925934 0 
4925 0.042850 1 
4926 0.025131 1 
4927 0.044331 1 
4342 9.975271 0 
4343 9.959459 0 
4344 9.943012 0 
4345 9.927040 0 
4347 9.905804 0 
4928 0.063156 1 
4929 0.047503 1 
4931 0.020994 1 
4348 9.924072 0 
4349 9.908159 0 
4932 0.022233 1 
4350 9.893959 0 
4351 9.879030 0 
4933 0.025026 1 
4934 0.027861 1 
4935 0.016329 1 
4936 0.014648 1 
4937 0.040290 1 
4938 0.066748 1 
4352 10.005700 0 
4353 9.988050 0 
4355 9.955791 0 
4356 9.939603 0 
4939 0.086342 1 
4940 0.070284 1 
4941 0.054107 1 
4942 0.040019 1 
4357 9.983219 0 
4358 9.966522 0 
4360 9.933626 0 
4361 9.916849 0 
4362 9.899791 0 
4363 9.883146 0 
4365 9.846476 0 
4366 9.825973 0 
4944 0.041507 1 
4367 9.831474 0 
4945 0.044375 1 
4946 0.028302 1 
4947 0.033471 1 
4948 0.042618 1 
4949 0.055270 1 
4368 9.899696 0 
4369 9.883469 0 
4370 9.866980 0 
4372 9.828653 0 
4950 0.060396 1 
4952 0.045212 1 
4953 0.076831 1 
4373 9.922949 0 
4954 0.094696 1 
4955 0.078124 1 
4957 0.045474 1 
4958 0.051325 1 
4959 0.035167 1 
4960 0.036296 1 
4962 0.039353 1 
4963 0.037999 1 
4374 10.009792 0 
4375 9.993570 0 
4376 9.976140 0 
4964 0.117622 1 
4965 0.101795 1 
4966 0.085189 1 
4967 0.064477 1 
4969 0.082857 1 
4377 10.156319 0 
4970 0.233227 1 
4971 0.228860 1 
4972 0.212758 1 
4379 10.279463 0 
4380 10.263116 0 
4973 0.228432 1 
4974 0.213916 1 
4977 0.164672 1 
4979 0.144100 1 
4980 0.127934 1 
4981 0.111335 1 
4382 10.334088 0 
4383 10.333138 0 
4384 10.311776 0 
4982 0.216422 1 
4983 0.200345 1 
4984 0.184145 1 
4385 10.348904 0 
4386 10.329625 0 
4985 0.297881 1 
4986 0.281283 1 
4987 0.265294 1 
4988 0.248627 1 
4387 10.416525 0 
4388 10.400209 0 
4389 10.384023 0 
4989 0.236799 1 
4990 0.224557 1 
4991 0.217340 1 
4390 10.386023 0 
4391 10.370032 0 
4392 10.353676 0 
4393 10.357609 0 
4992 0.230754 1 
4394 10.362061 0 
4515 8.315802 0 
4993 0.224437 1 
4994 0.207944 1 
4995 0.190587 1 
4516 8.321073 0 
4996 0.194361 1 
4997 0.174129 1 
5000 0.122174 1 
5001 0.105722 1 
4517 8.326006 0 
4518 8.310736 0 
5002 0.112820 1 
5003 0.096753 1 
5004 0.106432 1 
5006 0.074243 1 
4519 8.331313 0 
4520 8.373814 0 
4521 8.372901 0 
5007 0.160529 1 
5008 0.144692 1 
5009 0.128396 1 
5010 0.112445 1 
5011 0.095233 1 
5012 0.088176 1 
5013 0.072248 1 
5015 0.068397 1 
5016 0.075680 1 
5017 0.059556 1 
4522 8.438628 0 
4523 8.422348 0 
5020 0.045425 1 
5022 0.022797 1 
4525 8.443776 0 
5023 0.103045 1 
4526 8.517810 0 
4527 8.502213 0 
4528 8.486346 0 
4529 8.470237 0 
4530 8.486373 0 
4531 8.470380 0 
5024 0.129588 1 
5025 0.113916 1 
5028 0.111216 1 
5029 0.094976 1 
4533 8.492987 0 
4534 8.476791 0 
4535 8.460481 0 
4536 8.444143 0 
5030 0.139611 1 
5031 0.123851 1 
5032 0.169501 1 
5033 0.153248 1 
5034 0.199168 1 
5035 0.214576 1 
5036 0.198323 1 
4539 8.604898 0 
4540 8.586827 0 
4541 8.570614 0 
4542 8.554432 0 
5037 0.188334 1 
4543 8.545290 0 
4544 8.554042 0 
4546 8.574697 0 
5038 0.257656 1 
5039 0.241627 1 
5041 0.208910 1 
4547 8.574581 0 
4548 8.558943 0 
5043 0.207243 1 
4549 8.569940 0 
4550 8.552969 0 
4551 8.532306 0 
4552 8.515923 0 
4554 8.483797 0 
5046 0.177569 1 
5047 0.161345 1 
5048 0.144785 1 
5052 0.132503 1 
5053 0.130707 1 
5054 0.114986 1 
5055 0.098474 1 
5056 0.082460 1 
4556 8.532558 0 
4557 8.516660 0 
4559 8.484246 0 
4560 8.467978 0 
4561 8.446540 0 
5057 0.089060 1 
5058 0.072929 1 
5059 0.069584 1 
5060 0.081150 1 
5061 0.063475 1 
4562 8.504142 0 
4564 8.472054 0 
4565 8.455580 0 
4566 8.439271 0 
4567 8.423434 0 
4568 8.407211 0 
4569 8.389200 0 
4571 8.358374 0 
4572 8.342242 0 
5062 0.112922 1 
5063 0.096540 1 
5064 0.080162 1 
5065 0.063137 1 
4573 8.392222 0 
4574 8.375732 0 
5067 0.100600 1 
4576 8.399856 0 
4577 8.383575 0 
4578 8.393212 0 
4579 8.376379 0 
5068 0.209401 1 
5069 0.191035 1 
5070 0.174289 1 
5071 0.157971 1 
5072 0.142105 1 
5073 0.125486 1 
5074 0.108124 1 
5075 0.091577 1 
4582 8.433952 0 
4583 8.417349 0 
5076 0.137418 1 
5078 0.105128 1 
5080 0.059773 1 
4584 8.484250 0 
4585 8.464278 0 
4586 8.483936 0 
4587 8.468150 0 
4588 8.450873 0 
5081 0.128412 1 
5082 0.112515 1 
5083 0.096245 1 
5084 0.091506 1 
5085 0.075488 1 
5086 0.074412 1 
5088 0.050122 1 
5089 0.073839 1 
5090 0.057581 1 
5091 0.049923 1 
5093 0.051167 1 
4589 8.590508 0 
5095 0.052108 1 
4592 8.577909 0 
4593 8.580215 0 
4594 8.563738 0 
4595 8.546655 0 
4596 8.530673 0 
5096 0.115238 1 
5097 0.099191 1 
5099 0.068089 1 
5100 0.077815 1 
5101 0.064749 1 
4597 8.574928 0 
4598 8.558911 0 
5103 0.047241 1 
4599 8.600359 0 
4600 8.583758 0 
4601 8.560384 0 
4602 8.543841 0 
4603 8.527668 0 
5104 0.154014 1 
5105 0.137467 1 
5106 0.121123 1 
5107 0.106360 1 
5108 0.136259 1 
5109 0.120003 1 
5110 0.107474 1 
5111 0.102262 1 
5112 0.085983 1 
5113 0.069638 1 
5114 0.093445 1 
5115 0.075390 1 
5116 0.058834 1 
4604 8.740143 0 
4605 8.724051 0 
4606 8.707880 0 
4608 8.701126 0 
4609 8.686213 0 
4610 8.672992 0 
4611 8.656685 0 
4612 8.639096 0 
5117 0.129072 1 
5118 0.161695 1 
5119 0.145387 1 
5120 0.129338 1 
5122 0.129686 1 
4613 8.713422 0 
5123 0.127413 1 
5124 0.111143 1 
5125 0.094900 1 
5126 0.121165 1 
4614 8.756002 0 
4619 8.716439 0 
4620 8.700020 0 
4622 8.661436 0 
5127 0.177164 1 
5128 0.194136 1 
5130 0.161267 1 
5131 0.145380 1 
5132 0.143057 1 
5133 0.126830 1 
5134 0.105036 1 
5135 0.128001 1 
5137 0.091826 1 
4626 8.864668 0 
4627 8.846811 0 
4631 8.913608 0 
5138 0.480646 1 
5139 0.505021 1 
4633 9.059985 0 
4634 9.043885 0 
4635 9.027626 0 
4636 9.011642 0 
4637 8.994845 0 
4638 8.979038 0 
4639 8.958266 0 
5140 0.564600 1 
4640 9.015559 0 
4641 8.999508 0 
4643 8.966984 0 
4645 8.931621 0 
4646 8.915529 0 
4647 8.899347 0 
5141 0.613077 1 
4649 8.967154 0 
4651 8.933606 0 
5144 0.635884 1 
5145 0.650146 1 
5159 0.480459 1 
4655 9.017429 0 
5175 0.262251 1 
5178 0.213768 1 
5179 0.197372 1 
5180 0.181268 1 
5181 0.186926 1 
5184 0.171628 1 
5185 0.155793 1 
4657 9.087244 0 
4658 9.071847 0 
4659 9.055024 0 
4660 9.036616 0 
4661 9.020099 0 
4663 9.044677 0 
5186 0.208837 1 
5187 0.200888 1 
4664 9.106561 0 
4665 9.090572 0 
4666 9.074432 0 
4667 9.060881 0 
5188 0.299675 1 
4669 9.083374 0 
5189 0.326740 1 
4670 9.142512 0 
4673 9.141898 0 
5193 0.371900 1 
5194 0.407295 1 
4674 9.200916 0 
4675 9.184841 0 
4676 9.168434 0 
4677 9.151899 0 
4678 9.135227 0 
5195 0.415455 1 
5198 0.384682 1 
4680 9.136556 0 
4682 9.104393 0 
4683 9.118710 0 
4684 9.102626 0 
4685 9.086102 0 
4686 9.070368 0 
4687 9.054391 0 
5199 0.411449 1 
5200 0.411820 1 
4690 9.093065 0 
4691 9.076800 0 
4692 9.060537 0 
4693 9.044207 0 
4695 9.011886 0 
4697 9.051636 0 
4699 9.069273 0 
5219 0.277622 1 
5227 0.289216 1 
4701 9.191975 0 
4702 9.176028 0 
4703 9.188833 0 
4705 9.188627 0 
4706 9.168787 0 
4707 9.155362 0 
4708 9.139132 0 
4709 9.122599 0 
4710 9.118778 0 
4711 9.119640 0 
4712 9.103560 0 
5234 0.275140 1 
5235 0.258901 1 
5236 0.278868 1 
5237 0.262328 1 
5238 0.247171 1 
4714 9.121779 0 
4715 9.105294 0 
4716 9.089093 0 
5240 0.228791 1 
5248 0.092007 1 
4717 9.109560 0 
4718 9.093245 0 
4719 9.068799 0 
4720 9.062579 0 
4721 9.042959 0 
4722 9.026700 0 
5251 0.119673 1 
5252 0.104130 1 
5253 0.088021 1 
5254 0.085011 1 
5255 0.069311 1 
5256 0.105769 1 
5257 0.121807 1 
5258 0.125803 1 
5259 0.109557 1 
5260 0.093338 1 
5261 0.077303 1 
5262 0.061084 1 
4724 9.180105 0 
5263 0.090926 1 
5264 0.073100 1 
4725 9.192710 0 
4726 9.272085 0 
4727 9.255564 0 
4728 9.238958 0 
4732 9.169037 0 
4733 9.152910 0 
4734 9.174015 0 
4735 9.158491 0 
4736 9.142020 0 
4737 9.125670 0 
4738 9.109029 0 
5266 0.213395 1 
4740 9.146297 0 
5267 0.352754 1 
5269 0.320497 1 
5270 0.304660 1 
5271 0.288925 1 
4742 9.247403 0 
4745 9.197260 0 
4746 9.180896 0 
4747 9.164721 0 
4748 9.148487 0 
4749 9.131000 0 
5272 0.312836 1 
4750 9.175683 0 
4751 9.153460 0 
5287 0.098788 1 
5288 0.082832 1 
5289 0.064993 1 
4753 9.154555 0 
4754 9.155185 0 
4755 9.138910 0 
5290 0.092395 1 
5292 0.055806 1 
5294 0.049408 1 
5295 0.051391 1 
4756 9.177997 0 
4758 9.143448 0 
4759 9.127533 0 
4760 9.111324 0 
4761 9.093827 0 
4763 9.061508 0 
4764 9.044301 0 
4765 9.028112 0 
5296 0.066846 1 
4767 9.050547 0 
5298 0.084822 1 
5299 0.068652 1 
5300 0.054798 1 
4768 9.077146 0 
4770 9.044821 0 
4771 9.029144 0 
4772 9.013205 0 
4773 8.997214 0 
4774 8.981327 0 
5302 0.052864 1 
5303 0.036733 1 
4775 9.012071 0 
4776 9.052664 0 
4777 9.036378 0 
4778 9.020254 0 
5304 0.194527 1 
5305 0.178118 1 
4782 9.046650 0 
4783 9.030090 0 
4784 9.013835 0 
4785 8.997419 0 
4787 9.032142 0 
4789 9.039071 0 
5307 0.313087 1 
5308 0.324289 1 
4790 9.108246 0 
4791 9.092334 0 
5309 0.339784 1 
5322 0.152897 1 
5323 0.137008 1 
5325 0.295845 1 
4795 9.279536 0 
4796 9.260294 0 
4797 9.244545 0 
4798 9.228668 0 
4799 9.213108 0 
4800 9.196254 0 
4801 9.179971 0 
4802 9.211147 0 
4803 9.194003 0 
4804 9.273788 0 
4805 9.257769 0 
4808 9.218406 0 
4809 9.203600 0 
4810 9.187553 0 
5326 0.446301 1 
4811 9.222176 0 
4812 9.209721 0 
4813 9.193415 0 
4814 9.192759 0 
4816 9.245432 0 
4818 9.257789 0 
4819 9.240615 0 
4821 9.207986 0 
5327 0.777015 1 
4824 9.336340 0 
5329 0.822233 1 
5330 0.806174 1 
5331 0.789703 1 
5332 0.778647 1 
5333 0.775748 1 
5334 0.798578 1 
5365 0.363772 1 
5367 0.331661 1 
4826 9.534239 0 
4829 9.515617 0 
4830 9.499510 0 
4831 9.481814 0 
4832 9.465684 0 
5368 0.401145 1 
4833 9.481019 0 
4834 9.459910 0 
4835 9.444081 0 
4836 9.425990 0 
4837 9.409795 0 
5379 0.238344 1 
5380 0.222123 1 
5381 0.205655 1 
5382 0.207829 1 
5383 0.191583 1 
5384 0.174860 1 
5385 0.157882 1 
5386 0.141932 1 
5387 0.139863 1 
5388 0.123988 1 
5392 0.058916 1 
4840 9.391244 0 
4842 9.358735 0 
5004 6.635308 0 
5006 6.603097 0 
5007 6.586364 0 
5008 6.570429 0 
5009 6.554143 0 
5010 6.538136 0 
5011 6.520828 0 
5012 6.504340 0 
5013 6.488159 0 
5015 6.455562 0 
5016 6.455659 0 
5017 6.439553 0 
5018 6.423370 0 
5020 6.388455 0 
5022 6.356255 0 
5023 6.383202 0 
5393 0.151108 1 
5394 0.135314 1 
5395 0.149004 1 
5025 6.424489 0 
5028 6.373685 0 
5029 6.357312 0 
5030 6.341123 0 
5031 6.325197 0 
5032 6.308800 0 
5033 6.292489 0 
5034 6.276364 0 
5035 6.259938 0 
5036 6.244214 0 
5037 6.222831 0 
5038 6.206603 0 
5039 6.190441 0 
5041 6.157577 0 
5043 6.122688 0 
5044 6.108827 0 
5045 6.092856 0 
5046 6.076658 0 
5047 6.060323 0 
5049 6.080785 0 
5396 0.224301 1 
5397 0.207898 1 
5398 0.214586 1 
5399 0.198547 1 
5051 6.101733 0 
5052 6.085327 0 
5053 6.069133 0 
5054 6.053164 0 
5055 6.036645 0 
5056 6.020631 0 
5057 6.003927 0 
5058 5.987791 0 
5059 5.971579 0 
5400 0.226574 1 
5402 0.207907 1 
5064 5.956502 0 
5067 5.910985 0 
5068 5.894804 0 
5406 0.188464 1 
5410 0.130942 1 
5070 5.913150 0 
5071 5.896794 0 
5072 5.880882 0 
5073 5.864261 0 
5074 5.846565 0 
5075 5.830012 0 
5076 5.810367 0 
5413 0.117471 1 
5414 0.102284 1 
5415 0.086138 1 
5416 0.069927 1 
5078 5.798944 0 
5080 5.753478 0 
5081 5.754201 0 
5082 5.738149 0 
5083 5.721875 0 
5084 5.705678 0 
5085 5.690291 0 
5086 5.673631 0 
5088 5.641345 0 
5089 5.625237 0 
5090 5.609054 0 
5091 5.591781 0 
5093 5.554018 0 
5095 5.521600 0 
5096 5.505204 0 
5097 5.489229 0 
5099 5.470672 0 
5100 5.455066 0 
5101 5.438954 0 
5103 5.406530 0 
5104 5.390348 0 
5105 5.373723 0 
5106 5.357338 0 
5107 5.340544 0 
5108 5.324182 0 
5109 5.307930 0 
5110 5.291434 0 
5111 5.273398 0 
5112 5.256915 0 
5113 5.240527 0 
5114 5.224055 0 
5115 5.205954 0 
5116 5.189293 0 
5117 5.173060 0 
5118 5.158493 0 
5119 5.142235 0 
5120 5.126102 0 
5122 5.093688 0 
5123 5.077571 0 
5124 5.061237 0 
5125 5.045032 0 
5126 5.023660 0 
5127 5.007364 0 
5128 4.991120 0 
5130 4.958253 0 
5131 4.942367 0 
5132 4.926291 0 
5133 4.911155 0 
5134 4.889252 0 
5135 4.873111 0 
5418 0.095126 1 
5420 0.062593 1 
5138 4.865722 0 
5139 4.883919 0 
5140 4.866233 0 
5141 4.850054 0 
5143 4.814441 0 
5144 4.797922 0 
5145 4.781479 0 
5146 4.765240 0 
5147 4.747298 0 
5148 4.731154 0 
5149 4.714747 0 
5151 4.682349 0 
5152 4.666016 0 
5153 4.649448 0 
5154 4.633166 0 
5156 4.597702 0 
5157 4.574608 0 
5158 4.558676 0 
5159 4.542122 0 
5161 4.509390 0 
5162 4.493644 0 
5163 4.477133 0 
5164 4.458231 0 
5165 4.439067 0 
5166 4.419221 0 
5168 4.378897 0 
5169 4.362097 0 
5170 4.346203 0 
5171 4.322979 0 
5172 4.303189 0 
5173 4.286752 0 
5174 4.270785 0 
5175 4.250702 0 
5176 4.234991 0 
5178 4.202073 0 
5179 4.185662 0 
5180 4.169293 0 
5181 4.153185 0 
5182 4.127575 0 
5183 4.120259 0 
5184 4.103986 0 
5185 4.088072 0 
5195 3.952017 0 
5196 3.935803 0 
5197 3.919379 0 
5198 3.903463 0 
5199 3.886301 0 
5200 3.870244 0 
5201 3.854154 0 
5202 3.837613 0 
5203 3.821119 0 
5205 3.788601 0 
5206 3.772246 0 
5207 3.756109 0 
5208 3.737677 0 
5209 3.721489 0 
5210 3.705340 0 
5211 3.689110 0 
5212 3.672705 0 
5214 3.640058 0 
5215 3.622259 0 
5216 3.606062 0 
5217 3.586505 0 
5219 3.551162 0 
5221 3.518499 0 
5222 3.502313 0 
5223 3.486105 0 
5224 3.469802 0 
5227 3.416172 0 
5228 3.398905 0 
5229 3.382231 0 
5230 3.360343 0 
5231 3.344125 0 
5232 3.328052 0 
5233 3.309316 0 
5234 3.298069 0 
5235 3.281847 0 
5236 3.264967 0 
5237 3.248405 0 
5238 3.233248 0 
5240 3.200420 0 
5242 3.167400 0 
5243 3.151315 0 
5244 3.134945 0 
5245 3.118693 0 
5246 3.102425 0 
5247 3.081517 0 
5248 3.063963 0 
5250 3.030576 0 
5251 3.013588 0 
5252 2.997636 0 
5253 2.981519 0 
5254 2.965059 0 
5255 2.949238 0 
5256 2.931035 0 
5257 2.914814 0 
5258 2.893828 0 
5259 2.877001 0 
5260 2.860900 0 
5261 2.844857 0 
5262 2.828656 0 
5263 2.812386 0 
5264 2.794434 0 
5266 2.761911 0 
5267 2.740413 0 
5268 2.724740 0 
5269 2.708105 0 
5270 2.692203 0 
5427 0.077431 1 
5271 2.707523 0 
5272 2.690781 0 
5273 2.716231 0 
5274 2.699502 0 
5275 2.683272 0 
5277 2.650279 0 
5279 2.617862 0 
5280 2.601697 0 
5428 0.153312 1 
5429 0.134811 1 
5430 0.110825 1 
5431 0.203735 1 
5432 0.200737 1 
5433 0.193528 1 
5434 0.177613 1 
5435 0.161574 1 
5436 0.188454 1 
5437 0.404000 1 
5441 0.384699 1 
5442 0.367914 1 
5443 0.355223 1 
5447 0.320459 1 
5458 0.176727 1 
5459 0.160018 1 
5460 0.177719 1 
5461 0.203226 1 
5462 0.187196 1 
5463 0.167266 1 
5467 0.185024 1 
5469 0.192889 1 
5470 0.177992 1 
5471 0.162492 1 
5472 0.146360 1 
5473 0.211363 1 
5474 0.195547 1 
5479 0.321639 1 
5480 0.305455 1 
5481 0.289218 1 
5482 0.273317 1 
5484 0.240097 1 
5494 0.174284 1 
5495 0.155094 1 
5497 0.198455 1 
5498 0.181872 1 
5499 0.180090 1 
5502 0.168153 1 
5503 0.151948 1 
5504 0.135701 1 
5505 0.112751 1 
5506 0.096627 1 
5508 0.099656 1 
5509 0.083158 1 
5510 0.078458 1 
5511 0.062308 1 
5512 0.109807 1 
5513 0.093503 1 
5514 0.155097 1 
5515 0.203347 1 
5516 0.234369 1 
5518 0.334949 1 
5520 0.445027 1 
5521 0.428814 1 
5522 0.412587 1 
5525 0.426697 1 
5526 0.409925 1 
5545 0.463140 1 
5546 0.486503 1 
5547 0.470266 1 
5550 0.551607 1 
5551 0.580015 1 
5560 0.459337 1 
5566 0.371837 1 
5579 0.141558 1 
5582 0.092596 1 
5583 0.084280 1 
5584 0.310562 1 
5586 0.278285 1 
5587 0.351410 1 
5588 0.332958 1 
5589 0.419411 1 
5590 0.399753 1 
5591 0.383365 1 
5592 0.482179 1 
5601 0.394370 1 
5626 0.652770 1 
5634 0.639696 1 
5635 0.623757 1 
5644 0.837480 1 
5661 0.602589 1 
5668 0.593134 1 
5669 0.614038 1 
5672 0.611842 1 
5696 0.482680 1 
5697 0.496456 1 
5703 0.437138 1 
5704 0.489136 1 
5709 0.501876 1 
5721 0.319290 1 
5724 0.270888 1 
5738 0.075595 1 
5740 0.074182 1 
5741 0.058625 1 
5742 0.095536 1 
5743 0.114147 1 
5744 0.097961 1 
5745 0.143767 1 
5746 0.180728 1 
5748 0.140492 1 
5749 0.228002 1 
5750 0.430557 1 
5753 0.501831 1 
5754 0.603945 1 
5755 0.585839 1 
5756 0.569724 1 
5761 0.540233 1 
5765 0.580932 1 
5770 0.517102 1 
5779 0.395178 1 
5786 0.275714 1 
5787 0.272998 1 
5802 0.055198 1 
5803 0.082517 1 
5804 0.065092 1 
5805 0.103339 1 
5806 0.130251 1 
5807 0.172239 1 
5808 0.180960 1 
5809 0.191645 1 
5811 0.275949 1 
5812 0.327962 1 
5813 0.317219 1 
5814 0.301155 1 
5825 0.183647 1 
5826 0.179739 1 
5835 0.184845 1 
5837 0.233046 1 
5841 0.179821 1 
5842 0.170393 1 
5844 0.213383 1 
5845 0.196639 1 
5850 0.132929 1 
5851 0.144181 1 
5852 0.127221 1 
5853 0.111385 1 
5854 0.094448 1 
5855 0.078186 1 
5856 0.115236 1 
5857 0.124621 1 
5858 0.153856 1 
5859 0.204993 1 
5860 0.209456 1 
5861 0.193224 1 
5863 0.166406 1 
5870 0.096165 1 
5871 0.094306 1 
5872 0.078227 1 
5874 0.097417 1 
5876 0.088548 1 
5877 0.072501 1 
5878 0.056468 1 
5879 0.052299 1 
5880 0.036218 1 
5881 0.054339 1 
5882 0.038254 1 
5884 0.033174 1 
5885 0.053414 1 
5886 0.036867 1 
5887 0.039358 1 
5889 0.031229 1 
5891 0.030898 1 
5892 0.032911 1 
5893 0.027589 1 
5895 0.096189 1 
5896 0.077474 1 
5897 0.061334 1 
5899 0.062355 1 
5900 0.055397 1 
5901 0.084380 1 
5902 0.068360 1 
5903 0.046585 1 
5904 0.060394 1 
5905 0.045654 1 
5906 0.061453 1 
5907 0.045395 1 
5908 0.028977 1 
5909 0.050166 1 
5910 0.060779 1 
5911 0.044886 1 
5912 0.038409 1 
5913 0.059444 1 
5914 0.044310 1 
5915 0.087342 1 
5916 0.070265 1 
5918 0.038451 1 
5919 0.022621 1 
5920 0.060484 1 
5921 0.043928 1 
5922 0.077926 1 
5923 0.059848 1 
5924 0.043599 1 
5926 0.041839 1 
5927 0.047324 1 
5928 0.031316 1 
5929 0.072463 1 
5930 0.055461 1 
5931 0.051488 1 
5932 0.065597 1 
5933 0.086834 1 
5934 0.070806 1 
5935 0.054200 1 
5936 0.057313 1 
5937 0.039700 1 
5939 0.053957 1 
5940 0.037162 1 
5941 0.050727 1 
5942 0.080935 1 
5943 0.063230 1 
5944 0.047049 1 
5945 0.067414 1 
5947 0.093387 1 
5948 0.106786 1 
5949 0.088257 1 
5950 0.116180 1 
5952 0.139308 1 
5953 0.123766 1 
5954 0.122450 1 
5955 0.106231 1 
5957 0.106853 1 
5958 0.090097 1 
5959 0.072605 1 
5960 0.056496 1 
5961 0.039832 1 
5962 0.047677 1 
5964 0.015366 1 
5965 0.075635 1 
5966 0.117997 1 
5968 0.123719 1 
5969 0.104664 1 
5970 0.088644 1 
5971 0.108414 1 
5972 0.092463 1 
5974 0.074874 1 
5975 0.058822 1 
5976 0.072161 1 
5977 0.049711 1 
5978 0.137260 1 
5979 0.136419 1 
5980 0.126200 1 
5981 0.109994 1 
5982 0.133693 1 
5983 0.165192 1 
5984 0.149440 1 
5985 0.190784 1 
5986 0.214374 1 
5987 0.232116 1 
5988 0.215769 1 
5989 0.199749 1 
5990 0.219382 1 
5991 0.218916 1 
5992 0.211214 1 
6001 0.218400 1 
6002 0.285818 1 
6003 0.269889 1 
6004 0.252827 1 
6005 0.301349 1 
6011 0.198554 1 
6012 0.182724 1 
6013 0.166502 1 
6015 0.133005 1 
6017 0.197166 1 
6023 0.267088 1 
6024 0.269778 1 
6025 0.253108 1 
6026 0.255420 1 
6027 0.237814 1 
6028 0.221523 1 
6029 0.205152 1 
6030 0.187521 1 
6039 0.064888 1 
6040 0.059969 1 
6041 0.055008 1 
6042 0.111475 1 
6043 0.095605 1 
6044 0.084624 1 
6046 0.219975 1 
6047 0.252742 1 
6048 0.360635 1 
6049 0.360750 1 
6050 0.344540 1 
6051 0.365886 1 
6052 0.349566 1 
6059 0.286410 1 
6068 0.185743 1 
6069 0.185794 1 
6070 0.169613 1 
6071 0.153228 1 
6076 0.137951 1 
6077 0.120628 1 
6078 0.104386 1 
6079 0.118034 1 
6080 0.100933 1 
6081 0.175255 1 
6083 0.143239 1 
6084 0.156033 1 
6085 0.186853 1 
6088 0.219537 1 
6090 0.192695 1 
6091 0.176643 1 
6096 0.129743 1 
6098 0.096903 1 
6099 0.079976 1 
6100 0.091910 1 
6101 0.322520 1 
6102 0.394829 1 
6103 0.488199 1 
6104 0.526155 1 
6105 0.544856 1 
6106 0.528386 1 
6110 0.479424 1 
6111 0.463062 1 
6125 0.243007 1 
6126 0.226311 1 
6134 0.127022 1 
6135 0.190245 1 
6136 0.240290 1 
6138 0.367230 1 
6139 0.350748 1 
6140 0.334338 1 
6141 0.317640 1 
6142 0.313749 1 
6146 0.248319 1 
6156 0.136967 1 
6158 0.254292 1 
6159 0.327153 1 
6160 0.326880 1 
6161 0.320634 1 
6163 0.336145 1 
6164 0.567570 1 
6180 0.452570 1 
6181 0.481092 1 
6183 0.494466 1 
6184 0.477843 1 
6185 0.461298 1 
6186 0.473830 1 
6204 0.242303 1 
6205 0.225940 1 
6210 0.182577 1 
6211 0.166383 1 
6212 0.149073 1 
6214 0.125915 1 
6217 0.407912 1 
6222 0.399562 1 
6223 0.784229 1 
6224 0.768023 1 
6240 0.548520 1 
6243 0.499246 1 
6245 0.484285 1 
6263 0.259661 1 
6270 0.331863 1 
6276 0.321721 1 
6277 0.305580 1 
6278 0.289562 1 
6285 0.175391 1 
6287 0.141420 1 
6291 0.272392 1 
6293 0.371112 1 
6294 0.499659 1 
6295 0.480099 1 
6310 0.228220 1 
6314 0.162227 1 
6316 0.165750 1 
6317 0.179290 1 
6318 0.197375 1 
6319 0.181206 1 
6320 0.208050 1 
6321 0.206996 1 
6322 0.235004 1 
6324 0.194885 1 
6325 0.322989 1 
6326 0.306824 1 
6327 0.290593 1 
6331 0.225113 1 
6332 0.203930 1 
6333 0.187591 1 
6334 0.171461 1 
6335 0.209148 1 
6337 0.219565 1 
6338 0.202981 1 
6339 0.187011 1 
6341 0.394210 1 
6342 0.378092 1 
6343 0.361856 1 
6350 0.237179 1 
6351 0.221292 1 
6352 0.204903 1 
6357 0.466177 1 
6358 0.450044 1 
6359 0.429925 1 
6360 0.413885 1 
6362 0.380365 1 
6363 0.364757 1 
6378 0.157859 1 
6379 0.150192 1 
6380 0.176685 1 
6381 0.237708 1 
6382 0.244492 1 
6383 0.228291 1 
6384 0.212256 1 
6385 0.278258 1 
6386 0.266143 1 
6394 0.132791 1 
6395 0.116395 1 
6396 0.109315 1 
6397 0.125246 1 
6399 0.250828 1 
6400 0.297439 1 
6403 0.248571 1 
6404 0.232355 1 
6406 0.266196 1 
6408 0.278539 1 
6409 0.297045 1 
6410 0.280487 1 
6411 0.264419 1 
6413 0.231953 1 
6421 0.137623 1 
6422 0.121486 1 
6423 0.145336 1 
6424 0.129237 1 
6427 0.096492 1 
6428 0.118123 1 
6429 0.126979 1 
6430 0.111032 1 
6431 0.110644 1 
6432 0.094486 1 
6434 0.084453 1 
6436 0.085264 1 
6437 0.074871 1 
6438 0.056658 1 
6439 0.040501 1 
6440 0.060533 1 
6441 0.041587 1 
6442 0.036434 1 
6444 0.044306 1 
6445 0.052692 1 
6446 0.035996 1 
6447 0.124348 1 
6448 0.108064 1 
6449 0.131873 1 
6450 0.115899 1 
6451 0.094259 1 
6452 0.078149 1 
6453 0.110214 1 
6454 0.094114 1 
6455 0.094263 1 
6456 0.120951 1 
6457 0.104874 1 
6458 0.138463 1 
6460 0.186699 1 
6462 0.184315 1 
6463 0.167543 1 
6464 0.149985 1 
6466 0.169081 1 
6473 0.133921 1 
6474 0.117644 1 
6475 0.101501 1 
6476 0.085431 1 
6477 0.069118 1 
6479 0.091888 1 
6481 0.059062 1 
6482 0.043185 1 
6483 0.044023 1 
6484 0.035010 1 
6486 0.057968 1 
6488 0.098445 1 
6489 0.082361 1 
6490 0.114894 1 
6492 0.085205 1 
6493 0.091043 1 
6494 0.083610 1 
6496 0.051646 1 
6497 0.059019 1 
6498 0.043214 1 
6499 0.032744 1 
6500 0.032626 1 
6501 0.107102 1 
6502 0.115976 1 
6503 0.099791 1 
6504 0.096224 1 
6505 0.104557 1 
6506 0.088665 1 
6507 0.073692 1 
6508 0.085575 1 
6509 0.070773 1 
6510 0.100450 1 
6511 0.084269 1 
6512 0.067919 1 
6513 0.051885 1 
6515 0.099139 1 
6516 0.079172 1 
6517 0.070914 1 
6518 0.054062 1 
6519 0.072902 1 
6520 0.066541 1 
6521 0.070827 1 
6523 0.038564 1 
6524 0.067688 1 
6525 0.051468 1 
6526 0.034987 1 
6527 0.047629 1 
6528 0.046816 1 
6529 0.028593 1 
6530 0.041172 1 
6531 0.114055 1 
6532 0.096289 1 
6533 0.079540 1 
6534 0.078354 1 
6536 0.071025 1 
6537 0.148564 1 
6538 0.133769 1 
6539 0.164503 1 
6540 0.175835 1 
6541 0.182829 1 
6542 0.282455 1 
6544 0.321406 1 
6545 0.358002 1 
6546 0.340953 1 
6549 0.291664 1 
6552 0.242844 1 
6557 0.202701 1 
6561 0.130496 1 
6562 0.263574 1 
6568 0.293011 1 
6569 0.359766 1 
6577 0.450510 1 
6579 0.574322 1 
6591 0.505744 1 
6595 0.493107 1 
6603 0.423591 1 
6609 0.385527 1 
6610 0.369611 1 
6612 0.434610 1 
6627 0.458315 1 
6639 0.305486 1 
6640 0.311646 1 
6649 0.412311 1 
6652 0.411415 1 
6653 0.495770 1 
6654 0.475206 1 
6655 0.458685 1 
6657 0.426176 1 
6675 0.135473 1 
6678 0.119427 1 
6680 0.087285 1 
6681 0.091398 1 
6682 0.150404 1 
6683 0.191031 1 
6685 0.158451 1 
6687 0.125614 1 
6688 0.154802 1 
6689 0.147749 1 
6691 0.148343 1 
6692 0.124947 1 
6696 0.061069 1 
6697 0.065471 1 
6698 0.048046 1 
6699 0.038555 1 
6700 0.086468 1 
6701 0.069870 1 
6702 0.102891 1 
6703 0.086393 1 
6704 0.067591 1 
6705 0.051537 1 
6706 0.072661 1 
6707 0.159531 1 
6708 0.145105 1 
6709 0.193084 1 
6710 0.361365 1 
6711 0.387715 1 
6712 0.425466 1 
6741 0.203297 1 
6743 0.488477 1 
6748 0.546893 1 
6749 0.530444 1 
6750 0.514631 1 
6751 0.498667 1 
6753 0.579028 1 
6765 0.378060 1 
6778 0.185034 1 
6779 0.168885 1 
6782 0.115174 1 
6783 0.098896 1 
6784 0.081861 1 
6786 0.242712 1 
6787 0.246702 1 
6788 0.312315 1 
6789 0.531535 1 
6798 0.414484 1 
6799 0.398395 1 
6800 0.399231 1 
6801 0.470758 1 
6802 0.454598 1 
6803 0.463591 1 
6804 0.694803 1 
6822 0.401578 1 
6823 0.385485 1 
6824 0.369145 1 
6825 0.362650 1 
6843 0.123843 1 
6844 0.160766 1 
6845 0.143943 1 
6846 0.128415 1 
6847 0.112277 1 
6848 0.095875 1 
6849 0.325142 1 
6850 0.309299 1 
6851 0.329571 1 
6852 0.308587 1 
6853 0.335478 1 
6854 0.319548 1 
6863 0.162387 1 
6866 0.147448 1 
6867 0.131355 1 
6869 0.400299 1 
6871 0.368269 1 
6872 0.351975 1 
6873 0.360725 1 
6874 0.372417 1 
6875 0.353360 1 
6890 0.260668 1 
6891 0.273353 1 
6895 0.240185 1 
6896 0.267233 1 
6897 0.286252 1 
6906 0.178947 1 
6907 0.209683 1 
6908 0.193885 1 
6914 0.127276 1 
6915 0.111285 1 
6919 0.061035 1 
6921 0.051313 1 
6922 0.035360 1 
6923 0.105027 1 
6924 0.111658 1 
6925 0.095993 1 
6926 0.126700 1 
6927 0.110531 1 
6928 0.093680 1 
6929 0.120632 1 
6930 0.104320 1 
6931 0.097474 1 
6932 0.081397 1 
6934 0.092864 1 
6935 0.152847 1 
6936 0.212900 1 
6937 0.196631 1 
6938 0.180336 1 
6942 0.167008 1 
6943 0.195750 1 
6947 0.167534 1 
6948 0.185578 1 
6949 0.169726 1 
6950 0.210893 1 
6952 0.214576 1 
6955 0.186451 1 
6956 0.170254 1 
6957 0.156944 1 
6963 0.098839 1 
6964 0.090493 1 
6965 0.074380 1 
6966 0.068380 1 
6967 0.147548 1 
6969 0.189631 1 
6970 0.181422 1 
6971 0.165212 1 
6972 0.223502 1 
6973 0.207044 1 
6974 0.193118 1 
6975 0.176073 1 
6976 0.154429 1 
6979 0.144430 1 
6980 0.143542 1 
6981 0.127434 1 
6982 0.142713 1 
6984 0.122967 1 
6985 0.123595 1 
6986 0.123239 1 
6987 0.109062 1 
6988 0.105179 1 
6989 0.088922 1 
6990 0.100509 1 
6991 0.084323 1 
6992 0.116976 1 
6993 0.118862 1 
6994 0.113748 1 
6997 0.239533 1 
6998 0.223317 1 
6999 0.260823 1 
7000 0.262550 1 
7001 0.245589 1 
7002 0.229185 1 
7003 0.212893 1 
7010 0.187812 1 
7012 0.174317 1 
7013 0.178826 1 
7020 0.144426 1 
7021 0.209422 1 
7022 0.190426 1 
7026 0.201134 1 
7027 0.185091 1 
7028 0.168665 1 
7029 0.152362 1 
7031 0.118743 1 
7033 0.140966 1 
7034 0.125089 1 
7035 0.107675 1 
7036 0.109426 1 
7037 0.093608 1 
7038 0.077065 1 
7039 0.078065 1 
7041 0.109920 1 
7042 0.133564 1 
7043 0.136766 1 
7044 0.120774 1 
7045 0.101479 1 
7047 0.143796 1 
7048 0.127564 1 
7049 0.111344 1 
7050 0.127980 1 
7051 0.112140 1 
7052 0.095627 1 
7053 0.079762 1 
7054 0.099943 1 
7055 0.083889 1 
7057 0.095308 1 
7058 0.124530 1 
7059 0.101358 1 
7060 0.085361 1 
7061 0.068966 1 
7062 0.052862 1 
7063 0.063378 1 
7064 0.047246 1 
7065 0.147198 1 
7066 0.138688 1 
7068 0.199546 1 
7070 0.261523 1 
7072 0.253772 1 
7073 0.248049 1 
7074 0.245747 1 
7075 0.276648 1 
7076 0.260815 1 
7080 0.216049 1 
7086 0.118491 1 
7089 0.069833 1 
7091 0.040569 1 
7093 0.019561 1 
7094 0.169296 1 
7095 0.153137 1 
7096 0.136980 1 
7097 0.114299 1 
7098 0.117735 1 
7099 0.152524 1 
7100 0.132178 1 
7102 0.130793 1 
7103 0.114755 1 
7104 0.127387 1 
7105 0.141322 1 
7106 0.124938 1 
7107 0.156250 1 
7108 0.139819 1 
7109 0.133719 1 
7110 0.202538 1 
7113 0.255432 1 
7114 0.242111 1 
7115 0.226060 1 
7116 0.260620 1 
7118 0.260633 1 
7122 0.192434 1 
7128 0.098177 1 
7129 0.109482 1 
7130 0.170077 1 
7131 0.169411 1 
7133 0.143172 1 
7134 0.126852 1 
7135 0.139432 1 
7136 0.394027 1 
7137 0.405170 1 
7141 0.390347 1 
7142 0.374143 1 
7143 0.357917 1 
7147 0.292950 1 
7148 0.313694 1 
7160 0.164802 1 
7161 0.172436 1 
7162 0.157174 1 
7163 0.140988 1 
7164 0.124704 1 
7168 0.215887 1 
7170 0.421782 1 
7171 0.405348 1 
7172 0.389786 1 
7173 0.374330 1 
7174 0.355224 1 
7175 0.381790 1 
7180 0.300518 1 
7186 0.306404 1 
7187 0.317474 1 
7188 0.342652 1 
7189 0.410730 1 
7193 0.442255 1 
7201 0.370828 1 
7219 0.099782 1 
7220 0.151753 1 
7221 0.135647 1 
7222 0.118890 1 
7223 0.102711 1 
7226 0.093411 1 
7227 0.102225 1 
7228 0.086193 1 
7230 0.120133 1 
7232 0.139669 1 
7233 0.124273 1 
7234 0.100912 1 
7236 0.068446 1 
7237 0.052391 1 
7238 0.071476 1 
7240 0.076524 1 
7241 0.080400 1 
7242 0.086399 1 
7243 0.069871 1 
7244 0.101085 1 
7245 0.087280 1 
7246 0.098809 1 
7247 0.082511 1 
7248 0.066192 1 
7249 0.050037 1 
7250 0.033744 1 
7251 0.035190 1 
7252 0.042440 1 
7253 0.043846 1 
7254 0.027789 1 
7256 0.057877 1 
7257 0.135613 1 
7258 0.120058 1 
7259 0.427417 1 
7262 0.399072 1 
7263 0.444633 1 
7264 0.428611 1 
7265 0.412475 1 
7271 0.407342 1 
7286 0.187379 1 
7288 0.353856 1 
7294 0.494272 1 
7295 0.478065 1 
7296 0.477571 1 
7297 0.477022 1 
7298 0.527815 1 
7300 0.609676 1 
7301 0.592591 1 
7313 0.393799 1 
7324 0.371843 1 
7325 0.349266 1 
7326 0.333054 1 
7335 0.245445 1 
7336 0.229453 1 
7345 0.148688 1 
7346 0.132619 1 
7347 0.116512 1 
7348 0.100190 1 
7350 0.066721 1 
7351 0.070903 1 
7352 0.054576 1 
7353 0.101121 1 
7354 0.079290 1 
7355 0.105130 1 
7357 0.089452 1 
7358 0.106420 1 
7360 0.216507 1 
7361 0.199687 1 
7362 0.181966 1 
7363 0.187861 1 
7364 0.191820 1 
7365 0.187035 1 
7369 0.119195 1 
7372 0.105629 1 
7373 0.089300 1 
7374 0.102508 1 
7375 0.086357 1 
7376 0.090201 1 
7377 0.074386 1 
7378 0.109026 1 
7379 0.135935 1 
7380 0.119846 1 
7381 0.103653 1 
7382 0.087474 1 
7383 0.124085 1 
7384 0.107887 1 
7385 0.114894 1 
7386 0.098705 1 
7387 0.118587 1 
7388 0.101687 1 
7389 0.085216 1 
7390 0.091519 1 
7391 0.075449 1 
7392 0.069488 1 
7394 0.085798 1 
7395 0.108258 1 
7396 0.117008 1 
7397 0.100989 1 
7398 0.083349 1 
7399 0.121232 1 
7400 0.105094 1 
7401 0.115507 1 
7403 0.248372 1 
7404 0.226577 1 
7405 0.210694 1 
7406 0.204036 1 
7408 0.228625 1 
7410 0.251950 1 
7416 0.246639 1 
7417 0.230469 1 
7421 0.208289 1 
7425 0.481514 1 
7426 0.569735 1 
7427 0.553978 1 
7429 0.561205 1 
7460 0.039768 0 
7461 0.023482 0 
7431 0.542658 1 
7462 0.057954 0 
7463 0.042183 0 
7464 0.059501 0 
7432 0.599532 1 
7449 0.311089 1 
7458 0.187044 1 
7459 0.199988 1 
7460 0.183886 1 
7461 0.267885 1 
7462 0.251499 1 
7466 0.191409 0 
7468 0.156126 0 
7469 0.139896 0 
7470 0.123383 0 
7471 0.108581 0 
7472 0.091431 0 
7473 0.075304 0 
7474 0.058554 0 
7476 0.026145 0 
7477 0.010363 0 
7468 0.199469 1 
7469 0.183338 1 
7470 0.193955 1 
7471 0.178131 1 
7478 0.090836 0 
7479 0.074872 0 
7476 0.135865 1 
7479 0.087287 1 
7481 0.069323 1 
7483 0.054203 1 
7484 0.090153 1 
7485 0.072593 1 
7487 0.039766 1 
7483 0.110430 0 
7488 0.029253 0 
7488 0.058809 1 
7489 0.058816 1 
7491 0.059628 1 
7492 0.043352 1 
7493 0.045818 1 
7489 0.122816 0 
7494 0.053380 1 
7495 0.036910 1 
7496 0.051676 1 
7494 0.095868 0 
7495 0.079504 0 
7496 0.063419 0 
7497 0.047605 0 
7498 0.031517 0 
7499 0.015776 0 
7497 0.057664 1 
7498 0.041564 1 
7499 0.079617 1 
7500 0.062995 1 
7501 0.047124 1 
7500 0.073020 0 
7502 0.083272 1 
7503 0.086451 1 
7504 0.070276 1 
7505 0.053127 1 
7506 0.037354 1 
7507 0.030750 1 
7501 0.132857 0 
7502 0.116834 0 
7505 0.115950 0 
7506 0.100137 0 
7507 0.084072 0 
7508 0.067370 0 
7510 0.034176 0 
7511 0.018532 0 
7508 0.078944 1 
7510 0.045564 1 
7512 0.028928 0 
7513 0.013106 0 
7511 0.067919 1 
7512 0.048935 1 
7513 0.033012 1 
7514 0.053994 0 
7515 0.037303 0 
7516 0.018917 0 
7514 0.127560 1 
7515 0.110817 1 
7516 0.118953 1 
7518 0.086719 1 
7519 0.069416 1 
7520 0.053606 1 
7521 0.076844 1 
7522 0.061800 1 
7523 0.044350 1 
7524 0.063113 1 
7525 0.047220 1 
7518 0.177071 0 
7519 0.159695 0 
7520 0.143706 0 
7521 0.127589 0 
7522 0.111552 0 
7523 0.095393 0 
7526 0.042303 0 
7526 0.080197 1 
7527 0.062674 1 
7528 0.045708 1 
7529 0.091954 1 
7527 0.142262 0 
7528 0.125235 0 
7529 0.109451 0 
7531 0.076983 0 
7532 0.057156 0 
7533 0.040262 0 
7534 0.023914 0 
7533 0.112003 1 
7534 0.095671 1 
7535 0.100624 1 
7536 0.084669 1 
7537 0.068287 1 
7535 0.137298 0 
7536 0.121187 0 
7537 0.104799 0 
7539 0.072416 0 
7540 0.055769 0 
7541 0.039459 0 
7542 0.027375 0 
7539 0.110912 1 
7540 0.094285 1 
7541 0.077975 1 
7542 0.069365 1 
7544 0.073117 1 
7545 0.056597 0 
7546 0.040582 0 
7547 0.030141 0 
7545 0.075109 1 
7546 0.058979 1 
7547 0.038900 1 
7549 0.063540 1 
7550 0.059798 1 
7551 0.057551 1 
7552 0.063513 1 
7553 0.047673 1 
7554 0.032755 1 
7549 0.134383 0 
7550 0.118282 0 
7551 0.102098 0 
7556 0.032516 1 
7557 0.016292 1 
7558 0.023093 1 
7559 0.016874 1 
7556 0.109970 0 
7560 0.045410 1 
7557 0.093828 0 
7558 0.078134 0 
7559 0.061659 0 
7560 0.045498 0 
7561 0.028828 0 
7562 0.011722 0 
7561 0.038754 1 
7562 0.038090 1 
7563 0.100289 0 
7564 0.116558 0 
7566 0.083799 0 
7567 0.067577 0 
7568 0.051314 0 
7569 0.034857 0 
7564 0.150959 1 
7566 0.118697 1 
7570 0.075950 0 
7571 0.059989 0 
7572 0.043506 0 
7573 0.027426 0 
7574 0.056411 0 
7575 0.039609 0 
7576 0.023596 0 
7567 0.195944 1 
7577 0.035497 0 
7578 0.019145 0 
7568 0.235208 1 
7579 0.067642 0 
7580 0.045917 0 
7581 0.029556 0 
7569 0.239516 1 
7570 0.287459 1 
7571 0.271716 1 
7572 0.277751 1 
7573 0.275813 1 
7574 0.299999 1 
7575 0.295594 1 
7582 0.177151 0 
7583 0.191545 0 
7584 0.175310 0 
7585 0.159172 0 
7586 0.142971 0 
7587 0.125964 0 
7588 0.109877 0 
7589 0.093422 0 
7590 0.076865 0 
7591 0.060511 0 
7593 0.034348 0 
7594 0.018178 0 
7595 0.065833 0 
7596 0.125799 0 
7597 0.107505 0 
7598 0.091159 0 
7599 0.075773 0 
7576 0.490694 1 
7577 0.490916 1 
7579 0.458028 1 
7584 0.370965 1 
7600 0.126476 0 
7602 0.093479 0 
7603 0.074537 0 
7588 0.339006 1 
7589 0.322298 1 
7590 0.305746 1 
7593 0.250781 1 
7604 0.114027 0 
7605 0.093644 0 
7607 0.059832 0 
7594 0.313808 1 
7595 0.297229 1 
7596 0.280507 1 
7597 0.262135 1 
7598 0.286091 1 
7604 0.240292 1 
7611 0.151356 0 
7612 0.135097 0 
7615 0.085147 0 
7607 0.237085 1 
7617 0.075831 0 
7618 0.062135 0 
7619 0.039283 0 
7620 0.019347 0 
7609 0.268427 1 
7610 0.252171 1 
7621 0.170780 0 
7622 0.154598 0 
7623 0.138309 0 
7624 0.115006 0 
7625 0.098823 0 
7626 0.129935 0 
7628 0.098186 0 
7630 0.066193 0 
7631 0.050176 0 
7632 0.039973 0 
7633 0.024032 0 
7634 0.007673 0 
7611 0.478710 1 
7635 0.087782 0 
7636 0.071043 0 
7638 0.038949 0 
7639 0.022203 0 
7612 0.497998 1 
7615 0.450288 1 
7616 0.439044 1 
7640 0.033757 0 
7641 0.017162 0 
7617 0.436418 1 
7618 0.415853 1 
7642 0.024594 0 
7643 0.026246 0 
7620 0.446213 1 
7622 0.425951 1 
7644 0.088725 0 
7645 0.082804 0 
7646 0.066954 0 
7647 0.050393 0 
7648 0.034517 0 
7623 0.486361 1 
7624 0.463054 1 
7625 0.449189 1 
7649 0.077834 0 
7650 0.059390 0 
7651 0.043452 0 
7652 0.058817 0 
7630 0.473040 1 
7631 0.472009 1 
7654 0.097286 0 
7655 0.078479 0 
7656 0.062651 0 
7657 0.046947 0 
7658 0.031035 0 
7632 0.505813 1 
7659 0.084601 0 
7660 0.068434 0 
7661 0.049256 0 
7662 0.033285 0 
7663 0.017183 0 
7646 0.355671 1 
7665 0.071169 0 
7667 0.039304 0 
7668 0.023168 0 
7669 0.032552 0 
7647 0.412845 1 
7670 0.109701 0 
7671 0.093729 0 
7672 0.075376 0 
7673 0.058901 0 
7651 0.448742 1 
7652 0.451736 1 
7677 0.034706 0 
7678 0.037245 0 
7654 0.466643 1 
7680 0.030574 0 
