2024-09-03 16:48:01
../stream-replay/logs/rtt-6208@128.txt
1 0.082789 0 
2 0.066402 0 
4 0.097161 0 
5 0.080975 0 
6 0.143155 0 
7 0.180977 0 
8 0.161217 0 
9 0.198276 0 
10 0.182677 0 
11 0.167031 0 
12 0.261437 0 
13 0.245262 0 
14 0.226746 0 
15 0.210892 0 
16 0.194727 0 
17 0.177953 0 
18 0.210545 0 
19 0.188469 0 
20 0.171279 0 
21 0.360159 0 
22 0.344063 0 
23 0.327899 0 
24 0.440840 0 
25 0.424354 0 
26 0.408249 0 
27 0.453727 0 
28 0.436494 0 
29 0.473612 0 
31 0.491132 0 
32 0.575772 0 
33 0.559250 0 
34 0.537871 0 
35 0.521452 0 
36 0.498327 0 
37 0.561852 0 
38 0.545393 0 
40 0.512964 0 
41 0.490451 0 
42 0.474131 0 
43 0.457866 0 
45 0.425571 0 
47 0.496506 0 
48 0.481026 0 
49 0.498994 0 
50 0.483262 0 
53 0.439052 0 
54 0.623314 0 
55 0.607303 0 
56 0.583512 0 
57 0.567583 0 
58 0.551317 0 
59 0.535236 0 
60 0.582945 0 
61 0.566674 0 
62 0.550539 0 
63 0.532954 0 
64 0.516766 0 
66 0.560953 0 
68 0.604438 0 
69 0.588070 0 
70 0.571919 0 
71 0.555861 0 
72 0.539556 0 
73 0.523013 0 
74 0.501155 0 
76 0.465296 0 
77 0.449581 0 
78 0.430025 0 
79 0.413461 0 
80 0.429690 0 
81 0.413310 0 
82 0.503112 0 
83 0.484984 0 
84 0.469635 0 
85 0.453032 0 
86 0.436868 0 
87 0.420728 0 
88 0.404284 0 
92 0.477516 0 
93 0.500550 0 
94 0.536412 0 
95 0.517873 0 
97 0.634682 0 
98 0.617876 0 
99 0.601681 0 
101 0.749182 0 
103 0.710903 0 
105 0.678403 0 
106 0.662400 0 
107 0.646415 0 
108 0.624189 0 
109 0.608766 0 
110 0.592184 0 
111 0.575356 0 
113 0.542068 0 
114 0.526518 0 
115 0.510550 0 
116 0.494386 0 
118 0.604035 0 
120 0.571237 0 
121 0.668622 0 
122 0.651262 0 
124 0.700169 0 
125 0.717819 0 
126 0.701527 0 
128 0.668825 0 
129 0.652103 0 
130 0.724636 0 
131 0.707969 0 
132 0.691036 0 
133 0.699291 0 
134 0.741084 0 
135 0.733363 0 
136 0.717309 0 
137 0.701131 0 
138 0.685302 0 
139 0.669093 0 
140 0.650686 0 
141 0.634544 0 
142 0.617887 0 
143 0.600765 0 
144 0.684192 0 
145 0.668123 0 
147 0.736001 0 
148 0.971540 0 
149 0.954921 0 
150 1.058715 0 
151 1.206934 0 
152 1.189979 0 
153 1.173690 0 
155 1.141324 0 
156 1.158618 0 
157 1.147632 0 
158 1.131392 0 
159 1.114715 0 
160 1.306248 0 
161 1.289511 0 
163 1.459440 0 
164 1.443085 0 
165 1.426389 0 
166 1.410296 0 
168 1.370471 0 
169 1.350471 0 
170 1.334056 0 
171 1.444852 0 
172 1.427327 0 
173 1.753310 0 
174 1.737278 0 
176 1.702482 0 
177 1.739584 0 
178 1.865173 0 
179 1.848975 0 
181 1.834516 0 
182 1.815578 0 
183 1.799012 0 
184 1.818885 0 
186 1.786234 0 
187 1.836150 0 
188 1.815871 0 
189 1.799813 0 
190 1.783398 0 
191 1.764217 0 
193 1.873244 0 
194 1.865541 0 
195 2.000227 0 
196 1.981311 0 
197 1.965674 0 
198 2.072209 0 
199 2.055779 0 
200 2.040191 0 
201 2.023963 0 
203 1.990918 0 
204 1.974791 0 
205 1.958658 0 
206 2.079140 0 
207 2.063232 0 
208 2.043933 0 
209 2.028101 0 
210 2.012091 0 
211 1.996624 0 
212 1.980162 0 
213 1.963553 0 
214 1.945955 0 
215 2.003000 0 
216 2.156139 0 
217 2.139808 0 
218 2.124200 0 
219 2.428135 0 
220 2.411892 0 
221 2.393150 0 
222 2.376992 0 
223 2.360912 0 
224 2.344762 0 
225 2.328392 0 
226 2.312015 0 
227 2.295606 0 
228 2.279592 0 
230 2.247124 0 
231 2.223829 0 
232 2.219942 0 
233 2.204430 0 
234 2.324239 0 
235 2.308158 0 
236 2.291970 0 
237 2.320259 0 
239 2.328106 0 
240 2.311724 0 
241 2.295872 0 
242 2.279730 0 
244 2.247552 0 
246 2.326706 0 
247 2.306519 0 
248 2.529031 0 
249 2.513118 0 
252 2.459852 0 
253 2.504031 0 
254 2.487899 0 
255 2.471762 0 
256 2.576745 0 
257 2.558584 0 
258 2.860252 0 
259 2.844073 0 
260 2.823892 0 
261 2.820743 0 
262 3.036451 0 
263 3.018681 0 
265 3.096649 0 
267 3.064672 0 
268 3.048662 0 
269 3.032431 0 
270 3.016380 0 
271 2.999750 0 
272 2.984220 0 
273 2.967916 0 
275 2.962138 0 
276 3.026485 0 
277 3.010900 0 
278 2.991051 0 
279 2.974612 0 
280 2.958523 0 
281 2.939188 0 
282 2.922371 0 
283 3.055214 0 
284 3.038894 0 
285 3.022624 0 
286 3.006412 0 
287 2.990337 0 
288 2.974196 0 
289 3.048937 0 
291 3.016658 0 
292 3.000158 0 
293 2.983853 0 
294 3.176624 0 
295 3.243285 0 
296 3.224052 0 
297 3.208565 0 
298 3.192058 0 
299 3.176264 0 
300 3.160103 0 
302 3.245667 0 
304 3.213871 0 
305 3.196875 0 
306 3.180510 0 
307 3.164745 0 
308 3.141503 0 
309 3.122255 0 
310 3.102035 0 
312 3.174511 0 
313 3.158265 0 
314 3.182663 0 
315 3.166998 0 
317 3.150811 0 
319 3.119138 0 
320 3.223758 0 
321 3.283054 0 
323 3.250552 0 
324 3.234553 0 
325 3.218285 0 
327 3.186412 0 
328 3.164201 0 
330 3.167283 0 
331 3.230960 0 
332 3.226584 0 
333 3.214299 0 
334 3.198554 0 
335 3.232740 0 
336 3.208752 0 
337 3.184689 0 
338 3.168179 0 
339 3.152129 0 
340 3.188938 0 
341 3.184298 0 
342 3.167885 0 
343 3.151249 0 
344 3.135020 0 
346 3.163083 0 
347 3.194652 0 
348 3.178464 0 
349 3.161948 0 
351 3.247081 0 
352 3.231171 0 
354 3.192902 0 
355 3.176561 0 
356 3.159972 0 
357 3.143652 0 
358 3.127815 0 
359 3.102931 0 
360 3.086597 0 
361 3.068907 0 
362 3.103431 0 
363 3.087887 0 
364 3.071786 0 
365 3.090015 0 
367 3.058048 0 
368 3.063822 0 
369 3.045969 0 
370 3.056210 0 
371 3.036520 0 
372 3.022279 0 
373 3.025018 0 
375 2.991530 0 
376 3.008130 0 
377 2.991781 0 
378 3.101559 0 
380 3.065833 0 
381 3.056419 0 
382 3.040069 0 
383 3.076272 0 
385 3.041418 0 
386 3.025951 0 
387 3.016164 0 
388 2.997013 0 
389 2.980464 0 
390 2.975694 0 
392 2.940417 0 
393 2.996908 0 
394 3.017115 0 
395 3.000830 0 
396 3.052075 0 
397 3.032684 0 
398 3.076645 0 
399 3.056603 0 
400 3.040344 0 
402 3.049300 0 
403 3.032894 0 
404 3.077606 0 
405 3.061601 0 
406 3.045354 0 
407 3.029301 0 
408 3.020474 0 
409 3.003940 0 
410 2.988021 0 
411 3.048276 0 
412 3.032051 0 
413 3.016035 0 
414 2.999328 0 
415 2.983653 0 
416 2.985940 0 
417 2.969716 0 
418 2.971471 0 
419 2.964926 0 
420 2.948693 0 
421 2.943904 0 
422 2.924228 0 
423 2.900557 0 
424 2.936310 0 
425 2.915999 0 
426 2.995677 0 
427 2.976499 0 
429 2.967856 0 
430 2.951155 0 
431 3.026249 0 
432 3.009953 0 
433 2.993547 0 
434 3.025786 0 
435 3.009809 0 
436 2.993678 0 
438 2.994177 0 
439 2.978029 0 
440 2.961863 0 
441 2.945868 0 
443 2.913589 0 
445 2.881036 0 
446 2.867683 0 
447 2.991118 0 
448 2.975188 0 
451 2.925647 0 
452 2.909571 0 
455 2.911888 0 
456 2.895597 0 
457 2.879352 0 
458 2.862384 0 
459 2.902120 0 
460 2.885330 0 
461 2.869550 0 
462 2.853519 0 
464 2.812257 0 
466 2.779869 0 
467 2.771396 0 
468 2.755002 0 
469 2.738507 0 
470 2.722255 0 
471 2.758647 0 
472 2.745114 0 
474 2.713603 0 
475 2.775865 0 
476 2.785550 0 
477 2.762383 0 
478 2.782027 0 
479 2.797371 0 
480 2.781039 0 
481 2.764657 0 
482 2.748215 0 
483 2.731962 0 
484 2.715907 0 
485 2.752495 0 
486 2.737440 0 
487 2.721439 0 
488 2.705405 0 
490 2.698506 0 
491 2.758371 0 
492 2.738271 0 
493 2.718743 0 
494 2.702395 0 
495 2.703152 0 
496 2.686580 0 
497 2.670566 0 
498 2.654368 0 
499 2.669880 0 
501 2.649173 0 
503 2.632282 0 
504 2.616045 0 
505 2.599948 0 
506 2.602445 0 
507 2.608692 0 
508 2.613216 0 
509 2.593373 0 
511 2.644629 0 
512 2.628347 0 
513 2.680711 0 
514 2.661734 0 
516 2.629111 0 
518 2.603004 0 
519 2.587125 0 
520 2.570740 0 
522 2.536834 0 
523 2.572661 0 
524 2.556227 0 
526 2.523147 0 
527 2.547305 0 
528 2.530424 0 
529 2.514415 0 
530 2.496084 0 
531 2.548732 0 
532 2.532266 0 
533 2.609143 0 
534 2.592659 0 
535 2.576621 0 
536 2.560817 0 
537 2.555203 0 
538 2.558184 0 
539 2.542204 0 
540 2.525877 0 
541 2.559626 0 
542 2.542620 0 
543 2.526416 0 
545 2.493604 0 
546 2.473861 0 
547 2.457375 0 
548 2.505743 0 
549 2.486722 0 
550 2.499269 0 
551 2.482959 0 
553 2.472852 0 
554 2.456300 0 
555 2.436249 0 
556 2.416032 0 
557 2.436845 0 
558 2.420267 0 
559 2.403865 0 
560 2.386533 0 
561 2.370429 0 
562 2.381998 0 
563 2.365546 0 
564 2.349420 0 
566 2.345786 0 
567 2.329755 0 
568 2.353079 0 
569 2.456491 0 
570 2.439935 0 
571 2.423787 0 
572 2.407563 0 
574 2.375271 0 
575 2.419512 0 
576 2.403342 0 
577 2.403256 0 
579 2.364335 0 
580 2.348154 0 
581 2.331718 0 
582 2.340703 0 
584 2.308243 0 
585 2.290464 0 
586 2.282200 0 
587 2.266344 0 
588 2.249938 0 
589 2.235090 0 
591 2.281544 0 
592 2.264260 0 
593 2.262290 0 
594 2.297529 0 
595 2.339288 0 
596 2.322784 0 
598 2.375554 0 
599 2.359282 0 
601 2.325671 0 
602 2.309541 0 
603 2.293778 0 
604 2.277533 0 
606 2.292209 0 
607 2.276130 0 
608 2.322044 0 
611 2.305344 0 
612 2.345072 0 
613 2.325855 0 
614 2.309608 0 
615 2.293081 0 
616 2.277209 0 
617 2.303086 0 
618 2.287193 0 
619 2.270685 0 
620 2.259354 0 
621 2.265386 0 
622 2.250535 0 
623 2.234574 0 
625 2.280846 0 
626 2.297150 0 
628 2.292954 0 
629 2.276578 0 
631 2.341254 0 
632 2.325213 0 
633 2.308719 0 
634 2.292377 0 
635 2.276484 0 
637 2.243707 0 
639 2.362402 0 
640 2.346303 0 
642 2.314005 0 
644 2.345113 0 
645 2.328561 0 
646 2.369711 0 
647 2.391462 0 
650 2.404337 0 
651 2.388051 0 
652 2.486957 0 
653 2.470978 0 
654 2.542758 0 
655 2.561596 0 
656 2.591648 0 
657 2.576034 0 
658 2.559899 0 
659 2.626988 0 
660 2.609925 0 
661 2.593986 0 
663 2.561852 0 
665 2.661925 0 
666 2.666440 0 
667 2.643948 0 
668 2.627741 0 
669 2.610867 0 
670 2.594944 0 
671 2.578632 0 
673 2.578829 0 
674 2.562240 0 
675 2.545510 0 
676 2.529168 0 
677 2.565853 0 
678 2.549588 0 
679 2.528318 0 
680 2.512213 0 
681 2.495823 0 
682 2.479326 0 
683 2.477893 0 
684 2.536365 0 
685 2.519267 0 
686 2.499894 0 
687 2.499948 0 
689 2.627611 0 
691 2.662313 0 
692 2.660336 0 
693 2.644226 0 
694 2.627168 0 
695 2.662745 0 
696 2.646835 0 
697 2.627727 0 
698 2.611247 0 
700 2.793761 0 
703 2.914251 0 
704 2.934198 0 
705 2.918219 0 
706 2.969311 0 
707 2.952939 0 
708 3.081012 0 
710 3.045001 0 
711 3.028786 0 
712 3.013008 0 
713 3.098619 0 
715 3.222774 0 
717 3.190857 0 
718 3.174912 0 
719 3.158842 0 
721 3.118103 0 
722 3.187172 0 
723 3.167751 0 
725 3.327254 0 
726 3.310999 0 
727 3.293229 0 
728 3.278154 0 
729 3.287130 0 
730 3.586312 0 
731 3.625961 0 
733 3.759341 0 
734 3.743763 0 
735 3.725172 0 
736 3.709166 0 
737 3.692914 0 
738 4.008897 0 
739 3.985692 0 
740 4.033977 0 
741 4.017646 0 
742 4.001715 0 
744 4.147476 0 
745 4.138044 0 
746 4.126695 0 
747 4.285279 0 
748 4.268704 0 
749 4.380763 0 
750 4.364829 0 
752 4.331358 0 
753 4.331067 0 
754 4.372946 0 
755 4.356322 0 
756 4.487449 0 
757 4.582694 0 
759 4.711706 0 
760 4.695745 0 
766 4.731642 0 
767 4.714010 0 
768 4.698076 0 
769 4.681183 0 
770 4.664066 0 
771 4.647877 0 
773 4.674505 0 
774 4.658654 0 
775 4.717842 0 
778 4.887939 0 
779 4.946470 0 
780 4.930256 0 
781 4.914314 0 
784 4.987694 0 
785 4.995855 0 
786 5.193979 0 
787 5.178152 0 
788 5.161536 0 
791 5.342431 0 
792 5.511963 0 
793 5.492630 0 
794 5.477156 0 
795 5.460098 0 
796 5.444277 0 
797 5.432392 0 
800 5.699016 0 
801 5.682586 0 
802 5.664487 0 
805 5.853899 0 
806 5.835198 0 
807 5.818938 0 
808 6.149397 0 
809 6.133641 0 
810 6.118947 0 
811 6.102936 0 
812 6.085677 0 
813 6.069175 0 
814 6.146822 0 
815 6.130738 0 
816 6.113815 0 
817 6.130340 0 
818 6.113801 0 
819 6.097874 0 
820 6.093110 0 
821 6.368511 0 
822 6.352319 0 
823 6.335947 0 
825 6.326415 0 
827 6.343421 0 
828 6.357713 0 
829 6.341420 0 
830 6.325363 0 
831 6.309185 0 
832 6.304339 0 
833 6.283460 0 
834 6.283702 0 
837 6.332170 0 
838 6.437687 0 
839 6.421425 0 
841 6.388758 0 
843 6.356690 0 
844 6.766860 0 
845 6.750391 0 
846 6.733647 0 
849 6.685863 0 
850 6.662965 0 
851 6.647022 0 
852 6.630861 0 
853 6.614620 0 
854 6.594874 0 
855 6.578411 0 
856 6.633151 0 
857 6.617227 0 
858 6.599362 0 
859 6.921792 0 
860 6.906048 0 
862 6.874368 0 
865 7.489028 0 
867 7.623928 0 
868 7.721050 0 
869 7.744601 0 
870 7.728842 0 
872 7.697023 0 
873 7.708721 0 
874 7.692397 0 
875 7.676008 0 
876 7.719149 0 
877 7.781326 0 
878 7.765743 0 
879 7.749689 0 
880 7.728067 0 
881 7.752360 0 
882 7.746292 0 
883 7.994601 0 
884 8.062836 0 
885 8.043305 0 
888 8.175748 0 
889 8.161084 0 
890 8.145100 0 
891 8.126682 0 
892 8.240589 0 
893 8.291885 0 
894 8.274846 0 
895 8.391744 0 
896 8.411786 0 
897 8.395516 0 
901 8.572923 0 
902 8.557538 0 
903 8.543497 0 
904 8.528323 0 
905 8.511832 0 
906 8.495052 0 
907 8.663008 0 
909 8.631009 0 
910 8.745453 0 
911 8.729316 0 
912 8.713155 0 
914 8.819892 0 
916 8.820156 0 
917 8.804288 0 
918 8.788315 0 
924 8.934366 0 
925 8.918409 0 
926 8.939516 0 
927 8.923464 0 
929 9.075202 0 
930 9.059922 0 
931 9.044111 0 
932 9.027967 0 
933 9.012518 0 
934 9.047662 0 
935 9.098953 0 
936 9.082834 0 
937 9.067119 0 
939 9.223313 0 
940 9.318545 0 
941 9.302773 0 
943 9.419764 0 
944 9.400604 0 
948 9.488930 0 
949 9.902900 0 
951 9.870626 0 
952 9.854493 0 
953 9.935112 0 
954 9.918993 0 
955 10.066344 0 
956 10.093373 0 
959 10.326217 0 
960 10.346921 0 
961 10.331047 0 
962 10.314607 0 
967 10.475158 0 
968 10.477622 0 
969 10.461414 0 
970 10.445343 0 
972 10.412674 0 
973 10.479011 0 
974 10.462502 0 
975 10.475469 0 
977 10.509470 0 
978 10.493330 0 
979 10.476665 0 
980 10.454183 0 
982 10.421698 0 
983 10.400903 0 
984 10.384647 0 
985 10.368404 0 
986 10.678191 0 
987 10.661184 0 
989 10.631975 0 
990 10.722866 0 
991 10.755255 0 
992 10.768431 0 
993 10.856858 0 
994 10.841434 0 
995 10.825707 0 
996 10.809415 0 
997 10.793120 0 
999 10.760685 0 
1000 10.833619 0 
1001 10.811853 0 
1002 10.795558 0 
1003 10.779026 0 
1004 10.762894 0 
1005 10.742032 0 
1006 10.767377 0 
1007 10.749212 0 
1008 10.746857 0 
1009 10.730483 0 
1011 10.841086 0 
1012 10.824764 0 
1013 10.808815 0 
1014 10.789191 0 
1015 10.816748 0 
1016 10.800406 0 
1017 10.784268 0 
1018 10.768288 0 
1019 10.752231 0 
1020 10.792128 0 
1021 10.773920 0 
1023 10.921522 0 
1024 10.906071 0 
1026 10.870854 0 
1027 10.854784 0 
1028 10.838309 0 
1029 10.822220 0 
1030 10.805696 0 
1031 10.976897 0 
1032 10.961003 0 
1033 10.944899 0 
1035 10.963020 0 
1036 10.945850 0 
1037 10.920374 0 
1038 10.904014 0 
1040 10.866355 0 
1042 10.891966 0 
1043 11.068503 0 
1045 11.464573 0 
1048 11.417064 0 
1049 11.537024 0 
1050 11.521625 0 
1051 11.498850 0 
1052 11.547475 0 
1053 11.526591 0 
1054 11.510138 0 
1055 11.559302 0 
1056 11.541951 0 
1057 11.523282 0 
1058 11.510011 0 
1059 11.486497 0 
1061 11.454377 0 
1063 11.421956 0 
1065 11.752980 0 
1066 11.737906 0 
1067 11.874376 0 
1068 11.930843 0 
1069 12.052371 0 
1071 12.020720 0 
1072 12.103338 0 
1074 12.226984 0 
1077 12.214881 0 
1078 12.198661 0 
1079 12.182812 0 
1080 12.166807 0 
1081 12.204117 0 
1082 12.187966 0 
1083 12.171920 0 
1084 12.155775 0 
1085 12.263209 0 
1087 12.253987 0 
1088 12.314215 0 
1089 12.448721 0 
1090 12.432289 0 
1091 12.410229 0 
1092 12.394355 0 
1093 12.375816 0 
1094 12.359697 0 
1095 12.420156 0 
1096 12.404047 0 
1098 12.377086 0 
1100 12.344784 0 
1101 12.346267 0 
1102 12.330173 0 
1103 12.370637 0 
1104 12.354569 0 
1105 12.338475 0 
1106 12.400438 0 
1108 12.407707 0 
1109 12.417652 0 
1110 12.401414 0 
1195 10.961277 0 
1196 10.993126 0 
1198 11.783198 0 
1199 11.767406 0 
1200 11.791775 0 
1201 11.772547 0 
1202 11.756242 0 
1203 11.789470 0 
1204 11.773418 0 
1205 11.757119 0 
1206 11.746337 0 
1207 11.730666 0 
1208 11.708691 0 
1209 11.699475 0 
1210 11.683399 0 
1211 11.692584 0 
1212 11.676134 0 
1213 11.660296 0 
1214 11.733145 0 
1215 11.713662 0 
1216 11.690865 0 
1217 11.674719 0 
1218 11.658799 0 
1219 11.642765 0 
1220 11.626354 0 
1221 12.033794 0 
1222 12.079723 0 
1223 12.095765 0 
1225 12.189482 0 
1226 12.309622 0 
1230 12.599566 0 
1231 12.583486 0 
1232 12.567590 0 
1234 12.786627 0 
1235 12.768419 0 
1236 12.752383 0 
1237 12.737246 0 
1239 12.704354 0 
1241 12.745623 0 
1242 12.727132 0 
1243 12.742105 0 
1244 12.724023 0 
1247 12.710256 0 
1248 12.772606 0 
1249 12.756623 0 
1250 12.740164 0 
1254 12.894543 0 
1255 12.878255 0 
1256 12.862055 0 
1257 12.845753 0 
1258 12.828887 0 
1260 12.844711 0 
1262 12.841948 0 
1263 12.837674 0 
1264 12.821257 0 
1265 12.800816 0 
1266 12.784358 0 
1267 12.783144 0 
1268 12.766783 0 
1272 12.919014 0 
1273 13.015046 0 
1274 12.998387 0 
1275 12.995599 0 
1276 12.979441 0 
1278 13.037565 0 
1279 13.070843 0 
1280 13.124084 0 
1281 13.182041 0 
1282 13.165993 0 
1288 13.578058 0 
1289 13.695477 0 
1290 13.679112 0 
1291 13.661242 0 
1292 13.645386 0 
1293 13.780420 0 
1294 13.764268 0 
1295 13.818516 0 
1297 13.785968 0 
1299 13.749294 0 
1300 13.820937 0 
1302 13.914206 0 
1303 13.897691 0 
1304 13.983809 0 
1308 14.173090 0 
1309 14.191433 0 
1310 14.176409 0 
1312 14.306642 0 
1314 14.313243 0 
1315 14.297100 0 
1316 14.280830 0 
1318 14.657923 0 
1319 14.641796 0 
1320 14.626935 0 
1322 14.594252 0 
1323 14.688454 0 
1324 14.693352 0 
1325 14.679072 0 
1326 14.727546 0 
1327 14.710887 0 
1329 14.771181 0 
1330 14.754522 0 
1331 14.808925 0 
1332 14.785024 0 
1333 14.768649 0 
1334 14.752697 0 
1335 14.866019 0 
1336 14.849941 0 
1337 14.833760 0 
1338 14.818050 0 
1339 14.801878 0 
1341 14.844635 0 
1342 14.828492 0 
1343 14.810218 0 
1344 14.927369 0 
1345 14.911320 0 
1346 15.123972 0 
1347 15.106565 0 
1349 15.073008 0 
1350 15.057323 0 
1351 15.041265 0 
1352 15.025127 0 
1353 15.008744 0 
1354 15.047532 0 
1355 15.031808 0 
1356 15.015650 0 
1357 14.999238 0 
1359 15.058383 0 
1360 15.037152 0 
1363 15.125075 0 
1364 15.108850 0 
1365 15.090943 0 
1366 15.300209 0 
1367 15.281828 0 
1368 15.305369 0 
1370 15.271883 0 
1372 15.441681 0 
1373 15.707576 0 
1375 15.672410 0 
1376 15.656543 0 
1377 15.640124 0 
1378 15.623857 0 
1380 15.592032 0 
1381 15.576130 0 
1382 15.559878 0 
1383 15.543857 0 
1384 15.625376 0 
1385 15.608263 0 
1387 15.575909 0 
1388 15.581582 0 
1389 15.613561 0 
1390 15.597044 0 
1391 15.581021 0 
1392 15.563847 0 
1393 15.689801 0 
1394 15.673757 0 
1395 15.765892 0 
1397 15.733931 0 
1398 15.717899 0 
1399 15.701969 0 
1400 15.685930 0 
1401 15.776246 0 
1402 15.759911 0 
1403 15.840899 0 
1405 15.855391 0 
1406 15.839478 0 
1407 15.905903 0 
1408 15.905021 0 
1409 15.888806 0 
1410 16.076825 0 
1411 16.060550 0 
1412 16.044369 0 
1413 16.079117 0 
1414 16.062826 0 
1415 16.044743 0 
1416 16.028523 0 
1417 16.055796 0 
1418 16.044603 0 
1419 16.028534 0 
1421 16.318232 0 
1422 16.302819 0 
1424 16.292628 0 
1425 16.276361 0 
1426 16.273165 0 
1427 16.454800 0 
1428 16.438497 0 
1429 16.418569 0 
1430 16.402249 0 
1431 16.379714 0 
1433 16.657391 0 
1434 16.637778 0 
1435 16.621513 0 
1436 16.605266 0 
1438 16.571534 0 
1440 16.539981 0 
1441 16.607912 0 
1442 17.097867 0 
1443 17.074069 0 
1446 17.027059 0 
1447 17.120661 0 
1448 17.100579 0 
1449 17.078191 0 
1450 17.104068 0 
1451 17.088256 0 
1452 17.156989 0 
1453 17.140870 0 
1454 17.145491 0 
1455 17.149597 0 
1456 17.126700 0 
1457 17.200595 0 
1459 17.167504 0 
1461 17.344929 0 
1462 17.426154 0 
1463 17.410040 0 
1464 17.388656 0 
1465 17.432123 0 
1466 17.415624 0 
1467 17.452391 0 
1469 17.471196 0 
1470 17.637280 0 
1471 17.621389 0 
1472 17.610647 0 
1473 17.595559 0 
1474 17.578850 0 
1475 17.562776 0 
1476 17.540371 0 
1477 17.644622 0 
1478 17.628254 0 
1479 17.715018 0 
1480 17.775211 0 
1481 17.787565 0 
1482 17.772177 0 
1483 17.755582 0 
1838 11.927760 0 
1839 11.942437 0 
1840 12.130360 0 
1841 12.263911 0 
1844 12.207320 0 
1845 12.185413 0 
1846 12.165402 0 
1847 12.149163 0 
1848 12.209177 0 
1849 12.224833 0 
1850 12.208327 0 
1851 12.192727 0 
1852 12.348991 0 
1853 12.332764 0 
1854 12.316557 0 
1855 12.299943 0 
1857 12.319895 0 
1859 12.364398 0 
1860 12.345837 0 
1861 12.361133 0 
1862 12.341240 0 
1863 12.324964 0 
1864 12.325904 0 
1865 12.434351 0 
1867 12.402184 0 
1868 12.385522 0 
1869 12.395955 0 
1870 12.380116 0 
1871 12.361666 0 
1872 12.354194 0 
1873 12.425601 0 
1874 12.406294 0 
1875 12.390174 0 
1876 12.373287 0 
1877 12.356504 0 
1878 12.413872 0 
1879 12.398037 0 
1880 12.381895 0 
1881 12.365653 0 
1883 12.374974 0 
1884 12.369194 0 
1885 12.361703 0 
1886 12.345421 0 
1887 12.345930 0 
1888 12.421844 0 
1889 12.405676 0 
1890 12.452482 0 
1891 12.436428 0 
1892 12.420306 0 
1894 12.431408 0 
1896 12.398874 0 
1897 12.382471 0 
1898 12.384545 0 
1899 12.368693 0 
1900 12.373085 0 
1901 12.355177 0 
1902 12.370288 0 
1904 12.507653 0 
1905 12.491552 0 
1906 12.475400 0 
1907 12.515238 0 
1909 12.474637 0 
1911 12.554888 0 
1912 12.582170 0 
1913 12.566248 0 
1915 12.530107 0 
1916 12.528343 0 
1917 12.575624 0 
1919 12.540629 0 
1920 12.528633 0 
1921 12.577868 0 
1922 12.561462 0 
1923 12.545542 0 
1924 12.529452 0 
1925 12.510062 0 
1926 12.493607 0 
1927 12.477656 0 
1928 12.461464 0 
1930 12.588561 0 
1931 12.572810 0 
1932 12.557096 0 
1933 12.540725 0 
1939 12.654645 0 
1940 12.638610 0 
1941 12.622738 0 
1942 12.620790 0 
1943 12.604355 0 
1944 12.654351 0 
1946 12.617203 0 
1947 12.601160 0 
1948 12.583740 0 
1949 12.567718 0 
1950 12.551641 0 
1951 12.535478 0 
1952 12.594934 0 
1953 12.578351 0 
1954 12.561785 0 
1955 12.647475 0 
1956 12.631351 0 
1957 12.614834 0 
1959 12.654776 0 
1960 12.638977 0 
1961 12.629367 0 
1962 12.705563 0 
1963 12.689618 0 
1964 12.672871 0 
1965 12.768429 0 
1967 12.734516 0 
1968 12.718016 0 
1969 12.702028 0 
1970 12.727239 0 
1972 12.781181 0 
1973 12.765025 0 
1974 12.748895 0 
1975 12.773289 0 
1977 12.779401 0 
1978 12.784710 0 
1979 12.767872 0 
1980 12.838357 0 
1981 12.859318 0 
1982 12.843173 0 
1985 12.860215 0 
1986 12.844006 0 
1987 12.827707 0 
1988 12.811262 0 
1989 12.859482 0 
1990 12.843318 0 
1991 12.838758 0 
1992 12.833938 0 
1994 12.801571 0 
1995 12.794980 0 
1996 12.785778 0 
1997 12.846228 0 
1998 12.830012 0 
1999 12.813669 0 
2000 12.795611 0 
2001 12.772247 0 
2003 12.869057 0 
2004 12.852984 0 
2005 12.837105 0 
2006 12.821053 0 
2007 12.804849 0 
2008 12.788846 0 
2009 12.773270 0 
2010 12.756635 0 
2011 12.754509 0 
2012 12.737695 0 
2017 12.798361 0 
2018 12.782336 0 
2019 12.765644 0 
2021 12.760542 0 
2022 12.800908 0 
2023 12.782998 0 
2024 12.855517 0 
2025 12.854048 0 
2026 12.837557 0 
2027 12.821528 0 
2028 12.859345 0 
2030 12.904856 0 
2031 12.888126 0 
2032 12.868809 0 
2033 12.845065 0 
2035 12.811791 0 
2037 12.791865 0 
2038 12.822286 0 
2039 12.841639 0 
2040 12.825170 0 
2043 12.770760 0 
2044 12.754390 0 
2045 12.788160 0 
2046 12.772034 0 
2047 12.755673 0 
2048 12.772217 0 
2049 12.756469 0 
2050 12.764827 0 
2051 12.748737 0 
2052 12.730932 0 
2053 12.714227 0 
2054 12.741618 0 
2056 12.727468 0 
2058 12.730541 0 
2059 12.714753 0 
2060 12.698654 0 
2061 12.702270 0 
2062 12.686319 0 
2063 12.670086 0 
2064 12.654181 0 
2066 12.661832 0 
2067 12.681819 0 
2068 12.668671 0 
2069 12.652134 0 
2070 12.643347 0 
2071 12.651206 0 
2072 12.635426 0 
2073 12.622126 0 
2074 12.606216 0 
2075 12.626729 0 
2076 12.606876 0 
2077 12.590514 0 
2078 12.602269 0 
2079 12.639538 0 
2080 12.622804 0 
2082 12.605353 0 
2083 12.604649 0 
2084 12.586212 0 
2085 12.703818 0 
2086 12.688051 0 
2087 12.671712 0 
2088 12.697963 0 
2089 12.704501 0 
2090 12.688281 0 
2091 12.671253 0 
2093 12.680711 0 
2095 12.644731 0 
2096 12.627960 0 
2097 12.667350 0 
2098 12.651515 0 
2099 12.697012 0 
2100 12.708645 0 
2101 12.834758 0 
2103 12.840805 0 
2104 12.828466 0 
2105 12.905833 0 
2106 12.884708 0 
2108 12.862774 0 
2110 12.924157 0 
2111 12.917299 0 
2112 12.901524 0 
2114 12.880730 0 
2115 12.895800 0 
2116 12.879827 0 
2118 12.846843 0 
2119 12.830280 0 
2120 12.816282 0 
2121 12.828397 0 
2122 12.810357 0 
2528 5.880291 0 
2529 5.974577 0 
2530 5.957990 0 
2531 5.985773 0 
2532 5.969690 0 
2533 5.963448 0 
2535 5.930831 0 
2536 5.937480 0 
2537 5.965570 0 
2538 5.949669 0 
2539 5.933461 0 
2540 5.916630 0 
2541 5.899211 0 
2543 5.892872 0 
2544 5.884826 0 
2545 5.868373 0 
2546 5.852173 0 
2547 5.834249 0 
2548 5.938308 0 
2549 5.921820 0 
2550 5.903011 0 
2551 5.883908 0 
2552 5.867296 0 
2553 5.850173 0 
2554 5.833462 0 
2556 5.864583 0 
2557 5.848216 0 
2558 5.828880 0 
2559 5.873515 0 
2560 5.857025 0 
2561 5.841124 0 
2562 5.824922 0 
2564 5.791903 0 
2565 5.776398 0 
2566 5.759002 0 
2567 5.742254 0 
2569 5.753778 0 
2570 5.737060 0 
2571 5.720529 0 
2572 5.728458 0 
2574 5.739099 0 
2575 5.727383 0 
2576 5.711299 0 
2577 5.695210 0 
2578 5.723583 0 
2579 5.704205 0 
2581 5.714294 0 
2582 5.697749 0 
2583 5.681817 0 
2584 5.776943 0 
2585 5.756294 0 
2586 5.740087 0 
2587 5.723446 0 
2588 5.707595 0 
2589 5.691059 0 
2591 5.680814 0 
2592 5.664284 0 
2593 5.648219 0 
2594 5.632209 0 
2595 5.613196 0 
2596 5.596300 0 
2597 5.579971 0 
2598 5.577424 0 
2599 5.561718 0 
2600 5.573301 0 
2601 5.558781 0 
2602 5.541265 0 
2603 5.561015 0 
2604 5.562567 0 
2605 5.546117 0 
2606 5.530611 0 
2607 5.517986 0 
2608 5.511151 0 
2609 5.517207 0 
2610 5.501241 0 
2611 5.484903 0 
2612 5.483004 0 
2613 5.466986 0 
2614 5.480888 0 
2615 5.464861 0 
2616 5.448510 0 
2618 5.414347 0 
2619 5.518619 0 
2620 5.502656 0 
2621 5.486306 0 
2622 5.470595 0 
2623 5.476656 0 
2624 5.460840 0 
2625 5.444118 0 
2627 5.443369 0 
2628 5.426158 0 
2629 5.410142 0 
2630 5.393846 0 
2632 5.361619 0 
2634 5.325964 0 
2635 5.356432 0 
2636 5.358445 0 
2637 5.342051 0 
2640 5.311236 0 
2641 5.306001 0 
2642 5.289680 0 
2643 5.287730 0 
2644 5.269522 0 
2645 5.253402 0 
2646 5.236113 0 
2647 5.332896 0 
2648 5.321377 0 
2649 5.305983 0 
2650 5.336922 0 
2651 5.318683 0 
2653 5.334748 0 
2655 5.302631 0 
2656 5.286735 0 
2657 5.273221 0 
2658 5.256631 0 
2659 5.236863 0 
2660 5.284425 0 
2661 5.267992 0 
2663 5.235797 0 
2664 5.219949 0 
2665 5.204051 0 
2666 5.188073 0 
2667 5.184937 0 
2668 5.191436 0 
2669 5.180329 0 
2670 5.163909 0 
2671 5.147289 0 
2672 5.130934 0 
2673 5.132824 0 
2674 5.116739 0 
2675 5.100510 0 
2676 5.100262 0 
2677 5.083729 0 
2679 5.092225 0 
2680 5.092788 0 
2681 5.088161 0 
2682 5.070735 0 
2683 5.054297 0 
2684 5.053249 0 
2685 5.045095 0 
2686 5.028863 0 
2687 5.012561 0 
2688 5.050191 0 
2690 5.018095 0 
2692 4.985590 0 
2693 4.968071 0 
2694 4.998995 0 
2695 4.982699 0 
2696 4.978948 0 
2697 4.972357 0 
2698 4.961909 0 
2700 4.926064 0 
2701 4.951555 0 
2702 4.935678 0 
2703 4.919555 0 
2705 4.905448 0 
2707 4.903033 0 
2708 4.886684 0 
2709 4.888773 0 
2711 4.854811 0 
2712 4.915200 0 
2713 4.900196 0 
2715 4.906965 0 
2716 4.890444 0 
2717 4.924954 0 
2718 4.908094 0 
2719 4.892700 0 
2722 4.943099 0 
2723 4.927590 0 
2724 4.987909 0 
2725 4.971627 0 
2726 4.955809 0 
2727 4.939702 0 
2728 4.923681 0 
2729 4.907441 0 
2731 4.984427 0 
2732 4.968180 0 
2734 4.985236 0 
2735 4.968820 0 
2736 4.994433 0 
2737 4.978392 0 
2738 4.981277 0 
2739 4.986465 0 
2740 4.966855 0 
2742 4.926841 0 
2743 4.903176 0 
2744 4.887007 0 
2745 4.867917 0 
2746 4.846962 0 
2747 4.837826 0 
2748 4.908831 0 
2749 4.892914 0 
2750 4.956098 0 
2752 5.254993 0 
2753 5.238846 0 
2755 5.205334 0 
2756 5.189481 0 
2757 5.173321 0 
2758 5.158261 0 
2759 5.231591 0 
2760 5.215925 0 
2761 5.199994 0 
2763 5.167684 0 
2764 5.151518 0 
2765 5.134873 0 
2766 5.301307 0 
2768 5.268945 0 
2769 5.252799 0 
2771 5.352736 0 
2773 5.320192 0 
2774 5.303896 0 
2775 5.410361 0 
2776 5.394710 0 
2777 5.488878 0 
2778 5.472638 0 
2780 5.440916 0 
2781 5.422713 0 
2782 5.540315 0 
2783 5.567199 0 
2784 5.551762 0 
2785 5.686488 0 
2786 5.788182 0 
2787 5.772849 0 
2788 5.756737 0 
2790 5.957297 0 
2791 5.940700 0 
2792 5.924592 0 
2793 6.071447 0 
2794 6.111488 0 
2795 6.095228 0 
2796 6.221417 0 
2797 6.205232 0 
2798 6.326098 0 
2799 6.350819 0 
2800 6.333858 0 
2801 6.317198 0 
2802 6.421595 0 
2803 6.404237 0 
2804 6.387844 0 
2805 6.378699 0 
2806 6.362835 0 
2807 6.346607 0 
2808 6.330369 0 
2809 6.354390 0 
2810 6.560431 0 
2811 6.544062 0 
2812 6.527655 0 
2813 6.511828 0 
2814 6.495883 0 
2815 6.513842 0 
2817 6.481594 0 
2879 5.488245 0 
2880 5.560844 0 
2881 5.544242 0 
2882 5.654387 0 
2884 5.799235 0 
2885 5.782502 0 
2886 5.771419 0 
2887 5.981707 0 
2889 6.106153 0 
2891 6.071977 0 
2892 6.055386 0 
2893 6.040394 0 
2894 6.023629 0 
2895 6.007515 0 
2896 6.071730 0 
2897 6.054836 0 
2900 6.050358 0 
2901 6.048715 0 
2902 6.054740 0 
2904 6.080310 0 
2906 6.046039 0 
2907 6.030347 0 
2908 6.144270 0 
2910 6.154692 0 
2911 6.237539 0 
2912 6.220634 0 
2914 6.188148 0 
2915 6.247883 0 
2916 6.231607 0 
2917 6.215534 0 
2918 6.199389 0 
2919 6.382974 0 
2920 6.366917 0 
2921 6.505117 0 
2922 6.489287 0 
2923 6.501449 0 
2924 6.483447 0 
2925 6.621388 0 
2926 6.605175 0 
2927 6.589027 0 
2928 6.671332 0 
2929 6.655195 0 
2930 6.638654 0 
2931 6.622997 0 
2933 6.591018 0 
2934 6.572474 0 
2935 6.561929 0 
2936 6.613856 0 
2937 6.597901 0 
2941 6.844605 0 
2942 6.828365 0 
2943 6.812466 0 
2944 6.881156 0 
2945 6.864191 0 
2946 6.887680 0 
2947 6.983768 0 
2948 6.964082 0 
2949 6.947835 0 
2950 7.011133 0 
2951 6.991877 0 
2952 6.977043 0 
2954 6.945150 0 
2955 6.929344 0 
2956 6.923275 0 
2957 7.028955 0 
2958 7.013580 0 
2959 7.019995 0 
2960 7.020071 0 
2962 6.986264 0 
2963 6.978530 0 
2964 6.991745 0 
2965 6.989794 0 
2967 6.976133 0 
2968 6.957758 0 
2969 6.938719 0 
2970 6.919672 0 
2974 7.031366 0 
2976 7.178605 0 
2977 7.162820 0 
2979 7.130019 0 
2980 7.347933 0 
2981 7.331770 0 
2982 7.315487 0 
2983 7.298620 0 
2984 7.282480 0 
2985 7.266200 0 
2986 7.250136 0 
2987 7.486023 0 
2989 7.452535 0 
2990 7.517056 0 
2991 7.564641 0 
2992 7.548547 0 
2993 7.704705 0 
2994 7.707644 0 
2995 7.690594 0 
2996 7.674179 0 
2997 7.863404 0 
2998 7.844916 0 
2999 7.829302 0 
3000 7.859720 0 
3002 7.869873 0 
3003 7.875998 0 
3004 7.859482 0 
3005 7.904099 0 
3006 7.888096 0 
3007 7.882177 0 
3008 8.089805 0 
3009 8.073250 0 
3010 8.057285 0 
3011 8.091564 0 
3012 8.075687 0 
3013 8.059474 0 
3014 8.042972 0 
3016 8.061279 0 
3017 8.107614 0 
3018 8.091235 0 
3019 8.075450 0 
3020 8.059737 0 
3021 8.043226 0 
3022 8.026344 0 
3023 8.037225 0 
3025 8.057019 0 
3026 8.040273 0 
3027 8.189305 0 
3028 8.173347 0 
3030 8.136471 0 
3032 8.176130 0 
3033 8.239826 0 
3034 8.223359 0 
3035 8.207197 0 
3038 8.158484 0 
3039 8.324995 0 
3040 8.308821 0 
3041 8.292528 0 
3042 8.308846 0 
3043 8.292853 0 
3044 8.456038 0 
3045 8.455708 0 
3046 8.449126 0 
3047 8.465084 0 
3048 8.449053 0 
3049 8.595521 0 
3051 8.563322 0 
3053 8.694108 0 
3054 8.678089 0 
3055 8.924313 0 
3056 8.908454 0 
3057 8.892265 0 
3058 8.869090 0 
3059 8.906178 0 
3061 8.872562 0 
3062 9.006486 0 
3063 8.990216 0 
3064 8.974180 0 
3065 8.957811 0 
3066 8.935803 0 
3067 8.950038 0 
3068 9.057950 0 
3069 9.039205 0 
3070 9.165626 0 
3071 9.146729 0 
3072 9.131021 0 
3073 9.111745 0 
3074 9.094889 0 
3075 9.122780 0 
3077 9.317050 0 
3078 9.526471 0 
3079 9.510542 0 
3080 9.731032 0 
3081 9.714679 0 
3082 9.698337 0 
3083 9.769234 0 
3084 9.752640 0 
3085 9.736911 0 
3086 9.719551 0 
3088 9.704007 0 
3090 9.790406 0 
3091 9.773655 0 
3092 9.758412 0 
3093 9.741507 0 
3094 9.724416 0 
3095 9.916985 0 
3096 9.900176 0 
3098 9.875903 0 
3099 10.064285 0 
3100 10.043115 0 
3101 10.027191 0 
3103 10.177298 0 
3105 10.144683 0 
3106 10.128728 0 
3107 10.112651 0 
3109 10.099575 0 
3110 10.217971 0 
3111 10.201655 0 
3113 10.169322 0 
3114 10.153131 0 
3115 10.136751 0 
3116 10.186561 0 
3117 10.170469 0 
3118 10.369841 0 
3119 10.354330 0 
3120 10.338443 0 
3121 10.318425 0 
3122 10.295624 0 
3123 10.279313 0 
3124 10.259962 0 
3125 10.243150 0 
3126 10.226945 0 
3127 10.378712 0 
3128 10.362151 0 
3129 10.345963 0 
3130 10.329395 0 
3132 10.297395 0 
3133 10.346204 0 
3134 10.329794 0 
3135 10.313948 0 
3136 10.314801 0 
3137 10.298419 0 
3138 10.305211 0 
3140 10.269645 0 
3141 10.511626 0 
3142 10.495346 0 
3143 10.474202 0 
3144 10.458412 0 
3145 10.581476 0 
3146 10.681994 0 
3147 10.665908 0 
3148 10.650152 0 
3149 10.634882 0 
3150 10.675032 0 
3151 10.658770 0 
3153 10.626196 0 
3154 10.609812 0 
3155 10.617912 0 
3156 10.621650 0 
3157 10.598233 0 
3158 10.843814 0 
3159 10.827830 0 
3161 10.793274 0 
3162 10.777617 0 
3163 10.758535 0 
3166 10.779642 0 
3167 10.764224 0 
3168 10.747801 0 
3169 10.731514 0 
3171 10.697825 0 
3200 10.222373 0 
3201 10.205953 0 
3202 10.190000 0 
3203 10.173760 0 
3204 10.181150 0 
3205 10.165216 0 
3206 10.176117 0 
3207 10.160454 0 
3208 10.176059 0 
3209 10.159636 0 
3210 10.143637 0 
3211 10.127501 0 
3212 10.167551 0 
3213 10.151325 0 
3215 10.118551 0 
3216 10.152067 0 
3217 10.162610 0 
3218 10.312762 0 
3219 10.296271 0 
3220 10.279608 0 
3221 10.279644 0 
3222 10.263215 0 
3224 10.272404 0 
3225 10.320104 0 
3226 10.303345 0 
3227 10.287230 0 
3229 10.254861 0 
3231 10.218656 0 
3232 10.306720 0 
3233 10.511953 0 
3234 10.496617 0 
3237 10.445449 0 
3238 10.576372 0 
3239 10.560112 0 
3240 10.544168 0 
3241 10.598754 0 
3242 10.582747 0 
3243 10.565043 0 
3244 10.561931 0 
3245 10.537751 0 
3246 10.520540 0 
3247 10.503525 0 
3248 10.487727 0 
3250 10.650873 0 
3252 10.820929 0 
3257 10.995309 0 
3258 10.979340 0 
3260 10.946835 0 
3262 10.915033 0 
3263 10.898796 0 
3264 10.877466 0 
3266 11.096501 0 
3267 11.194054 0 
3268 11.178043 0 
3269 11.339182 0 
3270 11.323570 0 
3271 11.307547 0 
3272 11.291419 0 
3273 11.328267 0 
3274 11.430032 0 
3276 11.468111 0 
3277 11.706052 0 
3278 11.689935 0 
3279 11.695904 0 
3280 11.680329 0 
3281 11.663808 0 
3282 11.647963 0 
3283 11.798114 0 
3284 11.781952 0 
3285 11.765967 0 
3287 11.901464 0 
3289 11.865443 0 
3290 11.957811 0 
3291 11.942800 0 
3292 11.926666 0 
3293 11.908660 0 
3294 11.931089 0 
3295 11.915231 0 
3297 11.973824 0 
3298 11.954651 0 
3299 11.937268 0 
3300 11.997592 0 
3302 11.975763 0 
3304 11.969005 0 
3305 12.013868 0 
3306 11.995507 0 
3308 12.031137 0 
3309 12.015046 0 
3310 12.052584 0 
3312 12.110675 0 
3313 12.094304 0 
3314 12.123265 0 
3315 12.173424 0 
3316 12.157289 0 
3317 12.139934 0 
3318 12.236131 0 
3319 12.245585 0 
3320 12.399987 0 
3321 12.383817 0 
3322 12.367243 0 
3323 12.409688 0 
3324 12.393288 0 
3325 12.376151 0 
3326 12.426210 0 
3327 12.521377 0 
3328 12.505448 0 
3329 12.489095 0 
3331 12.456511 0 
3332 12.440098 0 
3333 12.424032 0 
3334 12.408081 0 
3335 12.419127 0 
3336 12.443657 0 
3337 12.427300 0 
3339 12.424375 0 
3340 12.409119 0 
3341 12.393032 0 
3342 12.376632 0 
3343 12.359921 0 
3344 12.415009 0 
3345 12.459553 0 
3346 12.443421 0 
3347 12.427510 0 
3348 12.451776 0 
3349 12.459107 0 
3350 12.536640 0 
3352 12.504131 0 
3353 12.488390 0 
3354 12.579261 0 
3355 12.564667 0 
3356 12.548585 0 
3357 12.532828 0 
3358 12.513269 0 
3360 12.470540 0 
3361 12.469560 0 
3362 12.462109 0 
3363 12.446037 0 
3365 12.585874 0 
3366 12.569575 0 
3367 12.553292 0 
3368 12.536840 0 
3370 12.568364 0 
3371 12.682751 0 
3372 12.660685 0 
3373 12.680232 0 
3374 12.663811 0 
3375 12.647675 0 
3377 12.615145 0 
3378 12.888579 0 
3379 12.873069 0 
3380 12.954539 0 
3381 12.938034 0 
3382 12.982070 0 
3383 12.968537 0 
3384 12.953040 0 
3385 12.936802 0 
3387 12.994292 0 
3388 12.977994 0 
3389 12.961764 0 
3390 12.939880 0 
3391 12.986112 0 
3392 12.975616 0 
3393 12.959287 0 
3394 12.939767 0 
3395 12.940985 0 
3396 12.966369 0 
3397 12.950299 0 
3398 13.114915 0 
3399 13.098622 0 
3400 13.081941 0 
3401 13.140499 0 
3402 13.124016 0 
3403 13.237795 0 
3404 13.221562 0 
3406 13.183076 0 
3407 13.166906 0 
3408 13.183556 0 
3409 13.167246 0 
3410 13.146907 0 
3411 13.131147 0 
3412 13.243497 0 
3414 13.209486 0 
3415 13.193827 0 
3416 13.177997 0 
3417 13.275061 0 
3418 13.257281 0 
3419 13.239962 0 
3420 13.224294 0 
3421 13.311368 0 
3423 13.279807 0 
3424 13.263338 0 
3425 13.247096 0 
3426 13.230930 0 
3428 13.198611 0 
3430 13.285430 0 
3431 13.298909 0 
3432 13.571188 0 
3433 13.621517 0 
3436 13.572436 0 
3437 13.556583 0 
3438 13.540428 0 
3439 13.524397 0 
3440 13.508032 0 
3441 13.489259 0 
3442 13.472959 0 
3443 13.456824 0 
3444 13.437128 0 
3445 13.420492 0 
3446 13.404406 0 
3447 13.386792 0 
3449 13.354665 0 
3451 13.317158 0 
3452 13.300478 0 
3453 13.500367 0 
3454 13.614401 0 
3455 13.598391 0 
3456 13.583905 0 
3457 13.568007 0 
3459 13.535664 0 
3460 13.513703 0 
3461 13.497506 0 
3462 13.481593 0 
3463 13.465488 0 
3464 13.448475 0 
3465 13.432182 0 
3466 13.415550 0 
3467 13.399607 0 
3468 13.379037 0 
3469 13.362768 0 
3470 13.346684 0 
3471 13.378722 0 
3472 13.364734 0 
3473 13.348511 0 
3475 13.629893 0 
3476 13.615168 0 
3477 13.598960 0 
3478 13.583357 0 
3479 13.567665 0 
3480 13.551767 0 
3481 13.529410 0 
3482 13.508745 0 
3484 13.597547 0 
3802 8.394730 0 
3803 8.449460 0 
3804 8.433776 0 
3805 8.418180 0 
3806 8.545648 0 
3807 8.528727 0 
3808 8.626100 0 
3809 8.609985 0 
3810 8.594667 0 
3812 8.559689 0 
3814 8.526614 0 
3815 8.602671 0 
3816 8.846682 0 
3817 8.827527 0 
3818 8.811341 0 
3819 8.795212 0 
3821 8.830803 0 
3822 8.973713 0 
3823 8.957359 0 
3824 8.934281 0 
3826 8.901692 0 
3828 8.868139 0 
3829 8.851215 0 
3830 8.925898 0 
3831 8.904305 0 
3834 8.914125 0 
3835 8.891472 0 
3836 8.874984 0 
3837 8.859307 0 
3838 8.977176 0 
3839 8.961227 0 
3840 8.945240 0 
3841 9.000732 0 
3842 8.984624 0 
3843 9.240507 0 
3844 9.221033 0 
3845 9.203918 0 
3847 9.363398 0 
3849 9.329702 0 
3850 9.392584 0 
3851 9.376519 0 
3852 9.360617 0 
3853 9.445795 0 
3855 9.470231 0 
3857 9.722291 0 
3858 9.706137 0 
3859 9.759495 0 
3860 9.743519 0 
3861 9.935235 0 
3862 9.918967 0 
3863 9.902960 0 
3864 9.887157 0 
3865 9.882238 0 
3866 9.866112 0 
3867 9.892628 0 
3868 9.876747 0 
3869 9.963061 0 
3870 9.946985 0 
3871 9.930769 0 
3873 10.019895 0 
3874 10.152022 0 
3875 10.196916 0 
3876 10.264781 0 
3877 10.248799 0 
3878 10.233070 0 
3879 10.244513 0 
3880 10.228481 0 
3881 10.212633 0 
3882 10.195796 0 
3884 10.448934 0 
3886 10.416282 0 
3887 10.480136 0 
3888 10.464180 0 
3889 10.447972 0 
3890 10.496691 0 
3891 10.478886 0 
3892 10.462800 0 
3894 10.431169 0 
3895 10.414042 0 
3896 10.398761 0 
3897 10.383707 0 
3899 10.461193 0 
3901 10.428040 0 
3902 10.411931 0 
3903 10.392586 0 
3905 10.431146 0 
3906 10.412193 0 
3907 10.442737 0 
3909 10.407500 0 
3910 10.391279 0 
3911 10.374600 0 
3912 10.358668 0 
3913 10.341360 0 
3914 10.345611 0 
3915 10.398944 0 
3916 10.382786 0 
3917 10.366062 0 
3918 10.481248 0 
3919 10.465008 0 
3920 10.471138 0 
3921 10.455038 0 
3922 10.485222 0 
3923 10.469323 0 
3924 10.452473 0 
3925 10.491443 0 
3926 10.473147 0 
3928 10.454828 0 
3929 10.439027 0 
3930 10.422679 0 
3931 10.403556 0 
3932 10.425869 0 
3933 10.564173 0 
3934 10.548550 0 
3936 10.515540 0 
3937 10.499177 0 
3938 10.752465 0 
3939 10.736511 0 
3942 10.737057 0 
3943 10.720330 0 
3944 10.700448 0 
3945 10.685263 0 
3946 10.668815 0 
3947 10.652475 0 
3949 10.619673 0 
3950 10.720363 0 
3951 10.704397 0 
3952 10.682803 0 
3953 10.753947 0 
3954 10.737805 0 
3955 10.729115 0 
3957 10.694967 0 
3958 10.845368 0 
3959 10.827294 0 
3960 10.934630 0 
3962 10.898573 0 
3963 10.878576 0 
3964 11.146145 0 
3965 11.126570 0 
3967 11.304746 0 
3968 11.289734 0 
3969 11.270278 0 
3970 11.254264 0 
3971 11.239499 0 
3972 11.223373 0 
3974 11.227578 0 
3975 11.211561 0 
3976 11.239242 0 
3977 11.358826 0 
3978 11.338442 0 
3979 11.322287 0 
3980 11.322370 0 
3981 11.324346 0 
3982 11.305396 0 
3984 11.274224 0 
3985 11.307542 0 
3986 11.291693 0 
3987 11.276018 0 
3988 11.259366 0 
3989 11.243563 0 
3990 11.264494 0 
3991 11.303525 0 
3992 11.302409 0 
3993 11.294703 0 
3994 11.399004 0 
3995 11.383035 0 
3996 11.366836 0 
3997 11.468011 0 
3998 11.451979 0 
3999 11.456931 0 
4000 11.439859 0 
4001 11.423384 0 
4002 11.407137 0 
4003 11.416653 0 
4004 11.490102 0 
4005 11.473896 0 
4006 11.457561 0 
4007 11.441654 0 
4008 11.424631 0 
4009 11.498901 0 
4011 11.510080 0 
4012 11.496758 0 
4013 11.516822 0 
4014 11.500586 0 
4015 11.682354 0 
4016 11.666621 0 
4017 11.675770 0 
4018 11.659422 0 
4020 11.640920 0 
4021 11.620699 0 
4022 11.604818 0 
4023 11.588135 0 
4025 11.555262 0 
4027 11.523047 0 
4028 11.704603 0 
4029 11.869149 0 
4030 11.934876 0 
4033 11.997422 0 
4034 11.981520 0 
4035 11.964492 0 
4036 11.948433 0 
4037 11.934321 0 
4038 12.023521 0 
4039 12.007194 0 
4040 12.006351 0 
4041 11.990554 0 
4042 11.974018 0 
4043 11.982727 0 
4044 12.219306 0 
4046 12.186875 0 
4048 12.196655 0 
4049 12.180713 0 
4050 12.164598 0 
4051 12.244523 0 
4052 12.275913 0 
4053 12.259745 0 
4054 12.243670 0 
4056 12.210886 0 
4057 12.431082 0 
4058 12.414935 0 
4059 12.399595 0 
4060 12.383649 0 
4061 12.396205 0 
4062 12.378615 0 
4063 12.362335 0 
4064 12.419659 0 
4065 12.403848 0 
4066 12.387471 0 
4067 12.434178 0 
4068 12.417963 0 
4069 12.401475 0 
4070 12.519334 0 
4072 12.573914 0 
4073 12.637356 0 
4074 12.631888 0 
4075 12.615656 0 
4076 12.599309 0 
4077 12.577382 0 
4078 12.561202 0 
4079 12.687511 0 
4080 12.687654 0 
4081 12.671068 0 
4083 12.824604 0 
4085 12.791899 0 
4086 12.775825 0 
4087 12.842434 0 
4089 12.931837 0 
4090 12.916348 0 
4294 9.471102 0 
4295 9.454119 0 
4297 9.435076 0 
4299 9.575515 0 
4300 9.559860 0 
4301 9.543336 0 
4303 9.511279 0 
4305 9.640982 0 
4307 9.606769 0 
4308 9.590324 0 
4309 9.696115 0 
4310 9.812912 0 
4311 9.797041 0 
4312 9.781010 0 
4313 9.764957 0 
4314 9.844065 0 
4315 9.897872 0 
4316 9.881597 0 
4317 9.865700 0 
4318 9.872761 0 
4319 9.897688 0 
4320 9.881001 0 
4321 9.864430 0 
4322 9.877680 0 
4323 9.863968 0 
4324 9.959441 0 
4326 9.927294 0 
4327 9.907595 0 
4329 10.013568 0 
4330 10.120016 0 
4331 10.103357 0 
4332 10.088305 0 
4334 10.240473 0 
4335 10.222197 0 
4336 10.337223 0 
4337 10.328169 0 
4338 10.312065 0 
4339 10.357379 0 
4340 10.341165 0 
4341 10.321453 0 
4342 10.305290 0 
4948 0.019345 1 
4949 0.009141 1 
4950 0.006434 1 
4952 0.015338 1 
4953 0.015304 1 
4343 10.471472 0 
4344 10.454803 0 
4345 10.438594 0 
4954 0.140584 1 
4957 0.115150 1 
4958 0.098957 1 
4959 0.083023 1 
4960 0.077875 1 
4347 10.491627 0 
4962 0.048185 1 
4963 0.032773 1 
4964 0.016479 1 
4965 0.017156 1 
4348 10.498489 0 
4349 10.480626 0 
4966 0.006373 1 
4967 0.005696 1 
4350 10.507007 0 
4351 10.490951 0 
4352 10.763109 0 
4353 10.742335 0 
4355 10.706552 0 
4356 10.691022 0 
4970 0.283650 1 
4971 0.268438 1 
4972 0.252766 1 
4973 0.236747 1 
4974 0.217573 1 
4975 0.200821 1 
4976 0.184691 1 
4977 0.168669 1 
4980 0.120375 1 
4981 0.104182 1 
4982 0.087783 1 
4983 0.071683 1 
4984 0.054186 1 
4985 0.038245 1 
4986 0.022205 1 
4987 0.013295 1 
4357 10.717737 0 
4988 0.009671 1 
4989 0.012225 1 
4990 0.008446 1 
4991 0.005275 1 
4992 0.012824 1 
4993 0.008142 1 
4994 0.007197 1 
4358 10.805706 0 
4360 10.772812 0 
4361 10.757079 0 
4995 0.020007 1 
4996 0.005785 1 
4362 10.880442 0 
4363 10.864160 0 
4365 10.870693 0 
4366 10.855085 0 
4367 10.838802 0 
5000 0.091987 1 
5001 0.074265 1 
5002 0.057871 1 
5003 0.042011 1 
5004 0.020328 1 
5006 0.008960 1 
5007 0.011090 1 
5008 0.007344 1 
5009 0.005388 1 
4368 10.903923 0 
4369 10.887900 0 
4370 10.931116 0 
4372 10.893567 0 
4373 10.887664 0 
4374 10.893882 0 
4375 10.874284 0 
4376 10.879858 0 
5010 0.133510 1 
4377 10.930032 0 
4378 10.913234 0 
4379 10.902673 0 
4380 10.885795 0 
4382 10.852559 0 
5013 0.196863 1 
5015 0.163958 1 
5016 0.147566 1 
5020 0.082373 1 
5022 0.049853 1 
4383 10.891653 0 
4384 10.872767 0 
4385 10.850702 0 
4386 10.826875 0 
5023 0.041594 1 
5024 0.027544 1 
5025 0.034118 1 
5028 0.012967 1 
5029 0.009350 1 
5030 0.009400 1 
4388 10.887764 0 
4389 10.871390 0 
5031 0.021939 1 
5032 0.009912 1 
5033 0.010281 1 
5034 0.013098 1 
4390 10.943442 0 
4391 10.927494 0 
4392 10.911036 0 
5035 0.019975 1 
5036 0.007980 1 
5037 0.015768 1 
5038 0.006647 1 
5039 0.005479 1 
4393 10.975552 0 
5041 0.006309 1 
5043 0.014839 1 
5044 0.008773 1 
5045 0.007873 1 
5046 0.006510 1 
5047 0.007823 1 
5048 0.004765 1 
4398 11.044635 0 
4399 11.028269 0 
4400 11.012372 0 
4401 10.993401 0 
4402 10.967729 0 
4403 10.951779 0 
5049 0.009828 1 
4404 10.978896 0 
4405 10.962699 0 
5052 0.353909 1 
5053 0.337426 1 
5054 0.321482 1 
5055 0.305479 1 
5056 0.289362 1 
5057 0.271336 1 
5058 0.255234 1 
5059 0.238938 1 
5060 0.222557 1 
5061 0.199444 1 
5062 0.183035 1 
5063 0.163493 1 
5064 0.147472 1 
4411 11.212979 0 
4412 11.196934 0 
5067 0.131060 1 
5068 0.114661 1 
5069 0.097777 1 
5070 0.081457 1 
5071 0.065545 1 
5072 0.049381 1 
5073 0.033405 1 
5074 0.030894 1 
5075 0.014452 1 
5076 0.007224 1 
5078 0.020684 1 
5080 0.008451 1 
5081 0.005678 1 
5082 0.005008 1 
5083 0.006675 1 
5084 0.006562 1 
5085 0.012632 1 
5086 0.009823 1 
5088 0.008402 1 
5089 0.008940 1 
5090 0.007093 1 
5091 0.005658 1 
4413 11.536642 0 
4414 11.520689 0 
4415 11.504830 0 
5093 0.021002 1 
5095 0.006938 1 
5096 0.014076 1 
5097 0.006654 1 
4416 11.568800 0 
5099 0.014272 1 
4418 11.563449 0 
4419 11.542402 0 
4420 11.525888 0 
4421 11.509759 0 
4423 11.474712 0 
4425 11.441745 0 
5100 0.014527 1 
5101 0.021634 1 
5103 0.005914 1 
5104 0.013203 1 
5105 0.006023 1 
5106 0.010198 1 
5107 0.005377 1 
5108 0.020831 1 
5109 0.012857 1 
5110 0.010799 1 
5111 0.013390 1 
5112 0.017040 1 
4426 11.636604 0 
4427 11.620548 0 
5113 0.007131 1 
5114 0.014675 1 
5115 0.005976 1 
4428 11.658779 0 
4431 11.608011 0 
5116 0.015849 1 
5117 0.006512 1 
5118 0.008463 1 
5119 0.010483 1 
5120 0.005382 1 
4432 11.692779 0 
5122 0.014100 1 
5123 0.010556 1 
5124 0.007649 1 
5125 0.008123 1 
4433 11.721530 0 
4434 11.705077 0 
5126 0.014014 1 
5127 0.007754 1 
4435 11.718594 0 
5128 0.007288 1 
5130 0.008837 1 
5131 0.009156 1 
5132 0.005927 1 
5133 0.008838 1 
5134 0.011730 1 
4436 11.827286 0 
4437 11.811191 0 
4438 11.795703 0 
5135 0.009287 1 
5136 0.012624 1 
5137 0.006406 1 
5138 0.041464 1 
5139 0.025455 1 
5140 0.017848 1 
5141 0.017854 1 
5143 0.007253 1 
5144 0.013631 1 
5145 0.012355 1 
5146 0.008749 1 
4439 11.975687 0 
5147 0.011983 1 
4440 11.984122 0 
4441 11.968007 0 
4442 11.951243 0 
4444 11.919014 0 
5148 0.012993 1 
5149 0.009476 1 
4446 11.929991 0 
4447 11.914343 0 
4448 11.895960 0 
5151 0.008906 1 
5152 0.018506 1 
5153 0.032677 1 
5154 0.013490 1 
5156 0.010045 1 
5157 0.012132 1 
4449 12.058634 0 
4450 12.039344 0 
5158 0.138886 1 
4451 12.117994 0 
4452 12.101749 0 
4454 12.068518 0 
5161 0.136643 1 
5162 0.119419 1 
5163 0.103024 1 
5164 0.086973 1 
5165 0.070749 1 
5166 0.054621 1 
5168 0.022227 1 
5169 0.036982 1 
5170 0.020430 1 
4455 12.125145 0 
4456 12.109262 0 
4457 12.093145 0 
5171 0.016371 1 
5172 0.006439 1 
5173 0.012679 1 
4458 12.167949 0 
4459 12.151870 0 
4460 12.135625 0 
4461 12.155658 0 
4462 12.139204 0 
4463 12.122948 0 
4464 12.130450 0 
4466 12.155943 0 
5176 0.159600 1 
5178 0.123914 1 
5179 0.106244 1 
5180 0.090338 1 
5181 0.073876 1 
5182 0.052588 1 
5183 0.036870 1 
4467 12.206086 0 
4468 12.189722 0 
5184 0.052596 1 
5185 0.048963 1 
5186 0.032557 1 
5187 0.043404 1 
5188 0.026596 1 
5189 0.020543 1 
4470 12.202227 0 
4471 12.186141 0 
4472 12.169485 0 
4473 12.153151 0 
4474 12.137088 0 
5190 0.011743 1 
5191 0.011719 1 
5192 0.012568 1 
4475 12.173904 0 
5193 0.008273 1 
5194 0.013235 1 
5195 0.012539 1 
5196 0.005842 1 
4476 12.218344 0 
5197 0.009288 1 
5198 0.009153 1 
5199 0.014771 1 
5200 0.017232 1 
5201 0.011742 1 
5202 0.007870 1 
5203 0.009704 1 
5205 0.007831 1 
5206 0.010958 1 
5207 0.009586 1 
5208 0.012109 1 
5209 0.007904 1 
5210 0.007769 1 
5211 0.011035 1 
5212 0.013701 1 
5214 0.013865 1 
5215 0.012204 1 
5216 0.011101 1 
5219 0.011586 1 
5221 0.010178 1 
5222 0.025799 1 
5223 0.020513 1 
5224 0.019074 1 
5227 0.013028 1 
5228 0.007455 1 
4477 12.755788 0 
5229 0.033028 1 
5230 0.016958 1 
5231 0.008413 1 
5232 0.011005 1 
5233 0.007132 1 
5234 0.011761 1 
5235 0.011366 1 
5236 0.028234 1 
5237 0.013305 1 
4479 12.876628 0 
5238 0.009352 1 
4483 12.844112 0 
4484 12.828018 0 
4485 12.811847 0 
4486 12.791574 0 
5240 0.020511 1 
5242 0.015742 1 
4487 12.822264 0 
5243 0.007683 1 
5244 0.011934 1 
4488 12.831875 0 
4489 12.815820 0 
4491 12.777181 0 
5245 0.018117 1 
4492 12.785142 0 
4493 12.769300 0 
5246 0.012716 1 
5247 0.012661 1 
5248 0.015952 1 
4494 12.827929 0 
4496 12.796398 0 
4498 12.764408 0 
4499 12.748293 0 
4500 12.732198 0 
4502 12.699607 0 
5250 0.025037 1 
5251 0.008968 1 
4503 12.697199 0 
5252 0.020437 1 
4504 12.710790 0 
4506 12.678194 0 
4507 12.662185 0 
5253 0.012008 1 
5254 0.016600 1 
5255 0.012751 1 
5256 0.008097 1 
4508 12.692693 0 
4509 12.676779 0 
5257 0.010103 1 
4510 12.683853 0 
5258 0.015369 1 
5259 0.012705 1 
5260 0.011060 1 
5261 0.014736 1 
5262 0.012471 1 
5263 0.015939 1 
5264 0.008980 1 
4513 12.746254 0 
4514 12.730408 0 
5266 0.014638 1 
4515 12.760579 0 
4516 12.738708 0 
4517 12.722511 0 
4518 12.706390 0 
5267 0.024898 1 
5268 0.008385 1 
5269 0.006456 1 
5270 0.011653 1 
5271 0.010871 1 
5272 0.009048 1 
5273 0.011975 1 
5274 0.007752 1 
5275 0.007301 1 
4519 12.829302 0 
4520 12.812609 0 
4521 12.792851 0 
4522 12.777433 0 
4523 12.761129 0 
4525 12.723661 0 
4526 12.707643 0 
5277 0.011204 1 
5279 0.012701 1 
4528 12.748886 0 
5280 0.011131 1 
5281 0.016592 1 
5282 0.019571 1 
4529 12.794309 0 
4530 12.777098 0 
5283 0.013165 1 
5284 0.019900 1 
4533 12.846733 0 
4534 12.829381 0 
5288 0.140303 1 
5289 0.124306 1 
5290 0.106765 1 
5292 0.074193 1 
5294 0.041669 1 
5295 0.025631 1 
5296 0.025782 1 
5298 0.031926 1 
4535 12.973796 0 
5299 0.041877 1 
5300 0.033888 1 
5302 0.029625 1 
4537 13.000472 0 
4538 12.984425 0 
4539 12.968194 0 
5303 0.015392 1 
4540 12.976941 0 
4541 12.960896 0 
4543 13.105968 0 
4544 13.089491 0 
5305 0.217175 1 
5306 0.197625 1 
5307 0.189925 1 
5308 0.173833 1 
4546 13.107340 0 
4547 13.091772 0 
5309 0.210537 1 
5310 0.187321 1 
5311 0.171060 1 
5312 0.163095 1 
4548 13.143565 0 
4549 13.127115 0 
5313 0.171330 1 
5314 0.154320 1 
5315 0.136578 1 
5316 0.119648 1 
5317 0.100257 1 
5318 0.079175 1 
4550 13.175898 0 
4551 13.157931 0 
4552 13.142317 0 
4554 13.109221 0 
4555 13.097073 0 
5319 0.130022 1 
5321 0.101880 1 
5322 0.080592 1 
5323 0.064975 1 
5324 0.058390 1 
5325 0.058685 1 
5326 0.044352 1 
5327 0.028375 1 
5329 0.012010 1 
5330 0.012534 1 
5331 0.012397 1 
5332 0.030535 1 
5333 0.028927 1 
5334 0.016511 1 
5335 0.011801 1 
5336 0.010906 1 
5337 0.008459 1 
5338 0.012918 1 
5339 0.031171 1 
5340 0.020537 1 
5342 0.010488 1 
5343 0.016468 1 
5344 0.012300 1 
5345 0.019603 1 
4559 13.391520 0 
4560 13.381150 0 
4561 13.365535 0 
4562 13.367420 0 
4564 13.335330 0 
5346 0.024949 1 
5347 0.017798 1 
5348 0.016692 1 
5350 0.011071 1 
5351 0.014118 1 
5352 0.010956 1 
5353 0.014534 1 
4565 13.433519 0 
4566 13.417162 0 
4567 13.400578 0 
4568 13.378189 0 
4569 13.357170 0 
4571 13.324754 0 
4572 13.307579 0 
5355 0.012677 1 
5356 0.016440 1 
4573 13.348076 0 
4574 13.332108 0 
5357 0.015251 1 
5358 0.016659 1 
4575 13.360392 0 
4576 13.344434 0 
5360 0.019033 1 
5361 0.016752 1 
4577 13.370218 0 
4578 13.355365 0 
4579 13.339235 0 
5362 0.025464 1 
5363 0.013063 1 
5364 0.006145 1 
5365 0.023056 1 
4581 13.378070 0 
4845 8.890261 0 
4846 8.875186 0 
4847 8.857889 0 
4848 8.841865 0 
5367 0.017763 1 
5368 0.024632 1 
5369 0.018798 1 
5370 0.016609 1 
5371 0.013756 1 
5372 0.022584 1 
5373 0.018423 1 
5374 0.008314 1 
4852 8.896123 0 
5375 0.008847 1 
5377 0.016011 1 
4853 8.931889 0 
5378 0.018738 1 
5379 0.016696 1 
5380 0.012790 1 
5381 0.012581 1 
4856 8.947459 0 
5382 0.007756 1 
5383 0.009947 1 
5384 0.011799 1 
5385 0.078278 1 
5386 0.062145 1 
5387 0.045087 1 
5388 0.029081 1 
5389 0.032638 1 
4858 9.062023 0 
4859 9.045612 0 
4860 9.029794 0 
4861 9.010723 0 
4862 9.010715 0 
4863 8.993836 0 
5390 0.043186 1 
5391 0.026614 1 
5392 0.021301 1 
5393 0.011823 1 
5394 0.011550 1 
5395 0.020810 1 
5396 0.011029 1 
5397 0.008347 1 
5398 0.010148 1 
5399 0.016152 1 
5400 0.014842 1 
5401 0.010863 1 
5402 0.015475 1 
4868 9.118661 0 
4869 9.093926 0 
5404 0.020278 1 
5405 0.015233 1 
5406 0.013674 1 
5407 0.007976 1 
4870 9.132093 0 
4871 9.115917 0 
4872 9.099475 0 
5408 0.014978 1 
5409 0.009043 1 
5410 0.009323 1 
5411 0.012198 1 
5413 0.022264 1 
4874 9.185831 0 
4875 9.163125 0 
4876 9.147088 0 
4879 9.095439 0 
5414 0.022355 1 
5415 0.017086 1 
4881 9.097935 0 
4883 9.063922 0 
5418 0.013966 1 
4884 9.113841 0 
5420 0.030081 1 
4885 9.156541 0 
4886 9.140490 0 
4887 9.124796 0 
5421 0.062673 1 
5422 0.046323 1 
5423 0.029242 1 
5426 0.011399 1 
5427 0.032344 1 
4889 9.168714 0 
4890 9.153160 0 
4891 9.147394 0 
4892 9.129558 0 
5428 0.042216 1 
5429 0.039340 1 
5430 0.025646 1 
5431 0.009340 1 
5432 0.017363 1 
5433 0.014440 1 
5434 0.012960 1 
5435 0.010102 1 
5436 0.026484 1 
5437 0.025301 1 
4896 9.227993 0 
4897 9.211760 0 
4898 9.192849 0 
5439 0.016880 1 
5441 0.016620 1 
4900 9.213865 0 
5442 0.015147 1 
4901 9.214347 0 
5443 0.018138 1 
5444 0.023291 1 
5445 0.012646 1 
5446 0.048480 1 
5447 0.051712 1 
5449 0.032457 1 
4902 9.351357 0 
4904 9.313212 0 
4905 9.296562 0 
5450 0.052779 1 
5451 0.036612 1 
5452 0.040933 1 
4906 9.334458 0 
4907 9.317399 0 
5453 0.064687 1 
5454 0.048787 1 
4908 9.317309 0 
5455 0.040685 1 
5456 0.024788 1 
5457 0.046829 1 
5458 0.043893 1 
5459 0.028228 1 
4911 9.450927 0 
4912 9.434737 0 
4913 9.500009 0 
4914 9.484986 0 
4915 9.468881 0 
4916 9.479786 0 
4917 9.463574 0 
4918 9.447810 0 
5461 0.378725 1 
5462 0.361937 1 
5463 0.345877 1 
4919 9.613915 0 
4920 9.598087 0 
4921 9.581650 0 
5467 0.335873 1 
5468 0.319988 1 
5469 0.300745 1 
5470 0.281730 1 
5471 0.266199 1 
5472 0.249787 1 
4923 9.594847 0 
4924 9.578892 0 
4925 9.562585 0 
4926 9.546573 0 
5481 0.133296 1 
5482 0.117075 1 
5483 0.117978 1 
5484 0.102372 1 
5486 0.082504 1 
5487 0.066295 1 
4927 9.572941 0 
4928 9.557131 0 
4929 9.632582 0 
4931 9.595959 0 
4932 9.691327 0 
5489 0.321580 1 
5494 0.367162 1 
5495 0.348208 1 
4933 9.890045 0 
4934 9.871980 0 
4935 9.855589 0 
4936 9.839943 0 
4937 9.824434 0 
4938 9.808558 0 
4940 9.776717 0 
4941 9.760576 0 
5497 0.336862 1 
4944 9.736409 0 
5513 0.133674 1 
4945 9.833945 0 
4946 9.817972 0 
4947 9.801869 0 
4948 9.785705 0 
4949 9.769040 0 
4950 9.868701 0 
4952 9.835215 0 
4953 9.819849 0 
5514 0.354681 1 
5515 0.338343 1 
5523 0.197981 1 
5524 0.180336 1 
4954 9.916809 0 
4955 9.902081 0 
4957 9.870067 0 
4958 9.854309 0 
4959 9.838326 0 
4960 9.822123 0 
4962 9.789246 0 
4963 9.773812 0 
4964 9.757618 0 
5525 0.201240 1 
5526 0.181823 1 
4965 9.751062 0 
5528 0.164315 1 
5529 0.147080 1 
5530 0.131669 1 
5531 0.122583 1 
4966 9.755436 0 
4967 9.736086 0 
4969 9.696064 0 
4970 9.678634 0 
4971 9.782424 0 
4972 9.766742 0 
4973 9.750804 0 
4974 9.732148 0 
4975 9.715376 0 
4976 9.699405 0 
4977 9.683619 0 
4979 9.650926 0 
4980 9.635545 0 
4981 9.619545 0 
4982 9.603124 0 
5532 0.246617 1 
5533 0.229694 1 
5535 0.239920 1 
5536 0.223630 1 
5538 0.191318 1 
5541 0.199364 1 
5542 0.182557 1 
5543 0.166903 1 
5550 0.051647 1 
4985 9.680617 0 
4986 9.664994 0 
4987 9.649048 0 
4988 9.632945 0 
4989 9.658331 0 
4990 9.641854 0 
4991 9.625896 0 
4992 9.608773 0 
4993 9.593561 0 
4994 9.581111 0 
5552 0.086880 1 
5554 0.049977 1 
5555 0.033590 1 
4995 9.586140 0 
4996 9.569730 0 
4997 9.551569 0 
4998 9.534186 0 
5556 0.071038 1 
4999 9.600577 0 
5000 9.657799 0 
5001 9.640236 0 
5002 9.624139 0 
5003 9.608391 0 
5004 9.586910 0 
5006 9.554001 0 
5007 9.537597 0 
5008 9.521727 0 
5009 9.524990 0 
5010 9.508298 0 
5557 0.231122 1 
5559 0.198333 1 
5560 0.181757 1 
5011 9.565538 0 
5012 9.549725 0 
5013 9.533901 0 
5015 9.501446 0 
5016 9.485072 0 
5017 9.468760 0 
5018 9.452585 0 
5020 9.420153 0 
5022 9.410659 0 
5564 0.212137 1 
5566 0.180133 1 
5023 9.466072 0 
5568 0.222203 1 
5569 0.211807 1 
5570 0.195883 1 
5571 0.179369 1 
5572 0.160542 1 
5573 0.144819 1 
5574 0.124477 1 
5024 9.491917 0 
5025 9.476098 0 
5028 9.535939 0 
5029 9.519706 0 
5030 9.503555 0 
5031 9.480817 0 
5032 9.464266 0 
5033 9.447994 0 
5034 9.431750 0 
5035 9.414474 0 
5036 9.396380 0 
5037 9.379926 0 
5038 9.406770 0 
5039 9.390636 0 
5577 0.251063 1 
5578 0.246093 1 
5579 0.228617 1 
5580 0.212498 1 
5581 0.195667 1 
5582 0.178742 1 
5043 9.489896 0 
5044 9.473452 0 
5045 9.457079 0 
5046 9.440711 0 
5585 0.350964 1 
5586 0.334727 1 
5047 9.530826 0 
5048 9.514490 0 
5587 0.361084 1 
5588 0.344742 1 
5049 9.548100 0 
5051 9.516108 0 
5052 9.500984 0 
5053 9.484392 0 
5596 0.240746 1 
5054 9.501982 0 
5056 9.469646 0 
5597 0.297035 1 
5598 0.273310 1 
5599 0.265508 1 
5608 0.113563 1 
5609 0.113408 1 
5610 0.090613 1 
5612 0.106919 1 
5613 0.090984 1 
5614 0.074871 1 
5615 0.058801 1 
5617 0.026518 1 
5619 0.061789 1 
5620 0.045364 1 
5057 9.671173 0 
5058 9.654965 0 
5059 9.638662 0 
5060 9.623491 0 
5061 9.600301 0 
5062 9.583889 0 
5063 9.564260 0 
5064 9.547989 0 
5065 9.524555 0 
5621 0.085266 1 
5622 0.081672 1 
5067 9.553877 0 
5068 9.537701 0 
5069 9.521221 0 
5625 0.066869 1 
5626 0.178994 1 
5070 9.703211 0 
5071 9.687079 0 
5072 9.671162 0 
5073 9.655220 0 
5074 9.636201 0 
5075 9.620981 0 
5076 9.604476 0 
5078 9.779113 0 
5080 9.742580 0 
5081 9.726148 0 
5082 9.710337 0 
5083 9.693690 0 
5084 9.678007 0 
5085 9.661438 0 
5086 9.645208 0 
5088 9.634563 0 
5089 9.642103 0 
5090 9.625328 0 
5091 9.713329 0 
5093 9.739591 0 
5095 9.706236 0 
5096 9.686673 0 
5097 9.670395 0 
5630 0.677859 1 
5631 0.708339 1 
5632 0.691664 1 
5099 9.808412 0 
5100 9.791454 0 
5101 9.775506 0 
5103 9.743252 0 
5104 9.726023 0 
5105 9.709389 0 
5106 9.693015 0 
5107 9.676906 0 
5108 9.660736 0 
5109 9.644433 0 
5633 0.711580 1 
5659 0.300670 1 
5660 0.296268 1 
5661 0.280269 1 
5666 0.188504 1 
5667 0.184454 1 
5110 9.700849 0 
5111 9.685710 0 
5112 9.725765 0 
5113 9.709850 0 
5114 9.693624 0 
5115 9.677090 0 
5116 9.660606 0 
5117 9.644268 0 
5118 9.627938 0 
5119 9.647350 0 
5120 9.631342 0 
5122 9.598664 0 
5123 9.582659 0 
5668 0.434873 1 
5669 0.418859 1 
5124 9.732261 0 
5125 9.714916 0 
5126 9.780816 0 
5127 9.764315 0 
5128 9.749236 0 
5130 9.716839 0 
5131 9.833826 0 
5132 9.815749 0 
5133 9.799210 0 
5134 9.783061 0 
5135 9.766408 0 
5136 9.750138 0 
5137 9.730891 0 
5138 9.712122 0 
5139 9.696025 0 
5140 9.679857 0 
5141 9.735662 0 
5143 9.700290 0 
5144 9.683449 0 
5145 9.668151 0 
5146 9.652101 0 
5147 9.635906 0 
5148 9.642937 0 
5672 0.740826 1 
5673 0.724383 1 
5675 0.690467 1 
5685 0.516234 1 
5686 0.500063 1 
5149 9.683445 0 
5151 9.650874 0 
5152 9.635056 0 
5153 9.619489 0 
5154 9.601275 0 
5156 9.569186 0 
5157 9.553033 0 
5158 9.536794 0 
5159 9.520255 0 
5161 9.486456 0 
5687 0.499460 1 
5701 0.257515 1 
5707 0.204247 1 
5708 0.188104 1 
5709 0.169196 1 
5710 0.152932 1 
5711 0.136759 1 
5712 0.132654 1 
5713 0.142142 1 
5714 0.126174 1 
5162 9.579118 0 
5163 9.562752 0 
5164 9.547017 0 
5165 9.530811 0 
5166 9.514607 0 
5168 9.482150 0 
5169 9.457389 0 
5170 9.440733 0 
5171 9.424213 0 
5172 9.405374 0 
5173 9.385895 0 
5174 9.387774 0 
5175 9.369037 0 
5176 9.352343 0 
5178 9.316441 0 
5179 9.298699 0 
5180 9.282692 0 
5181 9.275433 0 
5182 9.254164 0 
5183 9.238287 0 
5184 9.218186 0 
5185 9.204449 0 
5186 9.188021 0 
5187 9.241545 0 
5188 9.228345 0 
5189 9.212182 0 
5190 9.219213 0 
5191 9.202698 0 
5192 9.186614 0 
5715 0.286204 1 
5193 9.200929 0 
5194 9.184669 0 
5195 9.168494 0 
5196 9.149300 0 
5197 9.133020 0 
5198 9.117040 0 
5199 9.100822 0 
5200 9.188546 0 
5201 9.172037 0 
5202 9.155659 0 
5203 9.139378 0 
5205 9.101818 0 
5206 9.242659 0 
5207 9.226013 0 
5208 9.210038 0 
5209 9.193871 0 
5210 9.177620 0 
5211 9.161247 0 
5212 9.145090 0 
5364 6.527186 0 
5365 6.511119 0 
5367 6.476355 0 
5368 6.462327 0 
5369 6.446017 0 
5370 6.429943 0 
5371 6.413774 0 
5372 6.396643 0 
5373 6.380597 0 
5374 6.364398 0 
5375 6.348236 0 
5377 6.315001 0 
5378 6.298667 0 
5379 6.281807 0 
5380 6.265603 0 
5382 6.233480 0 
5383 6.217397 0 
5384 6.200940 0 
5385 6.184698 0 
5386 6.168540 0 
5387 6.151412 0 
5388 6.135315 0 
5389 6.118821 0 
5390 6.102798 0 
5391 6.086269 0 
5392 6.070185 0 
5393 6.054137 0 
5394 6.037831 0 
5395 6.021596 0 
5396 6.005476 0 
5397 5.989449 0 
5398 5.973075 0 
5399 5.949881 0 
5400 5.933229 0 
5401 5.917003 0 
5402 5.900801 0 
5404 5.866399 0 
5405 5.953158 0 
5406 5.937099 0 
5407 5.920580 0 
5408 5.904924 0 
5409 5.885973 0 
5410 5.869675 0 
5411 5.853463 0 
5413 5.821126 0 
5414 5.798778 0 
5415 5.782692 0 
5416 5.765496 0 
5418 5.733064 0 
5722 0.847790 1 
5723 0.830175 1 
5724 0.981270 1 
5725 0.965358 1 
5727 0.932628 1 
5728 0.916870 1 
5732 0.882748 1 
5733 0.866511 1 
5744 0.920632 1 
5745 0.906069 1 
5746 0.900245 1 
5748 0.867573 1 
5749 0.994782 1 
5750 0.990987 1 
5755 0.981260 1 
5756 0.959810 1 
5760 0.895723 1 
5761 1.105126 1 
5762 1.088950 1 
5769 0.964605 1 
5770 0.977336 1 
5771 0.996927 1 
5772 0.979550 1 
5773 0.977821 1 
5783 0.812707 1 
5784 0.851178 1 
5785 0.834887 1 
5789 0.765900 1 
5790 0.749385 1 
5793 0.906711 1 
5794 0.949487 1 
5795 0.933364 1 
5805 0.756425 1 
5806 0.739484 1 
5807 0.738771 1 
5808 0.722372 1 
5821 0.566272 1 
5824 0.540693 1 
5825 0.604325 1 
5826 0.657123 1 
5840 0.454401 1 
5841 0.438238 1 
5851 0.272449 1 
5852 0.325481 1 
5860 0.191967 1 
5861 0.175022 1 
5864 0.193631 1 
5865 0.178981 1 
5866 0.162983 1 
5867 0.146912 1 
5870 0.125651 1 
5871 0.109655 1 
5872 0.090846 1 
5874 0.251251 1 
5876 0.216988 1 
5877 0.200599 1 
5878 0.184460 1 
5879 0.214251 1 
5880 0.246012 1 
5881 0.229481 1 
5884 0.343306 1 
5885 0.349266 1 
5896 0.393409 1 
5897 0.376950 1 
5899 0.347488 1 
5900 0.331521 1 
5910 0.499516 1 
5911 0.511358 1 
5912 0.494402 1 
5918 0.422234 1 
5919 0.439995 1 
5920 0.423830 1 
5921 0.418252 1 
5922 0.439476 1 
5930 0.305142 1 
5931 0.289280 1 
5932 0.317822 1 
5933 0.301583 1 
5934 0.284286 1 
5944 0.103035 1 
5945 0.086711 1 
5947 0.054515 1 
5948 0.203589 1 
5949 0.186966 1 
5950 0.200158 1 
5953 0.162241 1 
5954 0.204979 1 
5955 0.188732 1 
5957 0.616631 1 
5958 0.644233 1 
5962 0.609082 1 
5967 0.556030 1 
5968 0.539759 1 
5971 0.491693 1 
5983 0.311923 1 
5990 0.426901 1 
5991 0.410376 1 
5992 0.394253 1 
5994 0.374728 1 
5995 0.358366 1 
6006 0.372113 1 
6007 0.356228 1 
6008 0.340045 1 
6011 0.394594 1 
6012 0.378608 1 
6013 0.362468 1 
6015 0.329337 1 
6017 0.312363 1 
6025 0.248656 1 
6026 0.232705 1 
6027 0.213915 1 
6028 0.208948 1 
6029 0.192240 1 
6038 0.216517 1 
6039 0.199701 1 
6042 0.149726 1 
6043 0.372134 1 
6044 0.350486 1 
6046 0.318425 1 
6047 0.352191 1 
6048 0.333550 1 
6049 0.313910 1 
6050 0.320132 1 
6054 0.284964 1 
6055 0.268933 1 
6056 0.551939 1 
6057 0.566940 1 
6063 0.594142 1 
6064 0.577963 1 
6065 0.561555 1 
6066 0.545294 1 
6067 0.529058 1 
6068 0.513023 1 
6078 0.350404 1 
6083 0.480632 1 
6084 0.503531 1 
6085 0.487211 1 
6086 0.470938 1 
6088 0.481721 1 
6090 0.496665 1 
6099 0.347524 1 
6101 0.492156 1 
6113 0.344834 1 
6118 0.315479 1 
6119 0.298839 1 
6120 0.276577 1 
6121 0.260409 1 
6122 0.259942 1 
6127 0.194263 1 
6128 0.177980 1 
6129 0.344610 1 
6130 0.328378 1 
6131 0.327981 1 
6132 0.311794 1 
6140 0.248378 1 
6141 0.251843 1 
6142 0.235478 1 
6143 0.219594 1 
6151 0.246036 1 
6153 0.247920 1 
6154 0.232637 1 
6156 0.411830 1 
6157 0.392049 1 
6165 0.324144 1 
6166 0.307611 1 
6167 0.291065 1 
6173 0.187624 1 
6175 0.201783 1 
6176 0.185005 1 
6177 0.229363 1 
6182 0.197096 1 
6183 0.179655 1 
6184 0.163440 1 
6186 0.305749 1 
6187 0.286945 1 
6188 0.293996 1 
6192 0.227345 1 
6193 0.210984 1 
6194 0.211425 1 
6195 0.194482 1 
6196 0.178582 1 
6197 0.167485 1 
6198 0.184332 1 
6207 0.173587 1 
6209 0.174880 1 
6210 0.201824 1 
6211 0.180487 1 
6212 0.164790 1 
6214 0.132417 1 
6216 0.096225 1 
6217 0.127913 1 
6218 0.179978 1 
6219 0.163726 1 
6227 0.095925 1 
6228 0.079614 1 
6229 0.084633 1 
6230 0.067998 1 
6231 0.063534 1 
6232 0.042833 1 
6233 0.026607 1 
6235 0.188105 1 
6238 0.524655 1 
6239 0.508721 1 
6240 0.492107 1 
6241 0.475806 1 
6246 0.552618 1 
6254 0.541811 1 
6255 0.526109 1 
6256 0.506613 1 
6257 0.489887 1 
6258 0.535150 1 
6259 0.517409 1 
6262 0.468601 1 
6269 0.368267 1 
6270 0.460383 1 
6272 0.427379 1 
6274 0.395004 1 
6275 0.375484 1 
6276 0.359385 1 
6277 0.343229 1 
6278 0.341801 1 
6289 0.262707 1 
6290 0.246790 1 
6291 0.230946 1 
6294 0.351297 1 
6295 0.380808 1 
6297 0.370019 1 
6304 0.262688 1 
6305 0.287310 1 
6307 0.254906 1 
6308 0.289105 1 
6309 0.266304 1 
6318 0.204664 1 
6320 0.172545 1 
6321 0.173819 1 
6324 0.124951 1 
6325 0.147159 1 
6326 0.167918 1 
6327 0.151368 1 
6329 0.131109 1 
6330 0.114740 1 
6331 0.117403 1 
6332 0.101036 1 
6333 0.084149 1 
6334 0.084168 1 
6335 0.069205 1 
6337 0.025606 1 
6338 0.021430 1 
6339 0.014147 1 
6340 0.017209 1 
6341 0.017194 1 
6342 0.017342 1 
6343 0.009081 1 
6345 0.155360 1 
6346 0.139334 1 
6347 0.131530 1 
6348 0.160338 1 
6350 0.128376 1 
6351 0.111991 1 
6352 0.096191 1 
6353 0.080014 1 
6355 0.050262 1 
6356 0.034065 1 
6357 0.024101 1 
6358 0.018736 1 
6359 0.010240 1 
6360 0.013205 1 
6362 0.021226 1 
6363 0.013488 1 
6364 0.018661 1 
6365 0.011017 1 
6366 0.011688 1 
6367 0.010648 1 
6368 0.032365 1 
6369 0.016239 1 
6370 0.009447 1 
6372 0.010248 1 
6373 0.010912 1 
6374 0.020008 1 
6375 0.021803 1 
6376 0.009913 1 
6377 0.010056 1 
6378 0.015907 1 
6379 0.014005 1 
6380 0.021430 1 
6381 0.017251 1 
6382 0.011165 1 
6383 0.010653 1 
6384 0.008316 1 
6385 0.014279 1 
6386 0.007792 1 
6387 0.017946 1 
6388 0.015689 1 
6389 0.010548 1 
6390 0.011086 1 
6391 0.023000 1 
6392 0.011452 1 
6393 0.027361 1 
6394 0.013382 1 
6395 0.007743 1 
6396 0.007366 1 
6397 0.011068 1 
6399 0.013392 1 
6400 0.012975 1 
6401 0.016517 1 
6402 0.010404 1 
6403 0.015091 1 
6404 0.008905 1 
6405 0.015683 1 
6406 0.005991 1 
6408 0.029713 1 
6409 0.022381 1 
6410 0.013928 1 
6411 0.015185 1 
6413 0.008330 1 
6415 0.024150 1 
6416 0.045197 1 
6417 0.037740 1 
6418 0.024497 1 
6421 0.018567 1 
6422 0.009487 1 
6423 0.053284 1 
6424 0.037255 1 
6425 0.020328 1 
6426 0.011913 1 
6427 0.012580 1 
6428 0.012214 1 
6429 0.016097 1 
6430 0.014436 1 
6431 0.015044 1 
6432 0.015598 1 
6434 0.016017 1 
6436 0.023339 1 
6437 0.015082 1 
6438 0.011284 1 
6439 0.017602 1 
6440 0.012991 1 
6441 0.027051 1 
6442 0.019519 1 
6444 0.405349 1 
6446 0.456028 1 
6447 0.440555 1 
6458 0.287766 1 
6460 0.293688 1 
6461 0.277605 1 
6462 0.261454 1 
6463 0.264146 1 
6464 0.248014 1 
6469 0.167144 1 
6471 0.154456 1 
6473 0.122360 1 
6474 0.120148 1 
6475 0.102482 1 
6476 0.084962 1 
6477 0.068756 1 
6478 0.051791 1 
6479 0.176126 1 
6483 0.144460 1 
6484 0.151495 1 
6486 0.113486 1 
6488 0.081047 1 
6489 0.060741 1 
6490 0.050963 1 
6492 0.021122 1 
6493 0.016178 1 
6494 0.013144 1 
6496 0.029515 1 
6497 0.013002 1 
6498 0.012514 1 
6499 0.010297 1 
6500 0.009099 1 
6501 0.012465 1 
6502 0.023173 1 
6503 0.012163 1 
6504 0.017253 1 
6505 0.014418 1 
6506 0.015398 1 
6507 0.008234 1 
6508 0.008307 1 
6509 0.008932 1 
6510 0.010494 1 
6511 0.016047 1 
6512 0.010603 1 
6513 0.011730 1 
6515 0.035515 1 
6516 0.019347 1 
6517 0.014644 1 
6518 0.010235 1 
6519 0.013906 1 
6520 0.015437 1 
6521 0.013558 1 
6523 0.010643 1 
6524 0.017428 1 
6525 0.011617 1 
6526 0.020826 1 
6527 0.013826 1 
6528 0.010519 1 
6529 0.008446 1 
6530 0.012251 1 
6531 0.022015 1 
6532 0.012186 1 
6533 0.019440 1 
6534 0.013209 1 
6536 0.014594 1 
6537 0.016711 1 
6538 0.016344 1 
6539 0.018891 1 
6540 0.013625 1 
6541 0.012530 1 
6542 0.007107 1 
6544 0.010927 1 
6545 0.017998 1 
6546 0.012120 1 
6547 0.013553 1 
6549 0.013297 1 
6550 0.009349 1 
6551 0.014477 1 
6552 0.013856 1 
6554 0.014808 1 
6555 0.013016 1 
6556 0.019213 1 
6557 0.015971 1 
6558 0.017245 1 
6559 0.010374 1 
6561 0.018444 1 
6562 0.019541 1 
6563 0.030078 1 
6564 0.014073 1 
6565 0.015849 1 
6566 0.016188 1 
6567 0.009707 1 
6568 0.013085 1 
6569 0.009771 1 
6571 0.011140 1 
6572 0.010080 1 
6573 0.011307 1 
6574 0.012550 1 
6575 0.025595 1 
6576 0.017358 1 
6577 0.009741 1 
6578 0.009799 1 
6579 0.009564 1 
6580 0.017054 1 
6581 0.009966 1 
6582 0.013024 1 
6583 0.014514 1 
6584 0.008820 1 
6585 0.015238 1 
6586 0.008740 1 
6587 0.023023 1 
6588 0.011806 1 
6589 0.009424 1 
6590 0.008043 1 
6591 0.006851 1 
6592 0.011463 1 
6593 0.017320 1 
6594 0.014905 1 
6595 0.016414 1 
6596 0.007768 1 
6598 0.011080 1 
6599 0.028137 1 
6600 0.029069 1 
6601 0.024890 1 
6602 0.014349 1 
6603 0.008803 1 
6604 0.007964 1 
6605 0.009677 1 
6607 0.024322 1 
6608 0.015611 1 
6609 0.012725 1 
6610 0.013851 1 
6612 0.011477 1 
6614 0.013379 1 
6615 0.022651 1 
6616 0.028973 1 
6617 0.012543 1 
6620 0.012014 1 
6621 0.013138 1 
6622 0.054737 1 
6623 0.038421 1 
6624 0.025958 1 
6625 0.012774 1 
6626 0.006195 1 
6627 0.014821 1 
6628 0.007475 1 
6629 0.010416 1 
6630 0.014736 1 
6631 0.015497 1 
6633 0.012787 1 
6635 0.022595 1 
6636 0.016511 1 
6637 0.012529 1 
6638 0.010562 1 
6639 0.013204 1 
6640 0.014714 1 
6641 0.010826 1 
6643 0.015450 1 
6644 0.011525 1 
6645 0.009708 1 
6646 0.012673 1 
6647 0.016457 1 
6648 0.024549 1 
6649 0.016402 1 
6650 0.011375 1 
6651 0.014182 1 
6652 0.010851 1 
6653 0.018534 1 
6654 0.023884 1 
6655 0.019004 1 
6656 0.015602 1 
6657 0.009351 1 
6659 0.018956 1 
6660 0.032351 1 
6661 0.014866 1 
6662 0.014493 1 
6663 0.012006 1 
6664 0.015621 1 
6665 0.008822 1 
6666 0.016068 1 
6667 0.011298 1 
6668 0.014177 1 
6670 0.015751 1 
6672 0.014518 1 
6673 0.008957 1 
6674 0.021060 1 
6675 0.011651 1 
6676 0.012060 1 
6677 0.014409 1 
6678 0.009745 1 
6680 0.012572 1 
6681 0.008374 1 
6682 0.008810 1 
6683 0.015056 1 
6685 0.024141 1 
6687 0.014630 1 
6688 0.008288 1 
6689 0.008671 1 
6691 0.026287 1 
6692 0.012442 1 
6693 0.015292 1 
6695 0.016852 1 
6696 0.011257 1 
6697 0.012250 1 
6698 0.009216 1 
6699 0.011912 1 
6700 0.014692 1 
6701 0.015937 1 
6702 0.014416 1 
6703 0.011583 1 
6704 0.011986 1 
6705 0.015160 1 
6706 0.015910 1 
6707 0.006731 1 
6708 0.014208 1 
6709 0.012385 1 
6710 0.016443 1 
6711 0.008485 1 
6712 0.014108 1 
6714 0.010983 1 
6715 0.008028 1 
6716 0.014921 1 
6717 0.011495 1 
6718 0.014294 1 
6719 0.012474 1 
6720 0.016831 1 
6722 0.015171 1 
6723 0.008996 1 
6724 0.008917 1 
6725 0.009838 1 
6726 0.012823 1 
6727 0.012866 1 
6728 0.011745 1 
6729 0.018356 1 
6730 0.011789 1 
6731 0.007892 1 
6732 0.012131 1 
6733 0.010658 1 
6735 0.015080 1 
6736 0.011638 1 
6737 0.011670 1 
6738 0.011296 1 
6739 0.011514 1 
6740 0.014127 1 
6744 0.224464 1 
6745 0.208540 1 
6746 0.191631 1 
6748 0.151873 1 
6749 0.132205 1 
6755 0.029380 1 
6756 0.025075 1 
6757 0.022341 1 
6758 0.010986 1 
6760 0.012735 1 
6761 0.040480 1 
6762 0.024615 1 
6763 0.015818 1 
6764 0.011793 1 
6765 0.010108 1 
6766 0.015335 1 
6767 0.007647 1 
6768 0.008950 1 
6770 0.014989 1 
6771 0.015687 1 
6772 0.009085 1 
6773 0.017259 1 
6774 0.011345 1 
6775 0.015152 1 
6776 0.009728 1 
6777 0.008841 1 
6778 0.017493 1 
6781 0.208509 1 
6782 0.192274 1 
6783 0.175848 1 
6784 0.159833 1 
6785 0.143684 1 
6788 0.117466 1 
6789 0.100284 1 
6793 0.034779 1 
6794 0.033958 1 
6795 0.017826 1 
6797 0.011710 1 
6798 0.012420 1 
6799 0.008826 1 
6800 0.140662 1 
6801 0.242291 1 
6802 0.223934 1 
6803 0.207950 1 
6804 0.192111 1 
6814 0.036454 1 
6815 0.047573 1 
6816 0.032376 1 
6820 0.142816 1 
6821 0.126500 1 
6822 0.143493 1 
6823 0.127441 1 
6824 0.111373 1 
6825 0.095417 1 
6826 0.079081 1 
6827 0.063037 1 
6828 0.046794 1 
6829 0.040076 1 
6830 0.023648 1 
6832 0.015210 1 
6834 0.022511 1 
6835 0.010939 1 
6836 0.010808 1 
6837 0.014041 1 
6838 0.013508 1 
6839 0.012518 1 
6840 0.010796 1 
6842 0.010760 1 
6843 0.028414 1 
6844 0.018207 1 
6845 0.010646 1 
6846 0.011505 1 
6849 0.130761 1 
6850 0.114842 1 
6851 0.104776 1 
6852 0.106168 1 
6853 0.089783 1 
6854 0.073653 1 
6855 0.110323 1 
6856 0.093167 1 
6858 0.059397 1 
6859 0.043622 1 
6860 0.045839 1 
6861 0.029797 1 
6862 0.010851 1 
6863 0.009542 1 
6864 0.011447 1 
6865 0.007702 1 
6866 0.010933 1 
6867 0.017313 1 
6869 0.017879 1 
6871 0.007408 1 
6872 0.012366 1 
6873 0.141585 1 
6875 0.149151 1 
6876 0.132780 1 
6877 0.116468 1 
6879 0.097930 1 
6880 0.081527 1 
6881 0.076721 1 
6882 0.059940 1 
6884 0.039601 1 
6886 0.020649 1 
6887 0.009575 1 
6888 0.010762 1 
6890 0.014526 1 
6891 0.009438 1 
6892 0.016055 1 
6894 0.015177 1 
6895 0.021774 1 
6896 0.009890 1 
6897 0.015260 1 
6898 0.011104 1 
6899 0.020307 1 
6900 0.018002 1 
6901 0.018156 1 
6902 0.008306 1 
6903 0.033804 1 
6904 0.022101 1 
6906 0.161500 1 
6907 0.144227 1 
6908 0.127888 1 
6909 0.110905 1 
6910 0.114221 1 
6911 0.097807 1 
6913 0.075781 1 
6914 0.058932 1 
6915 0.042578 1 
6916 0.032800 1 
6917 0.016568 1 
6918 0.011135 1 
6919 0.013575 1 
6921 0.015922 1 
6922 0.015045 1 
6923 0.013826 1 
6924 0.008394 1 
6925 0.013476 1 
6926 0.018729 1 
6927 0.010020 1 
6928 0.011730 1 
6929 0.012688 1 
6930 0.008868 1 
6931 0.011073 1 
6932 0.010948 1 
6934 0.015228 1 
6935 0.141389 1 
6937 0.172841 1 
6938 0.156201 1 
6939 0.138642 1 
6940 0.122346 1 
6942 0.089849 1 
6943 0.087895 1 
6947 0.026379 1 
6948 0.015050 1 
6949 0.014374 1 
6952 0.156245 1 
6953 0.152023 1 
6954 0.140147 1 
6955 0.123981 1 
6956 0.107784 1 
6957 0.090221 1 
6961 0.053661 1 
6962 0.037639 1 
6963 0.021136 1 
6964 0.015325 1 
6965 0.011799 1 
6966 0.012202 1 
6967 0.010109 1 
6969 0.012985 1 
6970 0.013461 1 
6971 0.012173 1 
6972 0.010768 1 
6973 0.017410 1 
6974 0.007249 1 
6975 0.008184 1 
6976 0.011224 1 
6977 0.020479 1 
6978 0.012599 1 
6979 0.008330 1 
6980 0.016032 1 
6981 0.011207 1 
6982 0.014725 1 
6983 0.011158 1 
6984 0.008888 1 
6985 0.015149 1 
6986 0.027315 1 
6987 0.143569 1 
6990 0.130016 1 
6991 0.113699 1 
6992 0.097783 1 
6993 0.075788 1 
6994 0.067932 1 
6996 0.035453 1 
6997 0.030091 1 
6998 0.014188 1 
6999 0.011424 1 
7000 0.018918 1 
7001 0.135710 1 
7003 0.176813 1 
7005 0.159072 1 
7006 0.142740 1 
7007 0.126829 1 
7008 0.110491 1 
7010 0.078125 1 
7012 0.045418 1 
7013 0.057559 1 
7014 0.047339 1 
7015 0.036689 1 
7018 0.012703 1 
7019 0.009626 1 
7020 0.160785 1 
7021 0.144515 1 
7022 0.128304 1 
7023 0.157135 1 
7024 0.140053 1 
7025 0.123290 1 
7026 0.107462 1 
7027 0.085496 1 
7028 0.069334 1 
7029 0.053318 1 
7031 0.020911 1 
7033 0.010077 1 
7034 0.019482 1 
7035 0.013144 1 
7036 0.005582 1 
7037 0.006485 1 
7038 0.009267 1 
7039 0.014377 1 
7041 0.012656 1 
7042 0.011109 1 
7043 0.006987 1 
7044 0.010444 1 
7045 0.011983 1 
7046 0.007426 1 
7047 0.018282 1 
7048 0.009484 1 
7049 0.014158 1 
7050 0.012252 1 
7051 0.028370 1 
7052 0.026422 1 
7053 0.010122 1 
7054 0.009162 1 
7055 0.013700 1 
7057 0.018557 1 
7058 0.019368 1 
7059 0.017041 1 
7060 0.011497 1 
7061 0.007245 1 
7062 0.009200 1 
7063 0.006095 1 
7064 0.009685 1 
7065 0.016711 1 
7066 0.007904 1 
7068 0.017297 1 
7070 0.009695 1 
7071 0.009537 1 
7072 0.013721 1 
7073 0.013686 1 
7074 0.009882 1 
7075 0.014147 1 
7076 0.006604 1 
7078 0.014231 1 
7083 0.185756 1 
7085 0.153343 1 
7086 0.137076 1 
7087 0.120798 1 
7089 0.098840 1 
7090 0.082765 1 
7093 0.054571 1 
7094 0.038371 1 
7095 0.026654 1 
7096 0.013213 1 
7097 0.007231 1 
7098 0.009732 1 
7099 0.017498 1 
7100 0.011252 1 
7101 0.138273 1 
7104 0.137838 1 
7105 0.118972 1 
7106 0.102704 1 
7107 0.086427 1 
7108 0.075664 1 
7109 0.058851 1 
7110 0.042505 1 
7112 0.022836 1 
7113 0.017380 1 
7114 0.008921 1 
7115 0.013932 1 
7116 0.013503 1 
7117 0.144260 1 
7120 0.219056 1 
7121 0.203099 1 
7122 0.186873 1 
7123 0.182990 1 
7124 0.164111 1 
7133 0.028787 1 
7134 0.020121 1 
7135 0.010522 1 
7136 0.014501 1 
7137 0.014575 1 
7138 0.013278 1 
7139 0.014172 1 
7141 0.009151 1 
7142 0.047469 1 
7143 0.165702 1 
7144 0.150090 1 
7147 0.173355 1 
7148 0.157781 1 
7149 0.141791 1 
7151 0.135162 1 
7156 0.051902 1 
7158 0.022770 1 
7159 0.020198 1 
7160 0.014229 1 
7161 0.019341 1 
7162 0.009805 1 
7163 0.009086 1 
7164 0.017507 1 
7165 0.014987 1 
7166 0.014507 1 
7168 0.143299 1 
7170 0.173466 1 
7171 0.155025 1 
7172 0.139037 1 
7173 0.123007 1 
7174 0.106703 1 
7175 0.090871 1 
7178 0.036835 1 
7179 0.020714 1 
7180 0.011808 1 
7182 0.225258 1 
7183 0.207974 1 
7184 0.192197 1 
7185 0.176109 1 
7186 0.160012 1 
7187 0.140072 1 
7188 0.122203 1 
7189 0.105766 1 
7190 0.089575 1 
7195 0.017855 1 
7196 0.014479 1 
7197 0.020190 1 
7198 0.007398 1 
7199 0.014158 1 
7200 0.015693 1 
7201 0.013020 1 
7202 0.012322 1 
7204 0.016854 1 
7205 0.013918 1 
7206 0.007714 1 
7207 0.012822 1 
7209 0.014687 1 
7211 0.020333 1 
7212 0.021366 1 
7213 0.037500 1 
7214 0.021040 1 
7217 0.015049 1 
7218 0.007776 1 
7219 0.055342 1 
7220 0.039341 1 
7221 0.023243 1 
7222 0.013751 1 
7223 0.009720 1 
7224 0.013344 1 
7225 0.009422 1 
7226 0.028094 1 
7227 0.012105 1 
7228 0.020888 1 
7230 0.018982 1 
7232 0.017723 1 
7233 0.013780 1 
7234 0.016374 1 
7235 0.018877 1 
7236 0.009547 1 
7237 0.012955 1 
7238 0.018485 1 
7240 0.012750 1 
7241 0.012510 1 
7242 0.009495 1 
7243 0.014868 1 
7244 0.014454 1 
7245 0.011307 1 
7246 0.011427 1 
7247 0.015207 1 
7248 0.007845 1 
7249 0.011939 1 
7250 0.013973 1 
7251 0.017953 1 
7252 0.011307 1 
7253 0.017586 1 
7254 0.010247 1 
7256 0.029985 1 
7257 0.015155 1 
7258 0.008177 1 
7259 0.010526 1 
7260 0.007870 1 
7261 0.013314 1 
7262 0.017281 1 
7263 0.009396 1 
7264 0.007780 1 
7265 0.012727 1 
7267 0.019634 1 
7269 0.016621 1 
7270 0.007841 1 
7271 0.024194 1 
7272 0.009162 1 
7273 0.009112 1 
7274 0.016620 1 
7275 0.014325 1 
7277 0.043765 1 
7278 0.027669 1 
7279 0.009998 1 
7280 0.016023 1 
7282 0.015897 1 
7284 0.012992 1 
7285 0.011100 1 
7286 0.007581 1 
7288 0.012921 1 
7289 0.013607 1 
7290 0.012656 1 
7292 0.006402 1 
7293 0.016048 1 
7294 0.011503 1 
7295 0.009628 1 
7296 0.008227 1 
7297 0.010353 1 
7298 0.016991 1 
7299 0.018555 1 
7300 0.013242 1 
7301 0.013342 1 
7302 0.012738 1 
7303 0.008725 1 
7304 0.014977 1 
7305 0.015013 1 
7306 0.019343 1 
7307 0.017222 1 
7308 0.016701 1 
7309 0.019185 1 
7311 0.012063 1 
7312 0.013091 1 
7313 0.014333 1 
7314 0.014119 1 
7315 0.033741 1 
7316 0.020148 1 
7317 0.015496 1 
7319 0.024698 1 
7320 0.147094 1 
7323 0.194054 1 
7324 0.176732 1 
7325 0.160341 1 
7334 0.027100 1 
7335 0.015339 1 
7336 0.015589 1 
7337 0.007792 1 
7338 0.009950 1 
7340 0.023628 1 
7341 0.013815 1 
7342 0.016073 1 
7343 0.013512 1 
7345 0.016832 1 
7346 0.022342 1 
7347 0.014270 1 
7348 0.010768 1 
7350 0.014027 1 
7351 0.014616 1 
7352 0.030097 1 
7353 0.015519 1 
7354 0.009551 1 
7355 0.013758 1 
7357 0.016720 1 
7358 0.014790 1 
7359 0.020215 1 
7360 0.014709 1 
7361 0.009151 1 
7362 0.013112 1 
7363 0.015890 1 
7364 0.008635 1 
7365 0.016756 1 
7367 0.015619 1 
7368 0.016949 1 
7369 0.010836 1 
7370 0.008220 1 
7371 0.013943 1 
7372 0.016176 1 
7373 0.015074 1 
7374 0.015696 1 
7375 0.015034 1 
7376 0.026459 1 
7377 0.009744 1 
7378 0.011329 1 
7379 0.012227 1 
7380 0.011409 1 
7381 0.008779 1 
7382 0.007408 1 
7383 0.019088 1 
7384 0.008359 1 
7385 0.009916 1 
7386 0.008547 1 
7387 0.010242 1 
7388 0.012782 1 
7389 0.017824 1 
7390 0.009886 1 
7391 0.016317 1 
7392 0.018795 1 
7394 0.008114 1 
7395 0.025444 1 
7396 0.011490 1 
7397 0.011351 1 
7398 0.013115 1 
7399 0.007475 1 
7400 0.009352 1 
7401 0.007571 1 
7403 0.042300 1 
7404 0.026181 1 
7405 0.015658 1 
7406 0.013488 1 
7408 0.013103 1 
7410 0.014435 1 
7411 0.014336 1 
7412 0.019793 1 
7413 0.022489 1 
7416 0.012197 1 
7417 0.016842 1 
7418 0.046566 1 
7419 0.026299 1 
7420 0.010182 1 
7421 0.013577 1 
7422 0.007175 1 
7423 0.013741 1 
7424 0.014470 1 
7425 0.018685 1 
7426 0.011742 1 
7427 0.011889 1 
7429 0.018029 1 
7431 0.019224 1 
7432 0.013257 1 
7433 0.009380 1 
7434 0.009185 1 
7435 0.010584 1 
7436 0.017611 1 
7437 0.008581 1 
7439 0.012182 1 
7440 0.011212 1 
7441 0.011560 1 
7442 0.027502 1 
7443 0.013924 1 
7444 0.014226 1 
7445 0.011915 1 
7446 0.014205 1 
7447 0.013802 1 
7448 0.019525 1 
7449 0.014182 1 
7450 0.012597 1 
7451 0.143562 1 
7453 0.169451 1 
7455 0.164331 1 
7462 0.084078 1 
7463 0.068183 1 
7464 0.050657 1 
7466 0.166955 1 
7469 0.184607 1 
7470 0.168186 1 
7471 0.161324 1 
7472 0.144822 1 
7473 0.147592 1 
7474 0.131100 1 
7479 0.046553 1 
7481 0.148592 1 
7483 0.144705 1 
7484 0.176053 1 
7485 0.159937 1 
7487 0.127438 1 
7488 0.111462 1 
7489 0.095308 1 
7492 0.053373 1 
7493 0.037242 1 
7494 0.025696 1 
7495 0.019064 1 
7496 0.026184 1 
7497 0.009934 1 
7498 0.015502 1 
7499 0.016492 1 
7500 0.011391 1 
7501 0.009931 1 
7502 0.029794 1 
7503 0.016841 1 
7504 0.137238 1 
7507 0.117769 1 
7508 0.122302 1 
7510 0.109465 1 
7511 0.093220 1 
7512 0.075121 1 
7513 0.058538 1 
7514 0.053763 1 
7515 0.037814 1 
7516 0.022241 1 
7518 0.012599 1 
7519 0.007499 1 
7520 0.014721 1 
7521 0.010555 1 
7522 0.010133 1 
7523 0.014455 1 
7524 0.013654 1 
7525 0.013104 1 
7526 0.021223 1 
7527 0.013441 1 
7528 0.136515 1 
7531 0.237136 1 
7532 0.220299 1 
7533 0.202609 1 
7544 0.021756 1 
7545 0.017807 1 
7546 0.010096 1 
7547 0.016140 1 
7549 0.020975 1 
7550 0.025614 1 
7551 0.014517 1 
7552 0.018982 1 
7553 0.012638 1 
7554 0.017932 1 
7556 0.016310 1 
7557 0.013119 1 
7558 0.014766 1 
7559 0.015068 1 
7560 0.015669 1 
7561 0.019961 1 
7562 0.022370 1 
7563 0.008179 1 
7564 0.011026 1 
7566 0.015200 1 
7567 0.011394 1 
7568 0.142495 1 
7571 0.186020 1 
7572 0.162814 1 
7573 0.175652 1 
7574 0.159652 1 
7575 0.143614 1 
7576 0.124410 1 
7577 0.104171 1 
7581 0.038216 1 
7582 0.021913 1 
7583 0.029183 1 
7584 0.013976 1 
7585 0.010603 1 
7586 0.019312 1 
7587 0.012938 1 
7588 0.012686 1 
7589 0.011637 1 
7590 0.014386 1 
7591 0.021257 1 
7593 0.010285 1 
7594 0.019843 1 
7595 0.019020 1 
7596 0.007849 1 
7597 0.014583 1 
7598 0.006160 1 
7599 0.010292 1 
7600 0.007486 1 
7602 0.024665 1 
7603 0.023026 1 
7604 0.018612 1 
7605 0.010501 1 
7607 0.014895 1 
7609 0.034765 1 
7610 0.034331 1 
7611 0.038348 1 
7612 0.025654 1 
7615 0.139217 1 
7617 0.149816 1 
7618 0.133530 1 
7619 0.152154 1 
7620 0.135603 1 
7621 0.119525 1 
7622 0.103493 1 
7623 0.087430 1 
7624 0.087893 1 
7625 0.070250 1 
7626 0.053612 1 
7628 0.029879 1 
7630 0.026902 1 
7631 0.038051 1 
7632 0.024758 1 
7633 0.008632 1 
7634 0.012805 1 
7635 0.017469 1 
7636 0.011077 1 
7638 0.010965 1 
7639 0.023439 1 
7640 0.139818 1 
7642 0.167502 1 
7643 0.148301 1 
7644 0.140881 1 
7645 0.132812 1 
7646 0.116796 1 
7647 0.103538 1 
7650 0.055046 1 
7651 0.039200 1 
7652 0.021660 1 
