2024-09-03 16:32:48
../stream-replay/logs/rtt-6207@128.txt
1 0.318114 0 
2 0.347656 0 
4 0.314049 0 
5 0.297820 0 
6 0.281356 0 
7 0.265021 0 
8 0.248925 0 
9 0.236980 0 
10 0.221038 0 
11 0.261794 0 
12 0.245581 0 
13 0.229049 0 
14 0.213044 0 
15 0.196877 0 
16 0.180562 0 
17 0.164305 0 
18 0.148160 0 
19 0.131737 0 
20 0.115744 0 
21 0.099441 0 
22 0.083358 0 
23 0.079267 0 
24 0.063393 0 
25 0.047161 0 
26 0.029211 0 
27 0.011642 0 
28 0.079994 0 
29 0.062170 0 
31 0.065639 0 
32 0.048292 0 
33 0.107561 0 
34 0.090904 0 
35 0.074748 0 
36 0.058144 0 
37 0.158092 0 
38 0.140724 0 
47 0.033385 1 
48 0.016599 1 
49 0.007355 1 
50 0.006218 1 
40 0.178087 0 
41 0.162095 0 
42 0.145859 0 
43 0.127824 0 
45 0.095442 0 
47 0.062296 0 
53 0.007090 1 
48 0.095028 0 
54 0.012967 1 
55 0.043480 1 
56 0.026639 1 
57 0.010171 1 
58 0.005586 1 
59 0.007820 1 
60 0.006216 1 
61 0.004993 1 
49 0.219831 0 
50 0.203366 0 
53 0.154611 0 
62 0.005943 1 
63 0.005255 1 
64 0.005038 1 
66 0.004933 1 
54 0.218106 0 
55 0.201826 0 
56 0.184969 0 
57 0.188670 0 
58 0.170195 0 
59 0.153006 0 
68 0.008499 1 
60 0.156446 0 
61 0.139672 0 
62 0.123628 0 
63 0.107285 0 
69 0.006915 1 
70 0.006634 1 
64 0.115586 0 
66 0.082545 0 
71 0.011211 1 
72 0.010975 1 
73 0.011312 1 
74 0.007506 1 
76 0.005813 1 
68 0.155214 0 
69 0.138719 0 
77 0.006619 1 
78 0.005075 1 
79 0.006406 1 
80 0.004727 1 
71 0.162487 0 
72 0.145468 0 
73 0.129001 0 
74 0.113011 0 
76 0.080732 0 
81 0.003410 1 
82 0.007592 1 
77 0.099861 0 
78 0.082421 0 
79 0.066885 0 
80 0.048741 0 
81 0.030797 0 
83 0.004438 1 
84 0.005930 1 
85 0.007691 1 
86 0.007998 1 
83 0.061879 0 
87 0.006027 1 
88 0.004323 1 
84 0.075159 0 
85 0.057993 0 
86 0.042232 0 
87 0.025696 0 
89 0.005708 1 
90 0.004625 1 
92 0.005444 1 
93 0.006271 1 
94 0.004908 1 
88 0.118045 0 
90 0.086613 0 
92 0.053479 0 
95 0.004949 1 
96 0.005204 1 
97 0.005088 1 
98 0.004446 1 
99 0.024225 1 
100 0.007973 1 
93 0.134459 0 
101 0.006445 1 
103 0.010866 1 
105 0.005298 1 
106 0.005301 1 
107 0.004836 1 
94 0.237179 0 
95 0.220726 0 
96 0.204396 0 
108 0.007626 1 
109 0.008912 1 
110 0.004829 1 
111 0.006016 1 
97 0.243647 0 
98 0.226855 0 
99 0.210625 0 
100 0.194345 0 
113 0.008939 1 
114 0.007103 1 
115 0.010120 1 
116 0.005152 1 
118 0.006141 1 
101 0.302450 0 
103 0.268976 0 
105 0.236697 0 
106 0.220083 0 
107 0.203840 0 
108 0.187549 0 
109 0.171180 0 
110 0.154300 0 
111 0.137733 0 
113 0.103995 0 
114 0.087454 0 
115 0.070112 0 
120 0.005220 1 
121 0.005997 1 
116 0.092108 0 
118 0.058682 0 
122 0.004635 1 
120 0.056357 0 
121 0.040184 0 
122 0.023832 0 
124 0.004212 1 
124 0.006242 0 
125 0.005543 1 
126 0.004924 1 
128 0.004341 1 
125 0.063744 0 
126 0.047486 0 
128 0.015255 0 
129 0.005310 1 
130 0.006834 1 
131 0.006275 1 
129 0.050467 0 
130 0.034040 0 
132 0.008822 1 
131 0.037079 0 
132 0.020997 0 
133 0.006289 1 
133 0.010869 0 
134 0.009015 1 
135 0.005843 1 
136 0.006068 1 
137 0.005875 1 
138 0.005507 1 
139 0.004280 1 
134 0.095090 0 
135 0.079396 0 
136 0.062132 0 
140 0.009556 1 
141 0.005910 1 
142 0.005748 1 
143 0.004996 1 
144 0.009589 1 
145 0.006456 1 
137 0.143992 0 
138 0.127362 0 
139 0.109455 0 
140 0.093340 0 
141 0.076851 0 
147 0.006867 1 
142 0.109502 0 
143 0.093379 0 
148 0.007686 1 
144 0.075543 0 
145 0.059154 0 
149 0.007295 1 
150 0.005066 1 
151 0.005084 1 
147 0.085307 0 
148 0.068432 0 
149 0.052265 0 
150 0.035406 0 
152 0.008219 1 
151 0.038051 0 
152 0.018576 0 
153 0.005798 1 
155 0.007753 1 
153 0.044961 0 
156 0.005942 1 
157 0.008285 1 
155 0.044847 0 
156 0.027846 0 
157 0.011417 0 
158 0.008344 1 
159 0.006136 1 
160 0.006988 1 
161 0.005704 1 
162 0.005972 1 
163 0.009315 1 
164 0.015711 1 
165 0.008049 1 
166 0.006956 1 
158 0.152783 0 
159 0.136312 0 
160 0.119787 0 
161 0.102811 0 
162 0.084023 0 
163 0.066167 0 
164 0.068132 0 
165 0.051730 0 
166 0.034534 0 
168 0.012879 1 
169 0.009568 1 
170 0.010772 1 
168 0.053969 0 
171 0.006631 1 
172 0.007391 1 
173 0.006065 1 
169 0.077185 0 
170 0.061199 0 
174 0.006960 1 
171 0.067194 0 
172 0.049928 0 
173 0.033642 0 
174 0.016181 0 
176 0.005140 1 
177 0.004339 1 
176 0.027002 0 
178 0.005162 1 
177 0.029742 0 
178 0.013684 0 
179 0.005611 1 
179 0.020374 0 
181 0.005549 1 
182 0.005902 1 
183 0.006907 1 
184 0.005983 1 
186 0.009810 1 
187 0.007511 1 
188 0.007319 1 
182 0.107611 0 
183 0.091516 0 
184 0.075198 0 
186 0.042739 0 
187 0.025140 0 
189 0.007904 1 
190 0.006535 1 
191 0.004927 1 
193 0.005463 1 
194 0.006073 1 
195 0.014915 1 
196 0.005884 1 
189 0.124705 0 
190 0.108636 0 
191 0.092579 0 
193 0.059831 0 
194 0.043479 0 
197 0.005109 1 
198 0.005790 1 
199 0.009013 1 
195 0.075406 0 
196 0.058935 0 
197 0.042359 0 
200 0.004900 1 
201 0.004820 1 
198 0.083174 0 
199 0.066688 0 
200 0.049732 0 
201 0.034090 0 
203 0.012972 1 
204 0.005181 1 
203 0.027827 0 
204 0.011421 0 
205 0.004580 1 
206 0.007992 1 
207 0.005418 1 
208 0.007003 1 
205 0.064626 0 
206 0.047334 0 
207 0.031670 0 
209 0.010119 1 
210 0.006008 1 
208 0.040638 0 
209 0.023942 0 
211 0.006590 1 
210 0.030560 0 
212 0.006462 1 
213 0.006583 1 
211 0.048899 0 
214 0.004515 1 
215 0.004976 1 
216 0.011144 1 
212 0.084519 0 
213 0.068264 0 
214 0.049467 0 
215 0.034402 0 
216 0.018636 0 
217 0.007380 1 
218 0.007605 1 
217 0.028321 0 
219 0.008528 1 
220 0.008845 1 
218 0.050263 0 
219 0.034453 0 
220 0.018167 0 
221 0.007995 1 
222 0.007032 1 
223 0.005851 1 
221 0.055404 0 
222 0.038953 0 
223 0.021143 0 
224 0.007086 1 
225 0.006464 1 
224 0.032674 0 
226 0.006872 1 
227 0.006172 1 
225 0.050683 0 
226 0.033728 0 
228 0.008172 1 
227 0.041701 0 
228 0.025370 0 
230 0.006819 1 
231 0.006004 1 
232 0.007150 1 
233 0.005757 1 
234 0.007136 1 
235 0.005498 1 
236 0.007526 1 
230 0.115545 0 
231 0.100114 0 
232 0.082691 0 
233 0.067358 0 
234 0.051089 0 
235 0.034663 0 
236 0.017138 0 
237 0.003444 1 
239 0.013696 1 
237 0.050419 0 
239 0.019048 0 
240 0.008602 1 
240 0.066283 0 
241 0.050319 0 
242 0.033575 0 
244 0.007057 1 
246 0.015115 1 
247 0.012064 1 
248 0.014831 1 
249 0.011501 1 
244 0.113066 0 
246 0.080464 0 
252 0.007603 1 
253 0.006625 1 
247 0.113725 0 
254 0.010012 1 
255 0.032629 1 
256 0.016216 1 
248 0.155758 0 
249 0.139332 0 
257 0.008820 1 
258 0.006321 1 
252 0.118457 0 
253 0.102213 0 
254 0.085896 0 
255 0.069070 0 
256 0.052619 0 
257 0.035907 0 
259 0.009495 1 
258 0.037188 0 
260 0.009342 1 
261 0.019657 1 
259 0.072990 0 
260 0.054450 0 
261 0.037223 0 
262 0.021932 0 
262 0.023404 1 
263 0.037003 1 
265 0.022842 1 
267 0.009770 1 
263 0.088379 0 
265 0.055834 0 
268 0.005980 0 
268 0.007625 1 
269 0.011769 1 
270 0.006397 1 
269 0.030326 0 
270 0.013922 0 
271 0.008382 1 
272 0.006860 1 
273 0.005861 1 
271 0.038819 0 
272 0.022191 0 
273 0.035972 0 
275 0.010497 1 
276 0.018844 1 
275 0.036010 0 
277 0.009340 1 
278 0.009983 1 
279 0.006611 1 
276 0.065384 0 
277 0.048855 0 
278 0.032763 0 
280 0.006985 1 
281 0.007514 1 
279 0.043709 0 
280 0.033752 0 
281 0.017737 0 
282 0.006223 1 
282 0.024549 0 
283 0.010236 1 
284 0.011378 1 
285 0.010399 1 
283 0.053518 0 
286 0.009917 1 
284 0.048763 0 
285 0.032310 0 
287 0.007773 1 
288 0.006616 1 
286 0.054034 0 
289 0.006009 1 
291 0.019602 1 
292 0.012420 1 
287 0.104251 0 
288 0.087826 0 
289 0.071344 0 
291 0.038288 0 
292 0.022040 0 
293 0.006737 1 
294 0.014071 1 
295 0.007998 1 
293 0.041892 0 
296 0.007899 1 
297 0.009747 1 
298 0.006209 1 
299 0.004458 1 
300 0.011801 1 
302 0.007985 1 
295 0.128143 0 
296 0.111423 0 
297 0.095443 0 
298 0.074735 0 
299 0.062284 0 
304 0.006318 1 
302 0.046055 0 
305 0.008322 1 
306 0.011361 1 
307 0.006704 1 
308 0.012779 1 
304 0.081189 0 
305 0.064528 0 
306 0.048190 0 
307 0.031943 0 
309 0.010934 1 
310 0.009046 1 
309 0.032765 0 
310 0.016802 0 
312 0.007212 1 
313 0.006777 1 
314 0.007433 1 
312 0.044111 0 
313 0.028033 0 
315 0.011727 1 
317 0.013354 1 
314 0.065362 0 
315 0.049184 0 
319 0.008640 1 
320 0.006574 1 
321 0.010284 1 
323 0.011357 1 
324 0.021247 1 
325 0.013487 1 
319 0.125118 0 
320 0.108680 0 
321 0.092472 0 
324 0.043395 0 
327 0.007340 1 
327 0.012243 0 
328 0.006339 1 
328 0.017720 0 
329 0.008286 1 
330 0.005541 1 
329 0.033963 0 
330 0.017603 0 
331 0.013996 1 
332 0.007036 1 
333 0.007870 1 
331 0.041108 0 
334 0.007674 1 
335 0.007843 1 
332 0.062258 0 
333 0.045800 0 
334 0.028086 0 
336 0.009484 1 
335 0.032719 0 
336 0.016139 0 
337 0.019396 1 
338 0.006297 1 
339 0.005356 1 
340 0.009132 1 
341 0.010740 1 
337 0.086029 0 
338 0.068476 0 
339 0.053097 0 
340 0.036731 0 
341 0.020228 0 
342 0.014322 1 
343 0.006932 1 
344 0.009017 1 
346 0.008643 1 
347 0.009037 1 
348 0.008383 1 
349 0.009571 1 
350 0.009103 1 
343 0.132333 0 
346 0.081070 0 
347 0.065084 0 
351 0.009994 1 
348 0.060419 0 
349 0.043680 0 
350 0.025787 0 
352 0.009316 1 
354 0.008112 1 
355 0.006700 1 
356 0.021427 1 
357 0.008340 1 
358 0.008923 1 
351 0.137383 0 
352 0.119912 0 
354 0.088231 0 
355 0.071227 0 
359 0.020252 1 
360 0.007765 1 
356 0.081660 0 
357 0.064955 0 
358 0.048719 0 
359 0.031971 0 
360 0.015301 0 
361 0.007843 1 
361 0.016405 0 
362 0.008077 1 
363 0.006101 1 
362 0.023393 0 
363 0.006514 0 
364 0.009039 1 
365 0.012268 1 
364 0.042687 0 
365 0.026432 0 
367 0.008183 1 
368 0.018174 1 
369 0.009147 1 
370 0.014813 1 
367 0.069813 0 
371 0.009639 1 
372 0.008278 1 
373 0.008076 1 
375 0.006602 1 
376 0.008633 1 
369 0.140378 0 
370 0.123481 0 
371 0.107115 0 
372 0.089266 0 
373 0.072361 0 
375 0.039872 0 
376 0.023505 0 
377 0.008940 1 
378 0.015167 1 
380 0.012350 1 
381 0.005104 1 
382 0.005957 1 
383 0.007035 1 
385 0.019545 1 
386 0.021321 1 
387 0.013920 1 
378 0.173488 0 
380 0.140955 0 
381 0.122903 0 
382 0.108237 0 
383 0.091824 0 
385 0.057442 0 
386 0.041080 0 
387 0.025976 0 
388 0.014924 1 
389 0.012355 1 
390 0.009647 1 
388 0.067702 0 
389 0.051248 0 
390 0.031351 0 
392 0.013674 1 
393 0.012540 1 
394 0.011908 1 
395 0.009150 1 
392 0.060675 0 
393 0.044098 0 
396 0.010681 1 
397 0.009289 1 
398 0.015504 1 
399 0.021567 1 
400 0.009117 1 
395 0.098565 0 
396 0.082484 0 
397 0.066270 0 
398 0.049484 0 
402 0.013835 1 
403 0.008360 1 
402 0.038692 0 
403 0.022296 0 
404 0.017380 1 
405 0.008433 1 
406 0.008935 1 
407 0.009676 1 
404 0.060421 0 
405 0.044309 0 
406 0.027947 0 
408 0.008451 1 
409 0.007449 1 
410 0.015134 1 
411 0.010250 1 
412 0.012026 1 
407 0.101235 0 
408 0.094603 0 
409 0.077926 0 
410 0.061323 0 
411 0.044440 0 
412 0.027959 0 
413 0.011378 1 
414 0.010641 1 
413 0.030860 0 
415 0.013179 1 
414 0.030605 0 
416 0.014621 1 
417 0.007696 1 
416 0.046339 0 
417 0.029970 0 
418 0.016607 1 
419 0.012992 1 
420 0.008673 1 
418 0.049016 0 
419 0.033707 0 
420 0.018717 0 
421 0.006546 1 
422 0.018110 1 
423 0.010062 1 
421 0.052068 0 
424 0.010235 1 
423 0.034536 0 
425 0.013443 1 
425 0.030235 0 
426 0.013294 0 
427 0.015020 1 
429 0.012794 1 
430 0.017248 1 
431 0.011604 1 
429 0.047360 0 
430 0.030822 0 
431 0.012995 0 
432 0.007255 1 
433 0.008519 1 
432 0.034538 0 
434 0.010322 1 
435 0.009722 1 
433 0.044903 0 
434 0.028384 0 
435 0.011985 0 
436 0.006723 1 
436 0.053137 0 
438 0.022332 1 
439 0.013775 1 
439 0.019429 0 
440 0.006849 1 
443 0.005788 1 
445 0.018997 1 
446 0.026057 1 
447 0.034611 1 
448 0.021016 1 
440 0.165842 0 
441 0.149745 0 
443 0.116991 0 
445 0.123017 0 
446 0.106268 0 
447 0.088946 0 
448 0.072009 0 
451 0.022449 0 
451 0.023155 1 
452 0.013387 1 
453 0.026072 1 
454 0.028363 1 
455 0.021070 1 
456 0.012184 1 
452 0.079811 0 
453 0.063825 0 
454 0.047329 0 
457 0.009734 1 
458 0.008621 1 
459 0.011499 1 
460 0.007106 1 
461 0.009797 1 
457 0.076011 0 
459 0.043205 0 
462 0.017102 1 
460 0.072652 0 
461 0.056246 0 
462 0.039761 0 
464 0.012663 1 
464 0.041911 0 
466 0.034554 1 
467 0.018326 1 
466 0.038001 0 
467 0.021834 0 
468 0.012722 1 
469 0.011291 1 
470 0.006566 1 
469 0.034696 0 
470 0.018310 0 
471 0.011122 0 
471 0.012626 1 
472 0.012873 1 
472 0.027307 0 
474 0.019211 1 
474 0.029807 0 
475 0.013751 0 
476 0.023552 1 
477 0.011572 1 
478 0.014125 1 
476 0.052809 0 
479 0.005799 1 
480 0.009614 1 
481 0.006451 1 
478 0.067560 0 
479 0.051064 0 
480 0.034774 0 
481 0.018296 0 
482 0.017775 1 
483 0.015157 1 
484 0.009062 0 
484 0.018222 1 
485 0.010240 1 
486 0.008015 1 
485 0.026281 0 
487 0.014167 1 
488 0.009115 1 
487 0.040031 0 
488 0.023776 0 
490 0.041101 1 
491 0.040100 1 
492 0.024348 1 
493 0.021362 1 
494 0.014130 1 
495 0.015744 1 
491 0.094926 0 
492 0.079153 0 
493 0.063063 0 
494 0.046515 0 
495 0.029747 0 
496 0.013418 0 
497 0.010168 0 
497 0.017848 1 
498 0.012524 0 
498 0.013339 1 
499 0.004311 0 
499 0.016021 1 
501 0.018081 1 
501 0.039350 0 
503 0.006058 0 
503 0.009475 1 
504 0.009060 1 
504 0.014689 0 
505 0.006561 1 
505 0.025366 0 
506 0.008846 0 
506 0.012478 1 
507 0.012407 0 
508 0.019512 0 
507 0.046293 1 
508 0.029860 1 
509 0.021845 1 
511 0.008153 1 
512 0.006787 1 
513 0.009028 1 
514 0.006574 1 
511 0.066633 0 
512 0.050048 0 
513 0.033458 0 
514 0.018264 0 
516 0.011567 0 
516 0.014510 1 
518 0.010911 1 
519 0.008582 1 
519 0.013135 0 
520 0.023916 1 
522 0.018228 1 
523 0.015712 1 
524 0.010484 1 
526 0.024839 1 
527 0.008157 1 
528 0.007562 1 
529 0.006989 1 
530 0.007182 1 
531 0.021148 1 
532 0.016197 1 
533 0.007271 1 
534 0.016501 1 
535 0.009222 1 
536 0.007397 1 
537 0.006565 1 
538 0.023971 1 
539 0.011781 1 
540 0.018999 1 
541 0.008880 1 
542 0.011438 1 
543 0.008045 1 
545 0.018334 1 
546 0.013779 1 
547 0.008458 1 
548 0.019253 1 
549 0.020383 1 
550 0.012895 1 
551 0.012640 1 
553 0.011496 1 
554 0.010115 1 
555 0.010520 1 
556 0.013611 1 
557 0.020106 1 
558 0.020252 1 
559 0.013216 1 
560 0.007825 1 
561 0.011555 1 
562 0.007377 1 
563 0.016105 1 
564 0.011287 1 
566 0.012868 1 
567 0.021034 1 
568 0.008534 1 
569 0.022364 1 
570 0.013086 1 
571 0.014107 1 
572 0.016483 1 
574 0.009879 1 
575 0.014223 1 
576 0.015631 1 
577 0.018182 1 
579 0.011564 1 
580 0.012633 1 
581 0.006195 1 
582 0.012251 1 
584 0.022367 1 
585 0.027436 1 
586 0.015911 1 
587 0.012559 1 
588 0.014065 1 
589 0.006783 1 
591 0.026393 1 
592 0.055588 1 
593 0.038960 1 
594 0.021961 1 
595 0.008971 1 
596 0.009237 1 
597 0.009008 1 
598 0.008724 1 
599 0.006949 1 
601 0.024286 1 
602 0.015717 1 
603 0.017004 1 
604 0.009428 1 
605 0.007640 1 
606 0.009507 1 
607 0.006963 1 
608 0.013636 1 
609 0.028283 1 
610 0.020951 1 
611 0.010235 1 
612 0.011667 1 
613 0.008865 1 
614 0.008384 1 
615 0.009580 1 
616 0.008354 1 
617 0.009043 1 
618 0.018707 1 
619 0.021678 1 
620 0.008513 1 
621 0.007411 1 
622 0.007277 1 
623 0.011076 1 
624 0.009221 1 
625 0.010463 1 
626 0.012347 1 
628 0.023366 1 
629 0.021706 1 
630 0.020384 1 
631 0.014087 1 
632 0.007764 1 
633 0.011835 1 
634 0.012984 1 
635 0.007985 1 
637 0.024903 1 
638 0.008099 1 
639 0.004539 1 
640 0.006888 1 
642 0.007252 1 
644 0.024355 1 
645 0.041930 1 
646 0.033372 1 
647 0.022575 1 
650 0.011822 1 
651 0.013990 1 
652 0.052345 1 
653 0.036360 1 
654 0.032949 1 
655 0.016694 1 
656 0.009130 1 
657 0.008893 1 
658 0.007373 1 
659 0.006656 1 
660 0.006587 1 
661 0.013226 1 
663 0.041934 1 
665 0.015662 1 
666 0.007797 1 
667 0.016863 1 
668 0.019960 1 
669 0.009323 1 
670 0.007198 1 
671 0.022820 1 
673 0.028174 1 
674 0.023460 1 
675 0.026852 1 
676 0.012267 1 
677 0.013492 1 
678 0.011356 1 
679 0.008058 1 
680 0.012611 1 
681 0.009280 1 
682 0.010644 1 
683 0.012950 1 
684 0.010207 1 
685 0.010567 1 
686 0.026034 1 
687 0.012129 1 
689 0.047195 1 
690 0.035668 1 
691 0.030765 1 
692 0.014225 1 
693 0.025486 1 
694 0.014302 1 
695 0.011944 1 
696 0.010349 1 
697 0.009706 1 
698 0.018540 1 
700 0.024319 1 
702 0.019263 1 
703 0.015341 1 
704 0.008905 1 
705 0.010030 1 
706 0.007015 1 
707 0.014644 1 
708 0.011939 1 
710 0.030451 1 
711 0.019856 1 
712 0.010304 1 
713 0.009853 1 
715 0.012483 1 
717 0.015591 1 
718 0.015702 1 
719 0.009912 1 
721 0.016889 1 
722 0.023982 1 
723 0.019720 1 
725 0.018837 1 
726 0.011303 1 
727 0.008506 1 
728 0.011780 1 
729 0.006369 1 
730 0.013455 1 
731 0.023609 1 
732 0.017262 1 
733 0.012686 1 
734 0.009924 1 
735 0.029554 1 
736 0.013218 1 
737 0.015534 1 
738 0.008329 1 
739 0.007290 1 
740 0.020368 1 
741 0.006649 1 
742 0.009020 1 
744 0.012587 1 
745 0.006912 1 
746 0.006566 1 
747 0.006531 1 
748 0.016410 1 
749 0.013297 1 
750 0.009300 1 
752 0.012684 1 
753 0.007524 1 
754 0.009686 1 
755 0.009284 1 
756 0.015997 1 
757 0.011285 1 
758 0.018077 1 
759 0.017347 1 
760 0.026456 1 
761 0.012834 1 
762 0.009607 1 
763 0.010496 1 
765 0.017372 1 
766 0.020291 1 
767 0.026919 1 
768 0.024874 1 
769 0.020648 1 
770 0.008983 1 
771 0.007554 1 
773 0.011171 1 
774 0.018773 1 
775 0.019788 1 
776 0.012586 1 
778 0.014722 1 
779 0.018123 1 
780 0.008668 1 
781 0.010516 1 
783 0.009665 1 
784 0.024410 1 
785 0.022740 1 
786 0.020948 1 
787 0.011827 1 
788 0.006043 1 
790 0.019353 1 
791 0.030323 1 
792 0.021778 1 
793 0.010804 1 
794 0.015005 1 
795 0.006808 1 
796 0.019747 1 
797 0.009399 1 
798 0.018809 1 
800 0.015076 1 
801 0.011894 1 
802 0.019232 1 
803 0.010431 1 
804 0.012326 1 
805 0.008893 1 
806 0.017167 1 
807 0.011360 1 
808 0.013908 1 
809 0.024072 1 
810 0.020389 1 
811 0.008996 1 
812 0.020561 1 
813 0.014096 1 
814 0.014179 1 
815 0.012858 1 
816 0.009454 1 
817 0.007764 1 
818 0.011581 1 
819 0.009204 1 
820 0.015381 1 
821 0.008554 1 
822 0.007387 1 
823 0.022273 1 
824 0.012876 1 
825 0.009497 1 
827 0.037560 1 
828 0.020873 1 
829 0.019026 1 
830 0.018118 1 
831 0.009985 1 
832 0.008210 1 
833 0.013335 1 
834 0.013220 1 
836 0.023322 1 
837 0.013615 1 
838 0.008805 1 
839 0.006437 1 
841 0.011259 1 
843 0.083606 1 
844 0.066489 1 
845 0.066929 1 
846 0.050442 1 
849 0.014363 1 
850 0.023707 1 
851 0.057422 1 
852 0.044704 1 
853 0.036006 1 
854 0.019919 1 
855 0.014872 1 
856 0.021415 1 
857 0.012505 1 
858 0.010725 1 
859 0.032133 1 
860 0.019148 1 
862 0.013139 1 
864 0.036303 1 
865 0.019720 1 
866 0.021451 1 
867 0.020966 1 
868 0.026185 1 
869 0.022073 1 
870 0.013570 1 
872 0.049648 1 
873 0.045352 1 
874 0.029020 1 
875 0.029742 1 
876 0.024352 1 
877 0.023567 1 
878 0.017001 1 
879 0.016540 1 
880 0.006430 1 
881 0.023201 1 
882 0.009547 1 
883 0.007816 1 
884 0.010161 1 
885 0.009076 1 
886 0.008241 1 
888 0.041372 1 
889 0.040973 1 
890 0.032254 1 
891 0.016268 1 
892 0.014328 1 
893 0.006962 1 
894 0.006653 1 
895 0.009665 1 
896 0.006691 1 
897 0.016438 1 
899 0.024729 1 
901 0.014110 1 
902 0.015806 1 
903 0.012317 1 
904 0.009856 1 
905 0.011569 1 
906 0.011147 1 
907 0.012322 1 
909 0.019939 1 
910 0.019046 1 
911 0.022221 1 
912 0.016256 1 
914 0.021983 1 
916 0.024114 1 
917 0.017162 1 
918 0.019789 1 
920 0.013323 1 
921 0.017843 1 
922 0.020506 1 
924 0.007581 1 
925 0.008653 1 
926 0.011529 1 
927 0.008759 1 
928 0.029813 1 
929 0.020366 1 
930 0.025095 1 
931 0.013742 1 
932 0.011507 1 
933 0.016857 1 
934 0.018743 1 
935 0.015038 1 
936 0.005765 1 
937 0.006545 1 
938 0.028884 1 
939 0.019294 1 
940 0.021650 1 
941 0.008671 1 
943 0.017587 1 
944 0.011970 1 
945 0.012883 1 
946 0.013463 1 
947 0.009624 1 
948 0.014051 1 
949 0.013664 1 
951 0.013904 1 
952 0.016066 1 
953 0.008281 1 
954 0.015194 1 
955 0.014839 1 
956 0.020914 1 
957 0.010951 1 
958 0.012367 1 
959 0.009182 1 
960 0.022767 1 
961 0.018250 1 
962 0.015136 1 
964 0.032223 1 
965 0.016064 1 
966 0.015224 1 
967 0.041939 1 
968 0.025224 1 
969 0.018923 1 
970 0.012275 1 
972 0.013887 1 
973 0.013659 1 
974 0.013791 1 
975 0.023312 1 
977 0.022858 1 
978 0.014631 1 
979 0.011317 1 
980 0.012525 1 
982 0.011571 1 
983 0.032050 1 
984 0.022122 1 
985 0.011365 1 
986 0.011677 1 
987 0.009285 1 
989 0.023970 1 
990 0.018541 1 
991 0.023584 1 
992 0.014056 1 
993 0.008705 1 
994 0.012617 1 
995 0.015437 1 
996 0.011767 1 
997 0.011734 1 
999 0.016019 1 
1000 0.008796 1 
1001 0.009653 1 
1002 0.013879 1 
1003 0.008578 1 
1004 0.010032 1 
1005 0.006148 1 
1006 0.010148 1 
1007 0.028190 1 
1008 0.019409 1 
1009 0.012431 1 
1010 0.007549 1 
1011 0.012439 1 
1012 0.011128 1 
1013 0.015559 1 
1014 0.035090 1 
1015 0.018877 1 
1016 0.014751 1 
1017 0.011925 1 
1018 0.015325 1 
1019 0.008446 1 
1020 0.015772 1 
1021 0.008613 1 
1022 0.006312 1 
1023 0.014872 1 
1024 0.014255 1 
1026 0.023038 1 
1027 0.016488 1 
1028 0.011795 1 
1029 0.016553 1 
1030 0.010042 1 
1031 0.010859 1 
1032 0.018214 1 
1033 0.014174 1 
1035 0.031939 1 
1036 0.014942 1 
1037 0.018277 1 
1038 0.022130 1 
1040 0.007370 1 
1042 0.029074 1 
1043 0.041570 1 
1044 0.031710 1 
1045 0.016203 1 
1048 0.041332 1 
1049 0.024938 1 
1050 0.071194 1 
1051 0.054448 1 
1052 0.037866 1 
1053 0.025253 1 
1054 0.009174 1 
1055 0.019386 1 
1056 0.007849 1 
1057 0.013561 1 
1058 0.009860 1 
1059 0.007069 1 
1061 0.012853 1 
1063 0.017348 1 
1064 0.010930 1 
1065 0.011739 1 
1066 0.006750 1 
1067 0.012068 1 
1068 0.014844 1 
1069 0.019062 1 
1071 0.010442 1 
1072 0.019576 1 
1073 0.009101 1 
1074 0.035410 1 
1075 0.018548 1 
1076 0.015002 1 
1077 0.006861 1 
1078 0.009533 1 
1079 0.007848 1 
1080 0.012841 1 
1081 0.012975 1 
1082 0.009352 1 
1083 0.011590 1 
1084 0.011943 1 
1085 0.011775 1 
1087 0.046481 1 
1088 0.033631 1 
1089 0.017994 1 
1090 0.018613 1 
1091 0.006400 1 
1092 0.006098 1 
1093 0.009152 1 
1094 0.010792 1 
1095 0.021449 1 
1096 0.008120 1 
1098 0.021552 1 
1100 0.022773 1 
1101 0.011260 1 
1102 0.008586 1 
1103 0.008994 1 
1104 0.013745 1 
1105 0.015213 1 
1106 0.012571 1 
1108 0.020058 1 
1109 0.011479 1 
1110 0.012687 1 
1111 0.015229 1 
1113 0.013323 1 
1115 0.026586 1 
1116 0.020599 1 
1117 0.008793 1 
1119 0.023132 1 
1120 0.014855 1 
1121 0.020029 1 
1123 0.010224 1 
1124 0.008074 1 
1125 0.017846 1 
1126 0.012651 1 
1127 0.006367 1 
1128 0.018485 1 
1129 0.016923 1 
1130 0.008174 1 
1131 0.016750 1 
1132 0.011558 1 
1133 0.011237 1 
1134 0.006405 1 
1135 0.008213 1 
1136 0.010399 1 
1137 0.025040 1 
1138 0.022170 1 
1139 0.010939 1 
1140 0.006860 1 
1142 0.028086 1 
1143 0.023819 1 
1144 0.010005 1 
1145 0.010571 1 
1146 0.010900 1 
1147 0.014578 1 
1148 0.011784 1 
1150 0.008342 1 
1151 0.009584 1 
1152 0.008840 1 
1153 0.018107 1 
1154 0.023332 1 
1155 0.013825 1 
1156 0.014487 1 
1157 0.006953 1 
1158 0.017539 1 
1159 0.015662 1 
1160 0.012576 1 
1161 0.013563 1 
1163 0.016846 1 
1164 0.018380 1 
1165 0.017148 1 
1166 0.013961 1 
1167 0.010105 1 
1168 0.015909 1 
1169 0.007889 1 
1171 0.012884 1 
1172 0.014753 1 
1173 0.022122 1 
1174 0.022242 1 
1176 0.007188 1 
1177 0.011094 1 
1178 0.006687 1 
1179 0.009459 1 
1181 0.017042 1 
1182 0.017217 1 
1183 0.021389 1 
1184 0.009442 1 
1185 0.011389 1 
1186 0.009754 1 
1188 0.015610 1 
1189 0.016712 1 
1190 0.017290 1 
1191 0.011089 1 
1192 0.008908 1 
1193 0.026463 1 
1194 0.016988 1 
1195 0.007995 1 
1196 0.006763 1 
1198 0.010632 1 
1199 0.007252 1 
1200 0.007918 1 
1201 0.008401 1 
1202 0.007011 1 
1203 0.005482 1 
1204 0.007316 1 
1205 0.017079 1 
1206 0.015833 1 
1207 0.011801 1 
1208 0.008108 1 
1209 0.010823 1 
1210 0.011853 1 
1211 0.010000 1 
1212 0.022164 1 
1213 0.008131 1 
1214 0.009614 1 
1215 0.011816 1 
1216 0.009457 1 
1217 0.008604 1 
1218 0.008296 1 
1219 0.014243 1 
1220 0.014925 1 
1221 0.011399 1 
1222 0.013063 1 
1223 0.012548 1 
1225 0.021768 1 
1226 0.020560 1 
1227 0.023700 1 
1228 0.011508 1 
1229 0.014059 1 
1230 0.014723 1 
1231 0.016473 1 
1232 0.010491 1 
1234 0.029242 1 
1235 0.012953 1 
1236 0.021368 1 
1237 0.009897 1 
1239 0.009669 1 
1241 0.023141 1 
1242 0.039937 1 
1243 0.043730 1 
1244 0.027978 1 
1247 0.021555 1 
1248 0.013404 1 
1249 0.053863 1 
1250 0.037448 1 
1251 0.028435 1 
1252 0.019800 1 
1253 0.012554 1 
1254 0.016153 1 
1255 0.017895 1 
1256 0.010362 1 
1257 0.013000 1 
1258 0.012490 1 
1260 0.017839 1 
1262 0.015794 1 
1263 0.006400 1 
1264 0.005956 1 
1265 0.008835 1 
1266 0.012425 1 
1267 0.022905 1 
1268 0.015584 1 
1270 0.012784 1 
1271 0.015449 1 
1272 0.011905 1 
1273 0.008849 1 
1274 0.022214 1 
1275 0.021206 1 
1276 0.022853 1 
1277 0.017195 1 
1278 0.012676 1 
1279 0.016473 1 
1280 0.007089 1 
1281 0.018332 1 
1282 0.014132 1 
1283 0.010694 1 
1284 0.011170 1 
1286 0.038760 1 
1287 0.042316 1 
1288 0.026010 1 
1289 0.020231 1 
1290 0.018991 1 
1291 0.023076 1 
1292 0.014672 1 
1293 0.009846 1 
1294 0.018974 1 
1295 0.010941 1 
1297 0.013627 1 
1299 0.009213 1 
1300 0.009205 1 
1301 0.009690 1 
1302 0.007187 1 
1303 0.018289 1 
1304 0.015622 1 
1305 0.007353 1 
1307 0.010683 1 
1308 0.007236 1 
1309 0.011534 1 
1310 0.018110 1 
1312 0.018651 1 
1314 0.020182 1 
1315 0.009602 1 
1316 0.009531 1 
1318 0.024440 1 
1319 0.029909 1 
1320 0.017029 1 
1322 0.013367 1 
1323 0.014309 1 
1324 0.020161 1 
1325 0.013211 1 
1326 0.019450 1 
1327 0.022535 1 
1328 0.032443 1 
1329 0.018266 1 
1330 0.007395 1 
1331 0.018901 1 
1332 0.016192 1 
1333 0.008648 1 
1334 0.019785 1 
1335 0.016521 1 
1336 0.012171 1 
1337 0.013613 1 
1338 0.008232 1 
1339 0.012850 1 
1341 0.014939 1 
1342 0.008453 1 
1343 0.007278 1 
1344 0.016089 1 
1345 0.007692 1 
1346 0.023752 1 
1347 0.013992 1 
1349 0.007997 1 
1350 0.014801 1 
1351 0.020360 1 
1352 0.008859 1 
1353 0.015608 1 
1354 0.018219 1 
1355 0.012285 1 
1356 0.006741 1 
1357 0.014231 1 
1358 0.027145 1 
1359 0.016655 1 
1360 0.012323 1 
1362 0.014365 1 
1363 0.025445 1 
1364 0.019511 1 
1365 0.015368 1 
1366 0.012160 1 
1367 0.011042 1 
1368 0.014818 1 
1370 0.011749 1 
1371 0.016198 1 
1372 0.015192 1 
1373 0.019224 1 
1375 0.015289 1 
1376 0.013198 1 
1377 0.013893 1 
1378 0.010851 1 
1380 0.013385 1 
1381 0.015713 1 
1382 0.012356 1 
1383 0.010726 1 
1384 0.010752 1 
1385 0.009357 1 
1387 0.010263 1 
1388 0.014906 1 
1389 0.024901 1 
1390 0.017907 1 
1391 0.022019 1 
1392 0.016528 1 
1393 0.015682 1 
1394 0.011960 1 
1395 0.010627 1 
1397 0.008065 1 
1398 0.012005 1 
1399 0.009032 1 
1400 0.012495 1 
1401 0.016809 1 
1402 0.016783 1 
1403 0.008045 1 
1404 0.019107 1 
1405 0.014214 1 
1406 0.011213 1 
1407 0.008337 1 
1408 0.010309 1 
1409 0.008636 1 
1410 0.010954 1 
1411 0.012132 1 
1412 0.010273 1 
1413 0.015535 1 
1414 0.024587 1 
1415 0.018480 1 
1416 0.016165 1 
1417 0.014156 1 
1418 0.010898 1 
1419 0.006875 1 
1420 0.013989 1 
1421 0.021161 1 
1422 0.010118 1 
1424 0.052656 1 
1425 0.035893 1 
1426 0.021592 1 
1427 0.025873 1 
1428 0.013345 1 
1429 0.013830 1 
1430 0.015686 1 
1431 0.009971 1 
1433 0.023067 1 
1434 0.010721 1 
1435 0.008033 1 
1436 0.004428 1 
1438 0.008056 1 
1440 0.034697 1 
1441 0.032961 1 
1442 0.035896 1 
1443 0.018035 1 
1446 0.014825 1 
1447 0.007818 1 
1448 0.047923 1 
1449 0.031869 1 
1450 0.020035 1 
1451 0.014404 1 
1452 0.015701 1 
1453 0.008820 1 
1454 0.013545 1 
1455 0.008840 1 
1456 0.010993 1 
1457 0.007594 1 
1459 0.016082 1 
1461 0.025056 1 
1462 0.013051 1 
1463 0.014309 1 
1464 0.018708 1 
1465 0.014295 1 
1466 0.007961 1 
1467 0.040283 1 
1469 0.024320 1 
1470 0.026179 1 
1471 0.020117 1 
1472 0.013268 1 
1473 0.006834 1 
1474 0.032718 1 
1475 0.036114 1 
1476 0.026839 1 
1477 0.014631 1 
1478 0.009219 1 
1479 0.007949 1 
1480 0.016248 1 
1481 0.011678 1 
1482 0.016242 1 
1483 0.042742 1 
1485 0.037175 1 
1486 0.022294 1 
1487 0.020440 1 
1488 0.010803 1 
1489 0.021039 1 
1490 0.009114 1 
1491 0.020586 1 
1492 0.010934 1 
1493 0.012847 1 
1494 0.011715 1 
1496 0.018949 1 
1498 0.008224 1 
1499 0.015164 1 
1500 0.016561 1 
1501 0.012772 1 
1502 0.011167 1 
1503 0.014182 1 
1504 0.011837 1 
1506 0.014518 1 
1507 0.014580 1 
1508 0.017661 1 
1509 0.009035 1 
1511 0.016143 1 
1513 0.022932 1 
1514 0.014767 1 
1515 0.007909 1 
1517 0.015051 1 
1518 0.011682 1 
1519 0.010417 1 
1521 0.013845 1 
1522 0.014248 1 
1523 0.017709 1 
1524 0.013689 1 
1525 0.008990 1 
1526 0.024231 1 
1527 0.032452 1 
1528 0.019391 1 
1529 0.009742 1 
1530 0.009829 1 
1531 0.006817 1 
1532 0.010573 1 
1533 0.013989 1 
1534 0.009433 1 
1535 0.013262 1 
1536 0.012904 1 
1537 0.022612 1 
1538 0.014108 1 
1540 0.017945 1 
1541 0.011870 1 
1542 0.018423 1 
1543 0.010900 1 
1544 0.012165 1 
1545 0.027920 1 
1546 0.013540 1 
1548 0.010258 1 
1549 0.016587 1 
1550 0.008787 1 
1551 0.006138 1 
1552 0.008205 1 
1553 0.016744 1 
1554 0.007092 1 
1555 0.018352 1 
1556 0.015129 1 
1557 0.011120 1 
1558 0.008118 1 
1559 0.014252 1 
1561 0.024076 1 
1562 0.021536 1 
1563 0.024570 1 
1564 0.014899 1 
1565 0.010784 1 
1566 0.009660 1 
1567 0.013835 1 
1569 0.013510 1 
1570 0.028218 1 
1571 0.026467 1 
1572 0.017157 1 
1574 0.004966 1 
1575 0.008892 1 
1576 0.013469 1 
1577 0.009596 1 
1579 0.017111 1 
1580 0.014551 1 
1581 0.005632 1 
1582 0.005831 1 
1583 0.011710 1 
1584 0.007332 1 
1586 0.008360 1 
1587 0.015861 1 
1588 0.024860 1 
1589 0.013789 1 
1590 0.009460 1 
1591 0.015449 1 
1592 0.021621 1 
1593 0.010590 1 
1594 0.017630 1 
1596 0.019626 1 
1597 0.013156 1 
1598 0.020107 1 
1599 0.010185 1 
1600 0.010257 1 
1601 0.010834 1 
1602 0.007645 1 
1603 0.012710 1 
1604 0.017598 1 
1605 0.019305 1 
1606 0.028780 1 
1607 0.015405 1 
1608 0.012112 1 
1609 0.011622 1 
1610 0.010766 1 
1611 0.018139 1 
1612 0.016422 1 
1613 0.024119 1 
1614 0.023980 1 
1615 0.010859 1 
1616 0.005954 1 
1617 0.008571 1 
1618 0.007549 1 
1619 0.016219 1 
1620 0.006933 1 
1621 0.015348 1 
1623 0.016219 1 
1624 0.019034 1 
1625 0.017362 1 
1626 0.014001 1 
1627 0.012880 1 
1628 0.006964 1 
1629 0.005598 1 
1630 0.006396 1 
1632 0.036724 1 
1633 0.020312 1 
1634 0.014576 1 
1635 0.004708 1 
1637 0.005943 1 
1639 0.026320 1 
1640 0.034678 1 
1641 0.029659 1 
1642 0.029286 1 
1645 0.016824 1 
1646 0.020590 1 
1647 0.076033 1 
1648 0.059617 1 
1649 0.042522 1 
1650 0.026083 1 
1651 0.008629 1 
1652 0.011439 1 
1653 0.007593 1 
1654 0.006703 1 
1655 0.025485 1 
1656 0.015144 1 
1658 0.013554 1 
1660 0.018123 1 
1661 0.010014 1 
1662 0.008247 1 
1663 0.011871 1 
1664 0.014748 1 
1665 0.010633 1 
1666 0.009027 1 
1668 0.035391 1 
1669 0.021139 1 
1670 0.017515 1 
1671 0.008478 1 
1672 0.008312 1 
1673 0.010215 1 
1674 0.005857 1 
1675 0.012529 1 
1676 0.054602 1 
1677 0.038334 1 
1678 0.029089 1 
1679 0.016603 1 
1680 0.011144 1 
1681 0.015138 1 
1682 0.010101 1 
1684 0.034426 1 
1685 0.042935 1 
1686 0.034509 1 
1687 0.029465 1 
1688 0.013451 1 
1689 0.015991 1 
1690 0.013315 1 
1691 0.018819 1 
1692 0.013741 1 
1693 0.007521 1 
1695 0.015141 1 
1697 0.017934 1 
1698 0.018195 1 
1699 0.011686 1 
1700 0.018422 1 
1701 0.016486 1 
1702 0.013836 1 
1703 0.011975 1 
1705 0.013872 1 
1706 0.014431 1 
1707 0.009703 1 
1708 0.010461 1 
1710 0.016863 1 
1712 0.017749 1 
1713 0.007014 1 
1714 0.007529 1 
1716 0.029134 1 
1717 0.014695 1 
1718 0.015115 1 
1720 0.008739 1 
1721 0.031562 1 
1722 0.015085 1 
1723 0.011176 1 
1724 0.019322 1 
1725 0.023396 1 
1726 0.019097 1 
1727 0.011600 1 
1728 0.011901 1 
1729 0.010270 1 
1730 0.026353 1 
1731 0.028816 1 
1732 0.017698 1 
1733 0.025128 1 
1734 0.024222 1 
1735 0.018668 1 
1736 0.014688 1 
1737 0.018141 1 
1739 0.008784 1 
1740 0.007222 1 
1741 0.012036 1 
1742 0.021129 1 
1743 0.020343 1 
1744 0.014014 1 
1745 0.012166 1 
1747 0.006906 1 
1748 0.011149 1 
1749 0.012956 1 
1750 0.011048 1 
1751 0.010152 1 
1752 0.017041 1 
1753 0.007627 1 
1754 0.015814 1 
1755 0.020444 1 
1756 0.006192 1 
1757 0.008400 1 
1758 0.006560 1 
1760 0.008973 1 
1761 0.009657 1 
1762 0.024174 1 
1763 0.013217 1 
1764 0.013223 1 
1765 0.012352 1 
1766 0.009505 1 
1768 0.013767 1 
1769 0.007504 1 
1770 0.027310 1 
1771 0.014688 1 
1773 0.007888 1 
1774 0.032873 1 
1775 0.021874 1 
1776 0.007824 1 
1778 0.017410 1 
1779 0.019563 1 
1780 0.016248 1 
1781 0.016224 1 
1782 0.009203 1 
1783 0.006732 1 
1785 0.011898 1 
1786 0.011819 1 
1787 0.018128 1 
1788 0.012483 1 
1789 0.011881 1 
1790 0.046383 1 
1791 0.048848 1 
1792 0.031802 1 
1793 0.015493 1 
1795 0.018542 1 
1796 0.014742 1 
1797 0.010338 1 
1798 0.008717 1 
1799 0.010024 1 
1800 0.009145 1 
1801 0.012753 1 
1802 0.023851 1 
1803 0.011767 1 
1804 0.009670 1 
1805 0.011749 1 
1806 0.016334 1 
1807 0.011368 1 
1808 0.010120 1 
1809 0.021900 1 
1810 0.024630 1 
1811 0.020883 1 
1812 0.011726 1 
1813 0.007065 1 
1814 0.011273 1 
1815 0.010091 1 
1816 0.009590 1 
1817 0.009172 1 
1818 0.019126 1 
1819 0.009402 1 
1820 0.008799 1 
1822 0.009462 1 
1823 0.023046 1 
1824 0.011807 1 
1825 0.014480 1 
1826 0.012973 1 
1827 0.016890 1 
1828 0.013829 1 
1829 0.012287 1 
1831 0.022001 1 
1832 0.015254 1 
1833 0.011877 1 
1834 0.011564 1 
1836 0.013417 1 
1838 0.018042 1 
1839 0.025777 1 
1840 0.043538 1 
1841 0.023890 1 
1844 0.015975 1 
1845 0.008562 1 
1846 0.050557 1 
1847 0.034207 1 
1848 0.020702 1 
1849 0.017144 1 
1850 0.009132 1 
1851 0.010496 1 
1852 0.015055 1 
1853 0.011514 1 
1854 0.024148 1 
1855 0.008557 1 
1857 0.013365 1 
1859 0.025350 1 
1860 0.023452 1 
1861 0.021003 1 
1862 0.013632 1 
1863 0.009724 1 
1864 0.010412 1 
1865 0.012540 1 
1867 0.022033 1 
1868 0.013518 1 
1869 0.007498 1 
1870 0.006625 1 
1871 0.015621 1 
1872 0.013617 1 
1873 0.013094 1 
1874 0.013868 1 
1875 0.006745 1 
1876 0.008138 1 
1877 0.009593 1 
1878 0.011927 1 
1879 0.013763 1 
1880 0.032055 1 
1881 0.026222 1 
1883 0.032405 1 
1884 0.018967 1 
1885 0.019251 1 
1886 0.022185 1 
1887 0.010893 1 
1888 0.016073 1 
1889 0.015399 1 
1890 0.011833 1 
1891 0.017432 1 
1892 0.007424 1 
1894 0.011518 1 
1896 0.012325 1 
1897 0.022039 1 
1898 0.015325 1 
1899 0.005723 1 
1900 0.010468 1 
1901 0.015187 1 
1902 0.021845 1 
1904 0.014613 1 
1905 0.008941 1 
1906 0.006443 1 
1907 0.009759 1 
1909 0.035888 1 
1911 0.015681 1 
1912 0.011750 1 
1913 0.011960 1 
1915 0.009392 1 
1916 0.023256 1 
1917 0.013227 1 
1919 0.009493 1 
1920 0.012541 1 
1921 0.018172 1 
1922 0.011984 1 
1923 0.011160 1 
1924 0.033102 1 
1925 0.027518 1 
1926 0.018113 1 
1927 0.009364 1 
1928 0.018096 1 
1929 0.007332 1 
1930 0.011354 1 
1931 0.013128 1 
1932 0.008824 1 
1933 0.023922 1 
1934 0.047020 1 
1935 0.034065 1 
1936 0.015070 1 
1938 0.016305 1 
1939 0.011513 1 
1940 0.022855 1 
1941 0.011411 1 
1942 0.016458 1 
1943 0.008838 1 
1944 0.018147 1 
1946 0.012582 1 
1947 0.012261 1 
1948 0.010730 1 
1949 0.008865 1 
1950 0.022715 1 
1951 0.014013 1 
1952 0.019452 1 
1953 0.010759 1 
1954 0.008466 1 
1955 0.012551 1 
1956 0.005484 1 
1957 0.014688 1 
1959 0.017829 1 
1960 0.017210 1 
1961 0.008389 1 
1962 0.019290 1 
1963 0.008513 1 
1964 0.007335 1 
1965 0.011989 1 
1967 0.021840 1 
1968 0.023707 1 
1969 0.009727 1 
1970 0.018235 1 
1972 0.007972 1 
1973 0.007319 1 
1974 0.006483 1 
1975 0.016737 1 
1977 0.014444 1 
1978 0.015001 1 
1979 0.007104 1 
1980 0.009125 1 
1981 0.010758 1 
1982 0.008859 1 
1984 0.014442 1 
1985 0.023873 1 
1986 0.012727 1 
1987 0.010092 1 
1988 0.008719 1 
1989 0.010643 1 
1990 0.016143 1 
1991 0.008698 1 
1992 0.022313 1 
1994 0.027602 1 
1995 0.012003 1 
1996 0.013197 1 
1997 0.009927 1 
1998 0.010801 1 
1999 0.009487 1 
2000 0.008126 1 
2001 0.013995 1 
2002 0.015214 1 
2003 0.017539 1 
2004 0.018166 1 
2005 0.007839 1 
2006 0.007388 1 
2007 0.010922 1 
2008 0.027011 1 
2009 0.013690 1 
2010 0.015469 1 
2011 0.013397 1 
2012 0.011739 1 
2013 0.018279 1 
2014 0.013578 1 
2015 0.025210 1 
2016 0.021807 1 
2017 0.012687 1 
2018 0.007356 1 
2019 0.013255 1 
2021 0.040892 1 
2022 0.024013 1 
2023 0.012625 1 
2024 0.010280 1 
2025 0.009830 1 
2026 0.008697 1 
2027 0.018625 1 
2028 0.017703 1 
2030 0.021942 1 
2031 0.011903 1 
2032 0.009449 1 
2033 0.008669 1 
2035 0.014759 1 
2037 0.035681 1 
2038 0.032115 1 
2039 0.032816 1 
2040 0.021908 1 
2043 0.016560 1 
2044 0.012986 1 
2045 0.055381 1 
2046 0.039115 1 
2047 0.022550 1 
2048 0.014528 1 
2049 0.013050 1 
2050 0.011221 1 
2051 0.009157 1 
2052 0.017936 1 
2053 0.006270 1 
2054 0.020561 1 
2056 0.015113 1 
2058 0.024217 1 
2059 0.012268 1 
2060 0.015104 1 
2061 0.008820 1 
2062 0.007288 1 
2063 0.015555 1 
2064 0.013410 1 
2066 0.013446 1 
2067 0.010919 1 
2068 0.010137 1 
2069 0.014853 1 
2070 0.037442 1 
2071 0.051667 1 
2072 0.034909 1 
2073 0.018923 1 
2074 0.007664 1 
2075 0.026419 1 
2076 0.030989 1 
2077 0.016185 1 
2078 0.007394 1 
2079 0.005817 1 
2080 0.007628 1 
2082 0.026451 1 
2083 0.033835 1 
2084 0.038882 1 
2085 0.031564 1 
2086 0.020499 1 
2087 0.016049 1 
2088 0.019050 1 
2089 0.011748 1 
2090 0.010783 1 
2091 0.017091 1 
2093 0.027865 1 
2095 0.013215 1 
2096 0.022510 1 
2097 0.013436 1 
2098 0.008358 1 
2099 0.007211 1 
2100 0.009861 1 
2101 0.016764 1 
2103 0.015779 1 
2104 0.010084 1 
2105 0.009917 1 
2106 0.016093 1 
2108 0.025757 1 
2110 0.009552 1 
2111 0.018256 1 
2112 0.013892 1 
2114 0.017731 1 
2115 0.015484 1 
2116 0.008830 1 
2118 0.012658 1 
2119 0.006696 1 
2120 0.010509 1 
2121 0.015581 1 
2122 0.017718 1 
2123 0.022739 1 
2124 0.014488 1 
2125 0.014692 1 
2126 0.012982 1 
2127 0.007372 1 
2128 0.013867 1 
2129 0.015929 1 
2130 0.013890 1 
2131 0.011986 1 
2132 0.014235 1 
2133 0.018709 1 
2134 0.007796 1 
2135 0.010009 1 
2137 0.016176 1 
2138 0.012839 1 
2139 0.012676 1 
2140 0.008777 1 
2141 0.012428 1 
2142 0.009917 1 
2143 0.010635 1 
2145 0.013293 1 
2146 0.007480 1 
2147 0.042365 1 
2148 0.029168 1 
2149 0.013038 1 
2150 0.033339 1 
2151 0.015857 1 
2152 0.010698 1 
2153 0.010365 1 
2154 0.012748 1 
2155 0.006034 1 
2156 0.018687 1 
2158 0.015126 1 
2159 0.013803 1 
2160 0.014221 1 
2161 0.011113 1 
2162 0.012687 1 
2163 0.012802 1 
2164 0.009367 1 
2166 0.013316 1 
2167 0.011435 1 
2168 0.009702 1 
2169 0.026933 1 
2171 0.013904 1 
2172 0.008684 1 
2173 0.008246 1 
2174 0.010284 1 
2176 0.014354 1 
2177 0.017984 1 
2178 0.022386 1 
2179 0.013019 1 
2180 0.012512 1 
2181 0.015476 1 
2183 0.028239 1 
2184 0.014753 1 
2185 0.029134 1 
2186 0.026184 1 
2187 0.024090 1 
2188 0.017933 1 
2189 0.013972 1 
2190 0.008187 1 
2191 0.009630 1 
2193 0.017506 1 
2194 0.017963 1 
2195 0.036270 1 
2196 0.029179 1 
2197 0.017467 1 
2198 0.013698 1 
2199 0.017603 1 
2200 0.009845 1 
2201 0.017969 1 
2202 0.009597 1 
2203 0.013111 1 
2204 0.015339 1 
2205 0.009537 1 
2206 0.012026 1 
2207 0.014786 1 
2208 0.014645 1 
2209 0.022488 1 
2210 0.012964 1 
2211 0.012869 1 
2212 0.008590 1 
2213 0.009114 1 
2214 0.010574 1 
2215 0.016342 1 
2216 0.015663 1 
2217 0.014083 1 
2218 0.012441 1 
2220 0.015737 1 
2221 0.024158 1 
2222 0.019338 1 
2223 0.013878 1 
2224 0.017280 1 
2225 0.012449 1 
2226 0.012303 1 
2227 0.010997 1 
2229 0.043991 1 
2230 0.027940 1 
2231 0.011411 1 
2232 0.007428 1 
2234 0.007667 1 
2236 0.037427 1 
2237 0.025302 1 
2238 0.036524 1 
2239 0.020282 1 
2242 0.012865 1 
2243 0.014182 1 
2244 0.049077 1 
2245 0.033144 1 
2246 0.025595 1 
2247 0.039509 1 
2248 0.022433 1 
2249 0.019660 1 
2250 0.023296 1 
2251 0.015488 1 
2252 0.015517 1 
2253 0.011180 1 
2255 0.031132 1 
2257 0.026625 1 
2258 0.010273 1 
2259 0.013621 1 
2260 0.026074 1 
2261 0.016859 1 
2262 0.009614 1 
2263 0.011642 1 
2265 0.010764 1 
2266 0.034509 1 
2267 0.043865 1 
2268 0.026790 1 
2269 0.048167 1 
2270 0.031962 1 
2271 0.024348 1 
2272 0.014102 1 
2273 0.023360 1 
2274 0.011043 1 
2275 0.028899 1 
2276 0.015363 1 
2277 0.022945 1 
2278 0.011354 1 
2279 0.027036 1 
2281 0.019033 1 
2282 0.034059 1 
2283 0.066803 1 
2284 0.050229 1 
2285 0.033530 1 
2286 0.019824 1 
2287 0.011618 1 
2288 0.021667 1 
2289 0.016093 1 
2290 0.022595 1 
2292 0.045376 1 
2294 0.020355 1 
2295 0.034584 1 
2296 0.050722 1 
2297 0.034132 1 
2298 0.030237 1 
2299 0.027338 1 
2300 0.025049 1 
2302 0.021252 1 
2303 0.012827 1 
2304 0.007847 1 
2305 0.024573 1 
2307 0.019835 1 
2309 0.013324 1 
2310 0.015325 1 
2311 0.026760 1 
2313 0.029844 1 
2314 0.039394 1 
2315 0.023070 1 
2317 0.021821 1 
2318 0.022832 1 
2319 0.012420 1 
2320 0.021612 1 
2321 0.029985 1 
2322 0.033687 1 
2323 0.043350 1 
2324 0.026717 1 
2325 0.022362 1 
2326 0.013750 1 
2327 0.011940 1 
2328 0.018756 1 
2329 0.015429 1 
2330 0.029052 1 
2331 0.023853 1 
2332 0.030742 1 
2333 0.026764 1 
2334 0.017542 1 
2336 0.025187 1 
2337 0.023224 1 
2338 0.011739 1 
2339 0.017122 1 
2340 0.011966 1 
2341 0.029072 1 
2342 0.017909 1 
2344 0.021300 1 
2345 0.010136 1 
2346 0.013173 1 
2347 0.028195 1 
2348 0.014976 1 
2349 0.022063 1 
2350 0.015642 1 
2351 0.015003 1 
2352 0.012592 1 
2353 0.019632 1 
2354 0.009622 1 
2355 0.007664 1 
2357 0.011836 1 
2358 0.016530 1 
2359 0.038309 1 
2361 0.018248 1 
2362 0.016264 1 
2363 0.014181 1 
2365 0.033674 1 
2366 0.029353 1 
2367 0.041310 1 
2368 0.024062 1 
2370 0.008167 1 
2371 0.009176 1 
2372 0.007593 1 
2373 0.014373 1 
2375 0.034903 1 
2376 0.032701 1 
2377 0.061978 1 
2378 0.045207 1 
2379 0.028999 1 
2380 0.033332 1 
2382 0.028487 1 
2383 0.027240 1 
2384 0.029380 1 
2385 0.027657 1 
2386 0.016089 1 
2387 0.015543 1 
2388 0.014591 1 
2389 0.014363 1 
2390 0.025652 1 
2392 0.029928 1 
2393 0.042255 1 
2394 0.026196 1 
2395 0.027041 1 
2396 0.010958 1 
2397 0.027844 1 
2398 0.022320 1 
2399 0.018631 1 
2400 0.022928 1 
2401 0.013788 1 
2402 0.007652 1 
2403 0.015075 1 
2404 0.008830 1 
2405 0.018533 1 
2406 0.013672 1 
2407 0.015462 1 
2408 0.028752 1 
2409 0.024234 1 
2410 0.024906 1 
2411 0.043429 1 
2412 0.035151 1 
2413 0.021726 1 
2414 0.011052 1 
2415 0.009534 1 
2416 0.014855 1 
2417 0.011444 1 
2419 0.053380 1 
2420 0.036633 1 
2421 0.027399 1 
2422 0.026832 1 
2423 0.015672 1 
2424 0.026974 1 
2425 0.025107 1 
2426 0.014199 1 
2428 0.047293 1 
2429 0.030824 1 
2430 0.037986 1 
2431 0.019813 1 
2433 0.012343 1 
2435 0.044760 1 
2436 0.057173 1 
2437 0.040743 1 
2438 0.038937 1 
2441 0.036584 1 
2442 0.020638 1 
2443 0.074003 1 
2444 0.056624 1 
2445 0.040111 1 
2446 0.023032 1 
2447 0.030252 1 
2448 0.021455 1 
2449 0.032134 1 
2450 0.018677 1 
2451 0.012502 1 
2452 0.038105 1 
2454 0.019382 1 
2456 0.022572 1 
2457 0.011103 1 
2458 0.026407 1 
2459 0.031225 1 
2460 0.016584 1 
2461 0.019008 1 
2462 0.023945 1 
2464 0.021381 1 
2465 0.025594 1 
2466 0.030759 1 
2467 0.016722 1 
2468 0.049036 1 
2469 0.032251 1 
2470 0.034852 1 
2471 0.016999 1 
2472 0.048365 1 
2473 0.036262 1 
2474 0.025615 1 
2475 0.012909 1 
2476 0.023666 1 
2477 0.031445 1 
2478 0.019985 1 
2480 0.073261 1 
2481 0.074070 1 
2482 0.056594 1 
2483 0.040604 1 
2484 0.023473 1 
2485 0.095137 1 
2486 0.078833 1 
2487 0.076687 1 
2488 0.056761 1 
2489 0.048807 1 
2491 0.019194 1 
2493 0.021891 1 
2494 0.011911 1 
2495 0.036472 1 
2496 0.039137 1 
2497 0.048812 1 
2498 0.032540 1 
2499 0.051167 1 
2501 0.040502 1 
2502 0.019737 1 
2503 0.048718 1 
2504 0.039171 1 
2506 0.066938 1 
2508 0.042716 1 
2509 0.026328 1 
2510 0.034721 1 
2512 0.025073 1 
2513 0.027634 1 
2514 0.019527 1 
2516 0.026926 1 
2517 0.010870 1 
2518 0.014656 1 
2519 0.039504 1 
2520 0.022967 1 
2521 0.010374 1 
2522 0.029147 1 
2523 0.014240 1 
2524 0.008361 1 
2525 0.017567 1 
2526 0.014530 1 
2527 0.018165 1 
2528 0.024078 1 
2529 0.011362 1 
2530 0.012349 1 
2531 0.019861 1 
2532 0.035462 1 
2533 0.030977 1 
2535 0.023817 1 
2536 0.015632 1 
2537 0.018468 1 
2536 0.049655 0 
2537 0.033183 0 
2538 0.016867 0 
2538 0.017960 1 
2539 0.009010 1 
2540 0.017542 1 
2539 0.045783 0 
2540 0.029816 0 
2541 0.013458 0 
2543 0.018425 1 
2544 0.013076 1 
2545 0.009626 1 
2544 0.029342 0 
2546 0.010314 1 
2545 0.040594 0 
2547 0.013280 1 
2548 0.012308 1 
2546 0.054965 0 
2547 0.038529 0 
2549 0.015571 1 
2550 0.014055 1 
2551 0.014591 1 
2552 0.009457 1 
2553 0.037114 1 
2554 0.020858 1 
2556 0.012863 1 
2550 0.130705 0 
2552 0.105027 0 
2557 0.027078 1 
2556 0.066353 0 
2557 0.050969 0 
2558 0.028622 0 
2558 0.036497 1 
2559 0.018705 1 
2560 0.017521 1 
2559 0.046572 0 
2560 0.029624 0 
2561 0.033122 1 
2562 0.017103 1 
2564 0.011540 1 
2565 0.014175 1 
2566 0.007830 1 
2567 0.023124 1 
2569 0.017967 1 
2570 0.009643 1 
2565 0.104476 0 
2566 0.090586 0 
2567 0.074012 0 
2571 0.013907 1 
2572 0.010981 1 
2570 0.074821 0 
2571 0.058912 0 
2572 0.042430 0 
2574 0.011803 0 
2574 0.029441 1 
2575 0.023697 1 
2575 0.025822 0 
2576 0.011679 0 
2576 0.012822 1 
2577 0.014384 0 
2577 0.015841 1 
2578 0.010724 1 
2579 0.012360 1 
2578 0.038925 0 
2581 0.022193 0 
2581 0.023045 1 
2582 0.027381 1 
2583 0.020643 1 
2584 0.011427 1 
2585 0.012047 1 
2586 0.017845 1 
2587 0.023908 1 
2583 0.096747 0 
2584 0.080258 0 
2585 0.061838 0 
2586 0.045406 0 
2587 0.029070 0 
2588 0.011278 0 
2588 0.011304 1 
2589 0.030442 1 
2591 0.012852 1 
2592 0.019212 1 
2593 0.015048 1 
2591 0.050439 0 
2592 0.033979 0 
2594 0.009045 0 
2594 0.015350 1 
2595 0.015011 0 
2595 0.015997 1 
2596 0.018780 1 
2597 0.030342 0 
2597 0.036641 1 
2598 0.027681 1 
2599 0.011595 1 
2600 0.021012 1 
2598 0.056575 0 
2601 0.022897 0 
2601 0.032856 1 
2602 0.026123 1 
2603 0.009110 1 
2604 0.022941 1 
2605 0.022006 1 
2606 0.018322 1 
2607 0.026390 1 
2608 0.018762 1 
2609 0.021755 1 
2610 0.009939 1 
2611 0.024042 1 
2612 0.015902 1 
2613 0.018567 1 
2614 0.024311 1 
2615 0.019329 1 
2616 0.020523 1 
2618 0.028250 1 
2619 0.029324 1 
2620 0.020932 1 
2621 0.013695 1 
2622 0.015323 1 
2623 0.020622 1 
2624 0.019408 1 
2625 0.020692 1 
2627 0.034484 1 
2628 0.018324 1 
2629 0.012969 1 
2630 0.012722 1 
2632 0.011570 1 
2634 0.120975 1 
2640 0.037319 1 
2641 0.020479 1 
2642 0.053184 1 
2643 0.048806 1 
2644 0.032360 1 
2645 0.016284 1 
2646 0.019858 1 
2647 0.019295 1 
2648 0.017408 1 
2649 0.034616 1 
2650 0.018362 1 
2651 0.017135 1 
2653 0.020267 1 
2655 0.029787 1 
2656 0.013796 1 
2657 0.029870 1 
2658 0.016247 1 
2659 0.011876 1 
2660 0.024046 1 
2661 0.031552 1 
2663 0.011104 1 
2664 0.026263 1 
2665 0.014979 1 
2666 0.011930 1 
2667 0.009324 1 
2668 0.029297 1 
2669 0.037522 1 
2670 0.029584 1 
2671 0.049104 1 
2672 0.090683 1 
2673 0.097420 1 
2674 0.080943 1 
2675 0.118759 1 
2676 0.116741 1 
2677 0.119616 1 
2679 0.095134 1 
2682 0.114083 1 
2683 0.098100 1 
2684 0.081404 1 
2685 0.069124 1 
2686 0.053107 1 
2687 0.039968 1 
2688 0.022653 1 
2690 0.026229 1 
2692 0.028358 1 
2693 0.020998 1 
2694 0.023879 1 
2695 0.016141 1 
2696 0.007791 1 
2697 0.013870 1 
2698 0.068776 1 
2700 0.037176 1 
2701 0.024617 1 
2702 0.019710 1 
2703 0.014406 1 
2705 0.019048 1 
2707 0.018062 1 
2708 0.024340 1 
2709 0.009752 1 
2711 0.027004 1 
2712 0.021032 1 
2713 0.028422 1 
2715 0.016100 1 
2716 0.008728 1 
2717 0.031502 1 
2718 0.015126 1 
2719 0.033981 1 
2720 0.036863 1 
2721 0.025904 1 
2722 0.015556 1 
2723 0.009651 1 
2724 0.012380 1 
2725 0.020845 1 
2726 0.013105 1 
2727 0.025878 1 
2728 0.044343 1 
2729 0.033593 1 
2730 0.023734 1 
2731 0.029694 1 
2732 0.023539 1 
2734 0.021499 1 
2735 0.021712 1 
2736 0.031517 1 
2737 0.020977 1 
2738 0.024861 1 
2739 0.034474 1 
2740 0.021352 1 
2742 0.031331 1 
2743 0.014660 1 
2744 0.017713 1 
2745 0.047415 1 
2746 0.040883 1 
2747 0.043765 1 
2748 0.027561 1 
2749 0.046980 1 
2750 0.030381 1 
2751 0.015460 1 
2752 0.013478 1 
2753 0.016741 1 
2755 0.021999 1 
2756 0.033653 1 
2757 0.021511 1 
2758 0.020499 1 
2759 0.013264 1 
2760 0.010520 1 
2761 0.011986 1 
2763 0.042304 1 
2764 0.025302 1 
2765 0.030063 1 
2766 0.056362 1 
2768 0.023671 1 
2769 0.022600 1 
2770 0.011496 1 
2771 0.007614 1 
2773 0.050550 1 
2774 0.033902 1 
2775 0.037226 1 
2776 0.021055 1 
2777 0.023183 1 
2778 0.041270 1 
2780 0.041210 1 
2781 0.034980 1 
2782 0.018892 1 
2783 0.040063 1 
2784 0.023507 1 
2785 0.023113 1 
2786 0.025125 1 
2787 0.027670 1 
2788 0.023839 1 
2790 0.031496 1 
2791 0.028496 1 
2792 0.022466 1 
2793 0.010744 1 
2794 0.029148 1 
2795 0.012080 1 
2796 0.035311 1 
2797 0.019973 1 
2798 0.041391 1 
2799 0.086845 1 
2800 0.070343 1 
2801 0.054161 1 
2802 0.038356 1 
2803 0.025052 1 
2804 0.018831 1 
2805 0.089636 1 
2806 0.073263 1 
2807 0.056743 1 
2808 0.125963 1 
2809 0.109620 1 
2810 0.115955 1 
2811 0.098679 1 
2812 0.081990 1 
2813 0.080227 1 
2814 0.063808 1 
2815 0.067926 1 
2817 0.086063 1 
2818 0.071061 1 
2819 0.054404 1 
2820 0.044430 1 
2821 0.048603 1 
2822 0.032641 1 
2823 0.064175 1 
2824 0.046887 1 
2826 0.039546 1 
2827 0.044832 1 
2828 0.028431 1 
2829 0.042323 1 
2831 0.042242 1 
2833 0.050854 1 
2834 0.079130 1 
2835 0.073601 1 
2836 0.056714 1 
2839 0.028227 1 
2840 0.024631 1 
2841 0.090908 1 
2842 0.074702 1 
2843 0.058102 1 
2844 0.041747 1 
2845 0.025457 1 
2846 0.047914 1 
2847 0.031919 1 
2848 0.019760 1 
2849 0.038748 1 
2850 0.022343 1 
2852 0.021323 1 
2854 0.014729 1 
2855 0.036724 1 
2856 0.053613 1 
2857 0.047170 1 
2858 0.085558 1 
2859 0.066557 1 
2860 0.050349 1 
2862 0.046950 1 
2863 0.053991 1 
2864 0.037009 1 
2865 0.020680 1 
2866 0.031619 1 
2867 0.028728 1 
2868 0.056813 1 
2869 0.059067 1 
2870 0.041708 1 
2871 0.025183 1 
2872 0.021119 1 
2873 0.023458 1 
2874 0.023110 1 
2875 0.012934 1 
2876 0.062257 1 
2878 0.040511 1 
2879 0.045155 1 
2880 0.028764 1 
2881 0.020845 1 
2882 0.053445 1 
2883 0.036475 1 
2884 0.025366 1 
2885 0.008809 1 
2886 0.027101 1 
2887 0.020375 1 
2889 0.026133 1 
2891 0.057018 1 
2892 0.038596 1 
2893 0.039565 1 
2894 0.022106 1 
2895 0.030023 1 
2896 0.036551 1 
2897 0.020796 1 
2899 0.025607 1 
2900 0.009547 1 
2901 0.014851 1 
2902 0.092288 1 
2904 0.059353 1 
2906 0.081701 1 
2907 0.065162 1 
2908 0.048844 1 
2910 0.060010 1 
2911 0.045272 1 
2912 0.027919 1 
2914 0.029249 1 
2915 0.018078 1 
2916 0.027740 1 
2917 0.021633 1 
2918 0.018409 1 
2919 0.029894 1 
2920 0.035202 1 
2921 0.018854 1 
2922 0.012913 1 
2923 0.012751 1 
2924 0.023007 1 
2925 0.122527 1 
2926 0.103218 1 
2927 0.088747 1 
2928 0.071723 1 
2929 0.054732 1 
2930 0.030154 1 
2931 0.063671 1 
2933 0.043076 1 
2934 0.036915 1 
2935 0.058600 1 
2936 0.042065 1 
2937 0.063665 1 
2938 0.047326 1 
2939 0.074105 1 
2941 0.041861 1 
2942 0.027754 1 
2943 0.017483 1 
2944 0.011985 1 
2945 0.041069 1 
2946 0.042694 1 
2947 0.041066 1 
2948 0.024887 1 
2949 0.020983 1 
2950 0.031995 1 
2951 0.033417 1 
2952 0.023649 1 
2954 0.025791 1 
2955 0.017435 1 
2956 0.020125 1 
2957 0.028370 1 
2958 0.026112 1 
2959 0.018188 1 
2960 0.015141 1 
2962 0.015360 1 
2963 0.025716 1 
2964 0.016685 1 
2965 0.029400 1 
2967 0.009262 1 
2968 0.014565 1 
2969 0.015839 1 
2970 0.029070 1 
2972 0.010586 1 
2973 0.026672 1 
2974 0.010413 1 
2975 0.019868 1 
2976 0.027652 1 
2977 0.012186 1 
2979 0.040531 1 
2980 0.031393 1 
2981 0.039989 1 
2982 0.045810 1 
2983 0.029222 1 
2984 0.014679 1 
2985 0.018903 1 
2986 0.022364 1 
2987 0.010331 1 
2989 0.014753 1 
2990 0.023138 1 
2991 0.043305 1 
2992 0.027064 1 
2993 0.027744 1 
2994 0.026898 1 
2995 0.037850 1 
2996 0.050349 1 
2997 0.033814 1 
2998 0.017467 1 
2999 0.064114 1 
3000 0.053067 1 
3001 0.035986 1 
3002 0.020022 1 
3003 0.030638 1 
3004 0.029085 1 
3005 0.025109 1 
3006 0.021136 1 
3007 0.056135 1 
3008 0.040015 1 
3009 0.088029 1 
3010 0.072057 1 
3011 0.056069 1 
3012 0.038453 1 
3013 0.026626 1 
3014 0.098458 1 
3016 0.065755 1 
3017 0.068957 1 
3018 0.052588 1 
3019 0.043478 1 
3020 0.062657 1 
3021 0.046359 1 
3022 0.084783 1 
3023 0.068578 1 
3025 0.039928 1 
3026 0.023809 1 
3027 0.048102 1 
3028 0.066728 1 
3030 0.050009 1 
3032 0.052299 1 
3033 0.039208 1 
3034 0.074707 1 
3035 0.058504 1 
3038 0.024889 1 
3039 0.025481 1 
3040 0.066476 1 
3041 0.049344 1 
3042 0.049208 1 
3043 0.030894 1 
3044 0.043946 1 
3045 0.040194 1 
3046 0.049528 1 
3047 0.033459 1 
3048 0.041494 1 
3049 0.025454 1 
3051 0.027845 1 
3053 0.024266 1 
3054 0.024045 1 
3055 0.017384 1 
3056 0.023382 1 
3057 0.024381 1 
3058 0.033374 1 
3059 0.030138 1 
3061 0.027802 1 
3062 0.042343 1 
3063 0.026345 1 
3064 0.021613 1 
3065 0.023338 1 
3066 0.013806 1 
3067 0.013504 1 
3068 0.015505 1 
3069 0.026568 1 
3070 0.014892 1 
3071 0.012571 1 
3072 0.008495 1 
3073 0.008158 1 
3074 0.025998 1 
3075 0.031742 1 
3077 0.027397 1 
3078 0.028950 1 
3079 0.037973 1 
3080 0.055578 1 
3081 0.038849 1 
3082 0.022892 1 
3083 0.013816 1 
3084 0.033016 1 
3085 0.024428 1 
3086 0.007749 1 
3088 0.028027 1 
3090 0.018605 1 
3091 0.012013 1 
3092 0.010420 1 
3093 0.011447 1 
3094 0.020225 1 
3095 0.016704 1 
3096 0.038420 1 
3098 0.030217 1 
3099 0.030315 1 
3100 0.016701 1 
3101 0.014109 1 
3103 0.020823 1 
3105 0.024956 1 
3106 0.021498 1 
3107 0.015840 1 
3109 0.020847 1 
3110 0.046194 1 
3111 0.030094 1 
3113 0.009593 1 
3114 0.034100 1 
3115 0.017837 1 
3116 0.017634 1 
3117 0.014366 1 
3118 0.021605 1 
3119 0.015713 1 
3120 0.011980 1 
3121 0.014022 1 
3122 0.016798 1 
3123 0.022262 1 
3124 0.016406 1 
3125 0.009474 1 
3126 0.013960 1 
3127 0.014393 1 
3128 0.081295 1 
3129 0.127378 1 
3130 0.130192 1 
3132 0.097295 1 
3133 0.080994 1 
3134 0.064265 1 
3135 0.048054 1 
3136 0.034086 1 
3137 0.039902 1 
3138 0.022455 1 
3140 0.081006 1 
3141 0.064128 1 
3142 0.048289 1 
3143 0.094110 1 
3144 0.082578 1 
3145 0.066128 1 
3146 0.049509 1 
3147 0.033206 1 
3148 0.016685 1 
3149 0.068223 1 
3150 0.052340 1 
3151 0.094095 1 
3153 0.059304 1 
3154 0.107341 1 
3155 0.099803 1 
3156 0.084921 1 
3157 0.065181 1 
3158 0.101575 1 
3159 0.097213 1 
3161 0.095026 1 
3162 0.078623 1 
3163 0.120975 1 
3164 0.110018 1 
3166 0.100138 1 
3167 0.084085 1 
3168 0.087220 1 
3169 0.088892 1 
3171 0.072805 1 
3172 0.072683 1 
3173 0.068815 1 
3174 0.052476 1 
3175 0.036475 1 
3176 0.019507 1 
3178 0.067976 1 
3179 0.055830 1 
3180 0.081023 1 
3181 0.068864 1 
3182 0.051866 1 
3183 0.060286 1 
3184 0.043329 1 
3185 0.067203 1 
3186 0.070743 1 
3188 0.097774 1 
3189 0.081308 1 
3190 0.064997 1 
3191 0.049289 1 
3192 0.076709 1 
3193 0.062076 1 
3194 0.046974 1 
3195 0.031450 1 
3196 0.058358 1 
3197 0.042225 1 
3198 0.080495 1 
3199 0.064700 1 
3200 0.171885 1 
3201 0.155533 1 
3202 0.139032 1 
3203 0.122809 1 
3204 0.134649 1 
3205 0.118413 1 
3206 0.102350 1 
3207 0.086138 1 
3209 0.067749 1 
3210 0.051533 1 
3211 0.035527 1 
3212 0.049468 1 
3213 0.031090 1 
3215 0.079411 1 
3216 0.062586 1 
3217 0.046343 1 
3218 0.059881 1 
3219 0.043384 1 
3220 0.026615 1 
3221 0.032096 1 
3222 0.041071 1 
3224 0.051592 1 
3225 0.035226 1 
3226 0.018878 1 
3227 0.014607 1 
3229 0.020672 1 
3231 0.034430 1 
3232 0.051437 1 
3233 0.040252 1 
3234 0.049816 1 
3237 0.048100 1 
3238 0.041826 1 
3239 0.050171 1 
3240 0.033980 1 
3241 0.081916 1 
3242 0.065513 1 
3243 0.049293 1 
3244 0.032665 1 
3245 0.023713 1 
3246 0.016649 1 
3247 0.035511 1 
3248 0.024827 1 
3250 0.020682 1 
3252 0.056993 1 
3253 0.040726 1 
3254 0.031592 1 
3255 0.028098 1 
3256 0.024730 1 
3257 0.021353 1 
3258 0.011438 1 
3260 0.021213 1 
3261 0.034880 1 
3262 0.018329 1 
3263 0.026833 1 
3264 0.016580 1 
3265 0.028152 1 
3266 0.034888 1 
3267 0.027003 1 
3268 0.030050 1 
3269 0.014301 1 
3270 0.018842 1 
3271 0.025256 1 
3272 0.067359 1 
3273 0.048045 1 
3274 0.034149 1 
3276 0.064445 1 
3277 0.048756 1 
3278 0.032459 1 
3279 0.062330 1 
3280 0.045465 1 
3281 0.033097 1 
3282 0.040647 1 
3283 0.031992 1 
3284 0.020712 1 
3285 0.016539 1 
3287 0.021503 1 
3289 0.013079 1 
3290 0.065911 1 
3291 0.049098 1 
3292 0.032090 1 
3293 0.028973 1 
3294 0.021124 1 
3295 0.023316 1 
3297 0.026392 1 
3298 0.046009 1 
3299 0.029963 1 
3300 0.032952 1 
3302 0.022511 1 
3304 0.034411 1 
3305 0.022951 1 
3306 0.013855 1 
3308 0.034277 1 
3309 0.017521 1 
3310 0.009703 1 
3312 0.016458 1 
3313 0.025287 1 
3314 0.009019 1 
3315 0.033711 1 
3316 0.047647 1 
3317 0.031466 1 
3318 0.019073 1 
3319 0.026341 1 
3320 0.021125 1 
3321 0.023762 1 
3322 0.013906 1 
3323 0.022135 1 
3324 0.016411 1 
3325 0.020217 1 
3326 0.042801 1 
3327 0.034687 1 
3328 0.037248 1 
3329 0.020979 1 
3331 0.024032 1 
3332 0.025175 1 
3333 0.009079 1 
3334 0.018241 1 
3335 0.033109 1 
3336 0.038527 1 
3337 0.021979 1 
3339 0.033823 1 
3340 0.032586 1 
3341 0.023368 1 
3342 0.019883 1 
3343 0.019245 1 
3344 0.037250 1 
3345 0.021334 1 
3346 0.019316 1 
3347 0.020587 1 
3348 0.020641 1 
3349 0.030130 1 
3350 0.068372 1 
3352 0.079078 1 
3353 0.062595 1 
3354 0.048621 1 
3355 0.038305 1 
3356 0.022317 1 
3357 0.024954 1 
3358 0.034382 1 
3360 0.012492 1 
3361 0.022260 1 
3362 0.022981 1 
3363 0.047520 1 
3365 0.023996 1 
3366 0.027636 1 
3367 0.055270 1 
3368 0.038740 1 
3370 0.031918 1 
3371 0.087695 1 
3372 0.071044 1 
3373 0.054765 1 
3374 0.055765 1 
3375 0.039526 1 
3377 0.053590 1 
3378 0.036932 1 
3379 0.035426 1 
3380 0.019184 1 
3381 0.030195 1 
3382 0.026780 1 
3383 0.052130 1 
3384 0.036038 1 
3385 0.027727 1 
3387 0.046347 1 
3388 0.089068 1 
3389 0.072919 1 
3390 0.056544 1 
3391 0.040265 1 
3392 0.053519 1 
3393 0.038018 1 
3394 0.019270 1 
3395 0.030869 1 
3396 0.024299 1 
3397 0.027596 1 
3398 0.021085 1 
3399 0.025084 1 
3400 0.028529 1 
3401 0.075315 1 
3402 0.095432 1 
3403 0.079753 1 
3404 0.086123 1 
3405 0.067512 1 
3406 0.052772 1 
3407 0.034160 1 
3408 0.026520 1 
3409 0.026235 1 
3410 0.037727 1 
3411 0.021818 1 
3412 0.023702 1 
3414 0.040153 1 
3415 0.054020 1 
3416 0.039795 1 
3417 0.025401 1 
3418 0.018666 1 
3419 0.033773 1 
3420 0.025144 1 
3423 0.018568 1 
3424 0.009576 1 
3425 0.014744 1 
3426 0.056029 1 
3428 0.069628 1 
3430 0.086024 1 
3431 0.150777 1 
3436 0.213974 1 
3437 0.197838 1 
3438 0.237346 1 
3439 0.256389 1 
3440 0.240093 1 
3441 0.266720 1 
3446 0.184531 1 
3447 0.168636 1 
3449 0.159918 1 
3451 0.151124 1 
3455 0.086032 1 
3456 0.117909 1 
3457 0.101101 1 
3459 0.097639 1 
3460 0.118746 1 
3461 0.101932 1 
3462 0.086305 1 
3463 0.069716 1 
3464 0.111166 1 
3465 0.094774 1 
3466 0.097539 1 
3467 0.081053 1 
3468 0.064956 1 
3469 0.048210 1 
3470 0.031614 1 
3471 0.051050 1 
3472 0.051016 1 
3473 0.048590 1 
3475 0.125067 1 
3476 0.109537 1 
3477 0.105288 1 
3478 0.089115 1 
3479 0.072594 1 
3480 0.056462 1 
3481 0.066434 1 
3482 0.076235 1 
3483 0.060228 1 
3484 0.041670 1 
3486 0.104980 1 
3488 0.072604 1 
3489 0.056235 1 
3490 0.101819 1 
3491 0.085920 1 
3492 0.069716 1 
3493 0.052613 1 
3494 0.036547 1 
3496 0.048686 1 
3497 0.047524 1 
3498 0.031328 1 
3499 0.024906 1 
3501 0.028594 1 
3503 0.043548 1 
3504 0.032238 1 
3505 0.016345 1 
3507 0.059006 1 
3508 0.042722 1 
3509 0.034715 1 
3511 0.094220 1 
3512 0.078183 1 
3513 0.061902 1 
3514 0.045403 1 
3515 0.047158 1 
3516 0.030942 1 
3517 0.032794 1 
3518 0.018431 1 
3519 0.040393 1 
3520 0.027354 1 
3521 0.031162 1 
3522 0.031550 1 
3523 0.068057 1 
3524 0.077808 1 
3525 0.060745 1 
3526 0.044622 1 
3527 0.028378 1 
3528 0.036123 1 
3530 0.051895 1 
3531 0.034237 1 
3532 0.018170 1 
3533 0.016118 1 
3534 0.067975 1 
3535 0.052156 1 
3536 0.035995 1 
3538 0.039790 1 
3539 0.042943 1 
3540 0.026686 1 
3541 0.019392 1 
3542 0.038559 1 
3543 0.023231 1 
3544 0.023361 1 
3545 0.011291 1 
3546 0.009720 1 
3547 0.036351 1 
3548 0.037799 1 
3549 0.052069 1 
3551 0.021776 1 
3552 0.030717 1 
3553 0.016143 1 
3554 0.015149 1 
3555 0.022032 1 
3556 0.017644 1 
3557 0.023405 1 
3559 0.014320 1 
3560 0.014987 1 
3561 0.014897 1 
3564 0.143637 1 
3565 0.127425 1 
3566 0.110928 1 
3567 0.094720 1 
3569 0.114492 1 
3570 0.108854 1 
3576 0.275152 1 
3577 0.258867 1 
3578 0.259346 1 
3579 0.302792 1 
3580 0.286511 1 
3581 0.278318 1 
3582 0.262255 1 
3583 0.245212 1 
3587 0.179767 1 
3591 0.114499 1 
3592 0.098244 1 
3593 0.125988 1 
3594 0.120715 1 
3595 0.193228 1 
3596 0.177041 1 
3597 0.160197 1 
3598 0.142670 1 
3599 0.189959 1 
3600 0.192278 1 
3601 0.175862 1 
3602 0.159701 1 
3603 0.143808 1 
