2024-09-03 16:26:07
../stream-replay/logs/rtt-6205@128.txt
6 0.101329 0 
7 0.085124 0 
8 0.068896 0 
9 0.052326 0 
10 0.035996 0 
11 0.019757 0 
12 0.033310 0 
13 0.016807 0 
14 0.019883 0 
15 0.023512 0 
16 0.030263 0 
17 0.013689 0 
18 0.020586 0 
19 0.061236 0 
20 0.045238 0 
21 0.029303 0 
22 0.061814 0 
23 0.045460 0 
24 0.029734 0 
25 0.013185 0 
26 0.051120 0 
27 0.035044 0 
28 0.018824 0 
29 0.027561 0 
31 0.067053 0 
32 0.050555 0 
33 0.045969 0 
34 0.028988 0 
35 0.050857 0 
36 0.032602 0 
37 0.016171 0 
38 0.106884 0 
40 0.109298 0 
41 0.092714 0 
42 0.076245 0 
43 0.059652 0 
45 0.027471 0 
47 0.032210 0 
48 0.029969 0 
49 0.194102 0 
50 0.178987 0 
53 0.130373 0 
54 0.172559 0 
55 0.153530 0 
56 0.139657 0 
57 0.123519 0 
58 0.106871 0 
59 0.089895 0 
60 0.074234 0 
61 0.079164 0 
62 0.062627 0 
63 0.046117 0 
64 0.029707 0 
66 0.037102 0 
68 0.170384 0 
69 0.153649 0 
70 0.137514 0 
71 0.120808 0 
72 0.200327 0 
73 0.183705 0 
74 0.167093 0 
76 0.134337 0 
77 0.267008 0 
78 0.245046 0 
79 0.374313 0 
80 0.358008 0 
81 0.341351 0 
82 0.325026 0 
83 0.309184 0 
84 0.292813 0 
86 0.251528 0 
87 0.235309 0 
88 0.218131 0 
89 0.201624 0 
90 0.185229 0 
92 0.400852 0 
94 0.367180 0 
95 0.350091 0 
96 0.333983 0 
97 0.317608 0 
98 0.300928 0 
99 0.282684 0 
101 0.296144 0 
103 0.319691 0 
105 0.284425 0 
106 0.268129 0 
107 0.251883 0 
108 0.235448 0 
109 0.218982 0 
110 0.202673 0 
111 0.186522 0 
113 0.223584 0 
114 0.206068 0 
115 0.223610 0 
116 0.207340 0 
118 0.210623 0 
120 0.177420 0 
121 0.161162 0 
122 0.207049 0 
124 0.173441 0 
125 0.156038 0 
126 0.140426 0 
128 0.205472 0 
129 0.189477 0 
130 0.173012 0 
131 0.267340 0 
132 0.250679 0 
133 0.234388 0 
134 0.218310 0 
135 0.201226 0 
136 0.279651 0 
137 0.263293 0 
138 0.246709 0 
139 0.230560 0 
140 0.341684 0 
141 0.325311 0 
142 0.309318 0 
143 0.349905 0 
144 0.333620 0 
145 0.317490 0 
147 0.284231 0 
148 0.435217 0 
149 0.418859 0 
150 0.402557 0 
151 0.386681 0 
152 0.493780 0 
153 0.498124 0 
155 0.465248 0 
156 0.448722 0 
157 0.453184 0 
160 0.444580 0 
161 0.427792 0 
162 0.411607 0 
163 0.452857 0 
164 0.436613 0 
165 0.420034 0 
166 0.404071 0 
168 0.371396 0 
169 0.352124 0 
170 0.334776 0 
171 0.326057 0 
173 0.293556 0 
174 0.277208 0 
176 0.276280 0 
177 0.259564 0 
178 0.318729 0 
179 0.301507 0 
181 0.269375 0 
182 0.251535 0 
183 0.234643 0 
184 0.218272 0 
186 0.184402 0 
187 0.178525 0 
188 0.237407 0 
189 0.220995 0 
190 0.204789 0 
191 0.258391 0 
193 0.225412 0 
194 0.276508 0 
195 0.260718 0 
196 0.245645 0 
197 0.228819 0 
198 0.243124 0 
199 0.226603 0 
200 0.210313 0 
201 0.207098 0 
203 0.174194 0 
204 0.157661 0 
205 0.140627 0 
206 0.193412 0 
207 0.176964 0 
208 0.160746 0 
209 0.143501 0 
210 0.126205 0 
211 0.109032 0 
212 0.092328 0 
215 0.116664 0 
216 0.100385 0 
217 0.079438 0 
218 0.211693 0 
219 0.195456 0 
220 0.178974 0 
221 0.162500 0 
222 0.146029 0 
223 0.129159 0 
224 0.112360 0 
225 0.152528 0 
226 0.135990 0 
227 0.119810 0 
228 0.103042 0 
230 0.067580 0 
231 0.125874 0 
232 0.109561 0 
233 0.093272 0 
234 0.075127 0 
235 0.057415 0 
236 0.041282 0 
237 0.023218 0 
239 0.145594 0 
240 0.128485 0 
241 0.110417 0 
242 0.093776 0 
244 0.058027 0 
246 0.035412 0 
247 0.018780 0 
248 0.247845 0 
249 0.233220 0 
252 0.184760 0 
253 0.168272 0 
254 0.305945 0 
255 0.289820 0 
256 0.289596 0 
257 0.271670 0 
258 0.255305 0 
259 0.238022 0 
260 0.231189 0 
261 0.282009 0 
262 0.265776 0 
263 0.268687 0 
265 0.235921 0 
267 0.203131 0 
268 0.186489 0 
269 0.170180 0 
270 0.153480 0 
271 0.257495 0 
272 0.241796 0 
273 0.225249 0 
275 0.190021 0 
276 0.168681 0 
277 0.217857 0 
278 0.203798 0 
279 0.186247 0 
280 0.170190 0 
281 0.154016 0 
282 0.137271 0 
283 0.155887 0 
284 0.138586 0 
285 0.123043 0 
286 0.197365 0 
287 0.242475 0 
288 0.225914 0 
289 0.210100 0 
291 0.174374 0 
292 0.267597 0 
293 0.255420 0 
294 0.238565 0 
295 0.221505 0 
296 0.204770 0 
297 0.188484 0 
298 0.171475 0 
299 0.155301 0 
300 0.138905 0 
302 0.110869 0 
304 0.152402 0 
305 0.136399 0 
306 0.119882 0 
307 0.102001 0 
309 0.069311 0 
310 0.053308 0 
312 0.113890 0 
313 0.097808 0 
314 0.081318 0 
315 0.063604 0 
317 0.030103 0 
319 0.205008 0 
320 0.189048 0 
321 0.173393 0 
323 0.140792 0 
324 0.124169 0 
325 0.107669 0 
327 0.075195 0 
328 0.059104 0 
329 0.042594 0 
330 0.083036 0 
331 0.067003 0 
332 0.050141 0 
333 0.051392 0 
334 0.034694 0 
335 0.017205 0 
336 0.091338 0 
337 0.075172 0 
338 0.058330 0 
339 0.066319 0 
340 0.050110 0 
341 0.033589 0 
342 0.040392 0 
343 0.075858 0 
344 0.060528 0 
346 0.109334 0 
347 0.092437 0 
348 0.076822 0 
349 0.051741 0 
350 0.053338 0 
351 0.164265 0 
352 0.148570 0 
354 0.235064 0 
355 0.219025 0 
356 0.200402 0 
357 0.222311 0 
358 0.205905 0 
359 0.188617 0 
360 0.196782 0 
361 0.181538 0 
362 0.164953 0 
363 0.301967 0 
364 0.285545 0 
365 0.358614 0 
367 0.326181 0 
368 0.309589 0 
369 0.294095 0 
370 0.276725 0 
371 0.269524 0 
372 0.253372 0 
373 0.237369 0 
375 0.221745 0 
376 0.205573 0 
377 0.191460 0 
378 0.198793 0 
380 0.166783 0 
381 0.150012 0 
382 0.133713 0 
383 0.148766 0 
385 0.116043 0 
386 0.099255 0 
387 0.113272 0 
388 0.096633 0 
389 0.079372 0 
390 0.118451 0 
392 0.085599 0 
393 0.069645 0 
394 0.051426 0 
395 0.035354 0 
396 0.018327 0 
397 0.067155 0 
398 0.136389 0 
399 0.119785 0 
400 0.102686 0 
402 0.068605 0 
403 0.053498 0 
404 0.036686 0 
405 0.020626 0 
406 0.077830 0 
407 0.061969 0 
408 0.045907 0 
409 0.028580 0 
410 0.085655 0 
411 0.069316 0 
412 0.053010 0 
413 0.074061 0 
414 0.058071 0 
415 0.041609 0 
416 0.025350 0 
417 0.052198 0 
418 0.036086 0 
419 0.046378 0 
420 0.029861 0 
421 0.013808 0 
422 0.242930 0 
423 0.226815 0 
424 0.210579 0 
425 0.250609 0 
426 0.233927 0 
427 0.217752 0 
429 0.185006 0 
430 0.168666 0 
431 0.152214 0 
432 0.135068 0 
433 0.148484 0 
434 0.131797 0 
435 0.115936 0 
436 0.105330 0 
438 0.119956 0 
439 0.103302 0 
440 0.085451 0 
441 0.069204 0 
443 0.036234 0 
445 0.087282 0 
446 0.098869 0 
447 0.137821 0 
448 0.121453 0 
451 0.071489 0 
452 0.054917 0 
453 0.126916 0 
454 0.110374 0 
455 0.093934 0 
456 0.077480 0 
457 0.061250 0 
458 0.117141 0 
459 0.100421 0 
460 0.083631 0 
461 0.063973 0 
462 0.048056 0 
464 0.067740 0 
466 0.056248 0 
467 0.039826 0 
468 0.051830 0 
469 0.035433 0 
470 0.239359 0 
471 0.222081 0 
472 0.205700 0 
474 0.240638 0 
475 0.231475 0 
476 0.215354 0 
477 0.221401 0 
478 0.204069 0 
479 0.187654 0 
480 0.171576 0 
481 0.209758 0 
482 0.193301 0 
483 0.176432 0 
484 0.163582 0 
485 0.210857 0 
486 0.194860 0 
487 0.175823 0 
488 0.159302 0 
490 0.145325 0 
491 0.231105 0 
492 0.214533 0 
493 0.198375 0 
494 0.182100 0 
495 0.206002 0 
496 0.189850 0 
497 0.173368 0 
498 0.157446 0 
499 0.158765 0 
503 0.183575 0 
504 0.165748 0 
505 0.149419 0 
506 0.246778 0 
507 0.231283 0 
508 0.214851 0 
509 0.198547 0 
511 0.165886 0 
512 0.271369 0 
513 0.254270 0 
514 0.238145 0 
516 0.365758 0 
518 0.323709 0 
519 0.307367 0 
520 0.290696 0 
522 0.252239 0 
523 0.235560 0 
524 0.219143 0 
526 0.186776 0 
527 0.162314 0 
528 0.144173 0 
529 0.127706 0 
530 0.111288 0 
531 0.094944 0 
532 0.170632 0 
533 0.153510 0 
534 0.136692 0 
535 0.120358 0 
536 0.104307 0 
537 0.088638 0 
538 0.072116 0 
539 0.053742 0 
540 0.049009 0 
541 0.032303 0 
542 0.172534 0 
543 0.157058 0 
545 0.124739 0 
546 0.108912 0 
547 0.092653 0 
548 0.076074 0 
549 0.060259 0 
550 0.071717 0 
551 0.055186 0 
553 0.120237 0 
554 0.103712 0 
555 0.087444 0 
556 0.071113 0 
557 0.055019 0 
558 0.038833 0 
559 0.022749 0 
560 0.006448 0 
561 0.073751 0 
562 0.057605 0 
563 0.041096 0 
564 0.025144 0 
566 0.133296 0 
567 0.116437 0 
568 0.146718 0 
569 0.130500 0 
570 0.113928 0 
571 0.143033 0 
572 0.126948 0 
574 0.094301 0 
575 0.077511 0 
576 0.060937 0 
577 0.109536 0 
579 0.078998 0 
580 0.062418 0 
581 0.046519 0 
582 0.030223 0 
584 0.058292 0 
585 0.120298 0 
586 0.103968 0 
587 0.087523 0 
588 0.073245 0 
589 0.057150 0 
591 0.023823 0 
593 0.287660 0 
594 0.516381 0 
595 0.500275 0 
596 0.483763 0 
597 0.494179 0 
598 0.477696 0 
599 0.461378 0 
601 0.428577 0 
602 0.412136 0 
603 0.395666 0 
604 0.437437 0 
605 0.419879 0 
606 0.404021 0 
607 0.387570 0 
608 0.370915 0 
609 0.354558 0 
610 0.338461 0 
611 0.321744 0 
612 0.305528 0 
613 0.347503 0 
614 0.332428 0 
615 0.315784 0 
618 0.266198 0 
619 0.270662 0 
620 0.254308 0 
621 0.237947 0 
622 0.266464 0 
623 0.249707 0 
624 0.233999 0 
625 0.217801 0 
626 0.201247 0 
629 0.206860 0 
630 0.189862 0 
631 0.173454 0 
632 0.156919 0 
633 0.216737 0 
634 0.200650 0 
635 0.183552 0 
637 0.220724 0 
638 0.220202 0 
639 0.204157 0 
640 0.187334 0 
642 0.152755 0 
644 0.119925 0 
645 0.205786 0 
646 0.224048 0 
647 0.207718 0 
650 0.157612 0 
651 0.141293 0 
652 0.168459 0 
653 0.152215 0 
654 0.135696 0 
655 0.147591 0 
656 0.131394 0 
657 0.114785 0 
658 0.098722 0 
659 0.082022 0 
660 0.064489 0 
661 0.053123 0 
663 0.018869 0 
665 0.015411 0 
666 0.017574 0 
667 0.013016 0 
668 0.023734 0 
669 0.013790 0 
670 0.010329 0 
671 0.010995 0 
673 0.050516 0 
674 0.049241 0 
675 0.032942 0 
676 0.017174 0 
677 0.019170 0 
678 0.009058 0 
679 0.007650 0 
680 0.006957 0 
681 0.022571 0 
682 0.042196 0 
683 0.025805 0 
684 0.009416 0 
689 0.061650 1 
690 0.046085 1 
691 0.029727 1 
685 0.167430 0 
686 0.150865 0 
687 0.134342 0 
689 0.100322 0 
692 0.052797 1 
693 0.039541 1 
694 0.043135 1 
695 0.026712 1 
696 0.042155 1 
697 0.041752 1 
698 0.025024 1 
700 0.029452 1 
690 0.197607 0 
691 0.181622 0 
692 0.175544 0 
693 0.159237 0 
694 0.142698 0 
695 0.145724 0 
696 0.128697 0 
697 0.112545 0 
698 0.096211 0 
700 0.077381 0 
702 0.043992 0 
703 0.034515 0 
704 0.017753 0 
705 0.014401 0 
706 0.009024 0 
707 0.004586 0 
708 0.006793 0 
702 0.110394 1 
703 0.112864 1 
704 0.096106 1 
705 0.080137 1 
710 0.019615 0 
711 0.008377 0 
706 0.103102 1 
707 0.087138 1 
708 0.070684 1 
710 0.038224 1 
712 0.004964 0 
713 0.005884 0 
711 0.045248 1 
712 0.028849 1 
713 0.051855 1 
715 0.018399 1 
715 0.019745 0 
717 0.019548 0 
718 0.018105 0 
718 0.052554 1 
719 0.027340 1 
719 0.029530 0 
721 0.037304 0 
721 0.045884 1 
722 0.041533 1 
723 0.025394 1 
723 0.072823 0 
725 0.041260 0 
726 0.024870 0 
727 0.010336 0 
728 0.018371 0 
725 0.084571 1 
726 0.068149 1 
727 0.051727 1 
728 0.035058 1 
729 0.040622 0 
730 0.024566 0 
729 0.044180 1 
731 0.030390 0 
732 0.038898 0 
733 0.022593 0 
734 0.020636 0 
735 0.011457 0 
736 0.010027 0 
737 0.006598 0 
738 0.008957 0 
739 0.017664 0 
740 0.011662 0 
741 0.008132 0 
742 0.006669 0 
730 0.207155 1 
731 0.190670 1 
732 0.173729 1 
733 0.157479 1 
734 0.141206 1 
735 0.124878 1 
736 0.108626 1 
737 0.092420 1 
738 0.076153 1 
739 0.058343 1 
740 0.042294 1 
741 0.053104 1 
742 0.036678 1 
744 0.009190 0 
745 0.006532 0 
744 0.044253 1 
745 0.027835 1 
746 0.016092 0 
746 0.022636 1 
747 0.014890 0 
748 0.012439 0 
747 0.040169 1 
749 0.009502 0 
750 0.008700 0 
752 0.010819 0 
753 0.010479 0 
748 0.104254 1 
749 0.086116 1 
750 0.072029 1 
754 0.022124 0 
755 0.007329 0 
756 0.023283 0 
752 0.112180 1 
753 0.095756 1 
754 0.078473 1 
755 0.063371 1 
756 0.046684 1 
757 0.040613 0 
758 0.023010 0 
757 0.094280 1 
758 0.076647 1 
759 0.060873 1 
760 0.054566 0 
761 0.037975 0 
762 0.021839 0 
763 0.019263 0 
765 0.020032 0 
766 0.017745 0 
767 0.010236 0 
768 0.012056 0 
769 0.010242 0 
770 0.011770 0 
771 0.011789 0 
773 0.012489 0 
774 0.010452 0 
775 0.011637 0 
776 0.009246 0 
778 0.008298 0 
779 0.009430 0 
780 0.009732 0 
781 0.014721 0 
783 0.038307 0 
784 0.022454 0 
785 0.044832 0 
786 0.029050 0 
787 0.013008 0 
788 0.040924 0 
790 0.022192 0 
791 0.045058 0 
792 0.028404 0 
793 0.034822 0 
794 0.018540 0 
795 0.020920 0 
796 0.047891 0 
797 0.052119 0 
798 0.035688 0 
800 0.127591 0 
801 0.110901 0 
802 0.094361 0 
803 0.078560 0 
804 0.061563 0 
805 0.061760 0 
806 0.044936 0 
807 0.029336 0 
808 0.032454 0 
810 0.084804 0 
811 0.068569 0 
812 0.052727 0 
813 0.059470 0 
814 0.042972 0 
815 0.026719 0 
816 0.047375 0 
817 0.031583 0 
818 0.105626 0 
819 0.089700 0 
820 0.073355 0 
821 0.083566 0 
822 0.067279 0 
823 0.050551 0 
824 0.034188 0 
825 0.029072 0 
827 0.095735 0 
828 0.140943 0 
829 0.124894 0 
830 0.108522 0 
831 0.091308 0 
832 0.074856 0 
833 0.058731 0 
834 0.042594 0 
836 0.125098 0 
837 0.109754 0 
838 0.093446 0 
839 0.077239 0 
841 0.040371 0 
843 0.111122 0 
844 0.094660 0 
846 0.160693 0 
852 0.142685 0 
853 0.125906 0 
854 0.137647 0 
855 0.121206 0 
856 0.105326 0 
857 0.088814 0 
858 0.072668 0 
859 0.056484 0 
860 0.129317 0 
862 0.096669 0 
864 0.109080 0 
865 0.092650 0 
866 0.076573 0 
867 0.060051 0 
868 0.043775 0 
869 0.027533 0 
870 0.025625 0 
872 0.096938 0 
873 0.080339 0 
874 0.063910 0 
875 0.048074 0 
876 0.089038 0 
877 0.072224 0 
878 0.056461 0 
879 0.049773 0 
880 0.033518 0 
881 0.016660 0 
882 0.094929 0 
883 0.078598 0 
884 0.062408 0 
885 0.046904 0 
886 0.030615 0 
888 0.119377 0 
890 0.190264 0 
891 0.179008 0 
892 0.203707 0 
893 0.187264 0 
894 0.171307 0 
895 0.154683 0 
896 0.183106 0 
897 0.167029 0 
899 0.152575 0 
901 0.120223 0 
902 0.102550 0 
903 0.138002 0 
904 0.121857 0 
905 0.104888 0 
906 0.123636 0 
907 0.107821 0 
909 0.134091 0 
910 0.114290 0 
911 0.098029 0 
912 0.130589 0 
914 0.098406 0 
916 0.151878 0 
917 0.135769 0 
918 0.119566 0 
920 0.087087 0 
921 0.078119 0 
922 0.126879 0 
924 0.093937 0 
925 0.078218 0 
926 0.097274 0 
927 0.078790 0 
928 0.061237 0 
929 0.061151 0 
930 0.045233 0 
931 0.101264 0 
932 0.085177 0 
933 0.068733 0 
934 0.052847 0 
935 0.036584 0 
936 0.020160 0 
937 0.098759 0 
938 0.083869 0 
940 0.102114 0 
941 0.085899 0 
943 0.061092 0 
944 0.098844 0 
945 0.082070 0 
946 0.063785 0 
947 0.080596 0 
948 0.064166 0 
949 0.048667 0 
951 0.015495 0 
952 0.022855 0 
953 0.018931 0 
954 0.020816 0 
955 0.150364 0 
956 0.134027 0 
957 0.185430 0 
958 0.169086 0 
959 0.152857 0 
960 0.203959 0 
961 0.188058 0 
962 0.171882 0 
964 0.138648 0 
965 0.122393 0 
966 0.128149 0 
967 0.111120 0 
968 0.176003 0 
969 0.159939 0 
970 0.143655 0 
972 0.110738 0 
973 0.298120 0 
977 0.232516 0 
978 0.214807 0 
979 0.198634 0 
980 0.182166 0 
982 0.149526 0 
983 0.133142 0 
984 0.116608 0 
985 0.100083 0 
986 0.083774 0 
987 0.107276 0 
989 0.074807 0 
990 0.058051 0 
991 0.107827 0 
992 0.093481 0 
993 0.106824 0 
994 0.090262 0 
995 0.073678 0 
996 0.097903 0 
997 0.079821 0 
999 0.047155 0 
1000 0.030512 0 
1001 0.127024 0 
1002 0.110427 0 
1003 0.094245 0 
1004 0.071467 0 
1005 0.055504 0 
1006 0.039384 0 
1007 0.023045 0 
1008 0.051706 0 
1009 0.035667 0 
1010 0.019262 0 
1011 0.015810 0 
1012 0.090728 0 
1013 0.074895 0 
1014 0.058632 0 
1015 0.064918 0 
1016 0.048329 0 
1017 0.032047 0 
1019 0.084005 0 
1020 0.067710 0 
1021 0.051101 0 
1022 0.034939 0 
1023 0.018803 0 
1024 0.036246 0 
1026 0.116358 0 
1027 0.100419 0 
1028 0.197886 0 
1029 0.181430 0 
1032 0.142300 0 
1033 0.126378 0 
1035 0.120000 0 
1036 0.196290 0 
1037 0.194450 0 
1038 0.178431 0 
1040 0.145716 0 
1042 0.113393 0 
1043 0.174573 0 
1044 0.158279 0 
1045 0.142961 0 
1048 0.094362 0 
1049 0.078133 0 
1050 0.062025 0 
1051 0.077383 0 
1052 0.061087 0 
1053 0.042842 0 
1054 0.026216 0 
1055 0.047708 0 
1056 0.031920 0 
1057 0.048647 0 
1059 0.220108 0 
1061 0.266783 0 
1063 0.252087 0 
1064 0.234306 0 
1065 0.218285 0 
1066 0.202094 0 
1067 0.185520 0 
1068 0.169255 0 
1069 0.200032 0 
1071 0.167310 0 
1073 0.156975 0 
1074 0.140956 0 
1075 0.124724 0 
1076 0.108397 0 
1077 0.092220 0 
1078 0.076189 0 
1079 0.060019 0 
1080 0.078899 0 
1081 0.062579 0 
1082 0.046698 0 
1083 0.105087 0 
1084 0.089176 0 
1085 0.072941 0 
1087 0.170973 0 
1088 0.234547 0 
1089 0.227493 0 
1090 0.211508 0 
1091 0.194957 0 
1092 0.178943 0 
1093 0.162524 0 
1094 0.146239 0 
1095 0.361004 0 
1096 0.342633 0 
1098 0.310926 0 
1100 0.277592 0 
1101 0.261275 0 
1102 0.244735 0 
1103 0.229036 0 
1104 0.365389 0 
1105 0.349202 0 
1106 0.332557 0 
1108 0.311867 0 
1109 0.343422 0 
1110 0.326528 0 
1111 0.308897 0 
1116 0.325983 0 
1117 0.310151 0 
1119 0.339278 0 
1120 0.323410 0 
1121 0.307127 0 
1123 0.408752 0 
1124 0.392619 0 
1125 0.376038 0 
1126 0.358512 0 
1127 0.342530 0 
1128 0.326336 0 
1131 0.275399 0 
1132 0.258533 0 
1133 0.243234 0 
1134 0.225248 0 
1135 0.209084 0 
1136 0.191828 0 
1137 0.195531 0 
1138 0.174273 0 
1139 0.193105 0 
1140 0.176827 0 
1142 0.143395 0 
1143 0.171266 0 
1144 0.154841 0 
1145 0.134048 0 
1146 0.228907 0 
1147 0.210942 0 
1148 0.194749 0 
1150 0.198427 0 
1151 0.182470 0 
1152 0.166091 0 
1153 0.170915 0 
1154 0.155085 0 
1155 0.139020 0 
1156 0.122525 0 
1157 0.106260 0 
1158 0.089972 0 
1159 0.074175 0 
1160 0.134405 0 
1161 0.118082 0 
1163 0.084999 0 
1164 0.068825 0 
1165 0.052658 0 
1166 0.034817 0 
1167 0.030045 0 
1168 0.013449 0 
1169 0.041581 0 
1171 0.186240 0 
1172 0.170047 0 
1173 0.153660 0 
1174 0.137502 0 
1176 0.103642 0 
1177 0.087322 0 
1178 0.071225 0 
1179 0.054747 0 
1181 0.022612 0 
1182 0.225899 0 
1183 0.209304 0 
1184 0.298568 0 
1185 0.282393 0 
1186 0.266276 0 
1188 0.232958 0 
1189 0.216423 0 
1190 0.200880 0 
1191 0.304424 0 
1192 0.287972 0 
1193 0.271698 0 
1195 0.332783 0 
1196 0.316789 0 
1198 0.393029 0 
1199 0.376856 0 
1200 0.360695 0 
1201 0.344781 0 
1202 0.328320 0 
1203 0.311879 0 
1204 0.295992 0 
1205 0.279542 0 
1208 0.316643 0 
1209 0.362089 0 
1210 0.345641 0 
1211 0.329650 0 
1212 0.313316 0 
1213 0.297020 0 
1214 0.280886 0 
1215 0.264020 0 
1216 0.248024 0 
1217 0.232024 0 
1218 0.216023 0 
1219 0.234586 0 
1220 0.247760 0 
1221 0.231273 0 
1222 0.215152 0 
1223 0.249846 0 
1225 0.217135 0 
1226 0.211320 0 
1227 0.247554 0 
1228 0.229492 0 
1229 0.213200 0 
1230 0.196463 0 
1231 0.211796 0 
1232 0.195254 0 
1234 0.274251 0 
1236 0.408577 0 
1237 0.391183 0 
1239 0.355793 0 
1241 0.323012 0 
1242 0.397392 0 
1243 0.469918 0 
1244 0.454423 0 
1247 0.405272 0 
1248 0.389512 0 
1249 0.404792 0 
1250 0.461798 0 
1251 0.445399 0 
1252 0.428051 0 
1253 0.448599 0 
1254 0.432016 0 
1255 0.415859 0 
1256 0.399673 0 
1257 0.382849 0 
1258 0.432135 0 
1260 0.398147 0 
1270 0.281594 0 
1271 0.367997 0 
1272 0.350871 0 
1273 0.333798 0 
1274 0.317497 0 
1275 0.300726 0 
1276 0.283410 0 
1277 0.267109 0 
1278 0.250512 0 
1279 0.278363 0 
1280 0.262747 0 
1281 0.246144 0 
1282 0.254714 0 
1283 0.238321 0 
1284 0.221730 0 
1286 0.283822 0 
1287 0.315333 0 
1288 0.290408 0 
1289 0.273543 0 
1290 0.333414 0 
1291 0.317574 0 
1292 0.301430 0 
1293 0.284885 0 
1294 0.266685 0 
1295 0.248839 0 
1297 0.242948 0 
1299 0.210774 0 
1300 0.194526 0 
1301 0.261695 0 
1302 0.245551 0 
1303 0.229443 0 
1304 0.303525 0 
1305 0.286769 0 
1307 0.300177 0 
1308 0.284122 0 
1309 0.267824 0 
1310 0.331069 0 
1312 0.298330 0 
1314 0.271767 0 
1315 0.279376 0 
1316 0.263397 0 
1318 0.235843 0 
1319 0.258291 0 
1320 0.242181 0 
1322 0.208556 0 
1323 0.213200 0 
1324 0.197021 0 
1325 0.180733 0 
1328 0.130591 0 
1329 0.179049 0 
1330 0.162119 0 
1331 0.145529 0 
1334 0.095185 0 
1336 0.139610 0 
1337 0.123316 0 
1338 0.106443 0 
1339 0.088371 0 
1341 0.055410 0 
1342 0.038507 0 
1343 0.021971 0 
1344 0.027493 0 
1345 0.053792 0 
1346 0.148051 0 
1347 0.131922 0 
1349 0.099796 0 
1350 0.083157 0 
1351 0.165527 0 
1352 0.149278 0 
1353 0.129960 0 
1354 0.116747 0 
1355 0.126886 0 
1356 0.110676 0 
1357 0.094118 0 
1358 0.077727 0 
1359 0.107493 0 
1360 0.091145 0 
1362 0.057088 0 
1363 0.042641 0 
1364 0.081924 0 
1365 0.066018 0 
1366 0.063362 0 
1367 0.047269 0 
1368 0.030806 0 
1370 0.052239 0 
1371 0.057403 0 
1372 0.041482 0 
1375 0.147422 0 
1376 0.130639 0 
1377 0.193516 0 
1378 0.177548 0 
1380 0.142668 0 
1381 0.137183 0 
1382 0.163868 0 
1383 0.148433 0 
1384 0.140427 0 
1385 0.124890 0 
1387 0.092854 0 
1388 0.076620 0 
1389 0.122625 0 
1390 0.106316 0 
1391 0.267613 0 
1392 0.250939 0 
1393 0.235151 0 
1394 0.218698 0 
1395 0.202070 0 
1402 0.206570 0 
1403 0.189865 0 
1404 0.173111 0 
1405 0.157213 0 
1406 0.140692 0 
1407 0.123723 0 
1408 0.107371 0 
1409 0.089265 0 
1410 0.073363 0 
1411 0.132567 0 
1412 0.115736 0 
1413 0.099383 0 
1414 0.083226 0 
1415 0.178057 0 
1416 0.161822 0 
1417 0.145674 0 
1418 0.129454 0 
1419 0.112642 0 
1420 0.096035 0 
1421 0.080356 0 
1422 0.064143 0 
1424 0.120631 0 
1425 0.104821 0 
1426 0.088833 0 
1427 0.072378 0 
1428 0.055950 0 
1429 0.039955 0 
1430 0.084363 0 
1431 0.068245 0 
1433 0.118411 0 
1434 0.102868 0 
1435 0.086956 0 
1436 0.070598 0 
1438 0.037716 0 
1440 0.038244 0 
1441 0.071294 0 
1442 0.119371 0 
1443 0.103150 0 
1446 0.053952 0 
1447 0.037824 0 
1448 0.085219 0 
1449 0.068647 0 
1450 0.052199 0 
1451 0.035779 0 
1452 0.019524 0 
1453 0.042985 0 
1454 0.126833 0 
1455 0.110647 0 
1456 0.094375 0 
1457 0.184857 0 
1459 0.152088 0 
1461 0.116677 0 
1462 0.099009 0 
1463 0.083144 0 
1464 0.066955 0 
1465 0.050047 0 
1466 0.033941 0 
1467 0.017096 0 
1469 0.027328 0 
1471 0.100419 0 
1472 0.083577 0 
1473 0.198993 0 
1474 0.182753 0 
1475 0.199192 0 
1477 0.164385 0 
1478 0.149018 0 
1479 0.127690 0 
1480 0.111767 0 
1481 0.095419 0 
1482 0.078170 0 
1483 0.062106 0 
1485 0.167510 0 
1486 0.150887 0 
1487 0.134794 0 
1488 0.118389 0 
1489 0.161893 0 
1490 0.167086 0 
1491 0.150492 0 
1492 0.135341 0 
1493 0.119074 0 
1494 0.102328 0 
1496 0.154867 0 
1498 0.122991 0 
1499 0.103517 0 
1500 0.089553 0 
1501 0.073586 0 
1502 0.056992 0 
1503 0.040130 0 
1504 0.024611 0 
1506 0.051608 0 
1507 0.034989 0 
1508 0.029975 0 
1509 0.013887 0 
1511 0.035255 0 
1513 0.029844 0 
1514 0.018049 0 
1515 0.142543 0 
1517 0.109575 0 
1518 0.093866 0 
1519 0.135430 0 
1521 0.102077 0 
1522 0.086550 0 
1524 0.205885 0 
1525 0.189122 0 
1526 0.176556 0 
1527 0.190149 0 
1528 0.214539 0 
1529 0.198260 0 
1530 0.182463 0 
1531 0.166549 0 
1532 0.150309 0 
1533 0.132309 0 
1534 0.116183 0 
1535 0.122726 0 
1536 0.148457 0 
1537 0.132309 0 
1538 0.240761 0 
1540 0.207582 0 
1541 0.189524 0 
1542 0.173343 0 
1543 0.157202 0 
1544 0.140488 0 
1545 0.124220 0 
1546 0.139431 0 
1548 0.107106 0 
1549 0.090734 0 
1550 0.074650 0 
1551 0.366938 0 
1552 0.350661 0 
1553 0.334608 0 
1558 0.320487 0 
1559 0.338064 0 
1561 0.305495 0 
1562 0.289681 0 
1563 0.273460 0 
1564 0.256980 0 
1565 0.333189 0 
1566 0.317142 0 
1567 0.300482 0 
1569 0.268314 0 
1570 0.294483 0 
1571 0.394622 0 
1572 0.378416 0 
1575 0.343881 0 
1576 0.327736 0 
1577 0.311229 0 
1579 0.334568 0 
1580 0.317690 0 
1581 0.301795 0 
1582 0.285625 0 
1583 0.269548 0 
1584 0.252827 0 
1586 0.339198 0 
1587 0.322931 0 
1588 0.306602 0 
1589 0.316724 0 
1590 0.300931 0 
1591 0.291602 0 
1592 0.275130 0 
1593 0.259054 0 
1594 0.289140 0 
1596 0.252919 0 
1597 0.236668 0 
1599 0.324815 0 
1600 0.308873 0 
1601 0.292447 0 
1602 0.276552 0 
1603 0.260252 0 
1604 0.243718 0 
1605 0.227415 0 
1606 0.217814 0 
1607 0.201469 0 
1608 0.226698 0 
1609 0.210502 0 
1610 0.194268 0 
1611 0.178078 0 
1612 0.161274 0 
1613 0.145393 0 
1614 0.128828 0 
1615 0.113093 0 
1616 0.096205 0 
1617 0.109403 0 
1618 0.093303 0 
1619 0.077327 0 
1620 0.060439 0 
1621 0.044384 0 
1623 0.076844 0 
1624 0.060612 0 
1625 0.044616 0 
1626 0.053925 0 
1627 0.036137 0 
1628 0.020756 0 
1629 0.058600 0 
1630 0.072180 0 
1632 0.073338 0 
1633 0.057088 0 
1634 0.041312 0 
1635 0.024966 0 
1637 0.031200 0 
1639 0.047160 0 
1640 0.029376 0 
1641 0.175767 0 
1642 0.158964 0 
1645 0.110102 0 
1646 0.094456 0 
1647 0.183427 0 
1648 0.166853 0 
1649 0.150816 0 
1650 0.134679 0 
1651 0.118972 0 
1652 0.112634 0 
1653 0.096204 0 
1654 0.134743 0 
1655 0.118290 0 
1656 0.102034 0 
1658 0.104997 0 
1660 0.072522 0 
1661 0.056441 0 
1662 0.038411 0 
1663 0.045416 0 
1664 0.027016 0 
1665 0.058864 0 
1666 0.042420 0 
1668 0.049822 0 
1669 0.104262 0 
1670 0.086075 0 
1671 0.104850 0 
1672 0.088346 0 
1673 0.071800 0 
1674 0.055904 0 
1675 0.039548 0 
1676 0.023266 0 
1677 0.065170 0 
1678 0.048918 0 
1679 0.131708 0 
1680 0.115813 0 
1681 0.098998 0 
1682 0.082659 0 
1684 0.064764 0 
1685 0.077944 0 
1686 0.061644 0 
1690 0.222243 0 
1691 0.207532 0 
1692 0.300638 0 
1693 0.284408 0 
1695 0.277632 0 
1697 0.258044 0 
1698 0.241606 0 
1699 0.225446 0 
1700 0.248299 0 
1701 0.231998 0 
1702 0.215563 0 
1703 0.199130 0 
1705 0.164618 0 
1706 0.185057 0 
1707 0.202709 0 
1708 0.186447 0 
1710 0.151633 0 
1712 0.117342 0 
1713 0.101858 0 
1714 0.116338 0 
1716 0.136461 0 
1717 0.120463 0 
1718 0.101684 0 
1720 0.067383 0 
1721 0.051382 0 
1722 0.035132 0 
1723 0.036062 0 
1724 0.022981 0 
1725 0.067470 0 
1726 0.051591 0 
1727 0.035418 0 
1728 0.019138 0 
1729 0.036456 0 
1730 0.020622 0 
1731 0.040497 0 
1732 0.030725 0 
1733 0.025627 0 
1735 0.189505 0 
1736 0.241742 0 
1737 0.225810 0 
1739 0.193335 0 
1740 0.176621 0 
1741 0.160610 0 
1742 0.179406 0 
1743 0.208976 0 
1744 0.192749 0 
1745 0.175407 0 
1747 0.142957 0 
1748 0.304677 0 
1749 0.288158 0 
1750 0.270917 0 
1751 0.370401 0 
1752 0.355962 0 
1753 0.339412 0 
1754 0.322617 0 
1755 0.348078 0 
1756 0.332039 0 
1757 0.443949 0 
1758 0.427577 0 
1760 0.395164 0 
1761 0.379130 0 
1762 0.515859 0 
1763 0.499284 0 
1764 0.482605 0 
1765 0.493659 0 
1766 0.537775 0 
1768 0.505153 0 
1769 0.488973 0 
1770 0.472953 0 
1771 0.534971 0 
1773 0.502230 0 
1774 0.486022 0 
1775 0.469549 0 
1776 0.592368 0 
1778 0.559833 0 
1779 0.543712 0 
1780 0.527533 0 
1781 0.510932 0 
1782 0.593180 0 
1783 0.575745 0 
1785 0.557105 0 
1786 0.557214 0 
1787 0.541185 0 
1788 0.524801 0 
1789 0.613539 0 
1790 0.597011 0 
1791 0.581584 0 
1792 0.565284 0 
1795 0.630733 0 
1796 0.753627 0 
1797 0.741242 0 
1798 0.724728 0 
1799 0.709020 0 
1800 0.692592 0 
1801 0.675850 0 
1802 0.659771 0 
1803 0.640604 0 
1804 0.624028 0 
1805 0.608135 0 
1806 0.592070 0 
1807 0.575882 0 
1808 0.567957 0 
1809 0.551793 0 
1810 0.596311 0 
1811 0.772419 0 
1812 0.756245 0 
1813 0.737800 0 
1814 0.720968 0 
1815 0.704719 0 
1816 0.688510 0 
1817 0.672086 0 
1818 0.655874 0 
1819 0.638888 0 
1820 0.622659 0 
1831 0.522310 0 
1832 0.505907 0 
1833 0.489621 0 
1834 0.472681 0 
1836 0.440645 0 
1838 0.406063 0 
1839 0.490746 0 
1840 0.574131 0 
1841 0.557786 0 
1844 0.508877 0 
1845 0.492246 0 
1846 0.475982 0 
1847 0.459389 0 
1848 0.442863 0 
1849 0.426702 0 
1850 0.409840 0 
1851 0.417168 0 
1852 0.401237 0 
1853 0.385062 0 
1854 0.387668 0 
1855 0.370874 0 
1862 0.337715 0 
1863 0.321384 0 
1864 0.305214 0 
1865 0.288895 0 
1867 0.256323 0 
1868 0.239843 0 
1869 0.223471 0 
1870 0.207368 0 
1871 0.238892 0 
1872 0.222277 0 
1873 0.205914 0 
1874 0.189563 0 
1875 0.173360 0 
1876 0.153419 0 
1877 0.186229 0 
1878 0.170060 0 
1879 0.153897 0 
1880 0.137470 0 
1881 0.121035 0 
1883 0.100619 0 
1884 0.139886 0 
1885 0.122767 0 
1886 0.106650 0 
1887 0.090364 0 
1888 0.074175 0 
1889 0.058180 0 
1890 0.041932 0 
1891 0.259452 0 
1892 0.242910 0 
1894 0.370920 0 
1896 0.337301 0 
1897 0.320983 0 
1898 0.304554 0 
1899 0.288266 0 
1900 0.272218 0 
1901 0.255831 0 
1902 0.239315 0 
1904 0.237417 0 
1905 0.221522 0 
1906 0.204766 0 
1907 0.352316 0 
1909 0.339017 0 
1911 0.321575 0 
1912 0.304994 0 
1913 0.288731 0 
1915 0.301871 0 
1916 0.285532 0 
1917 0.269398 0 
1919 0.236465 0 
1920 0.308886 0 
1921 0.292608 0 
1922 0.275826 0 
1923 0.259630 0 
1924 0.240507 0 
1925 0.257643 0 
1926 0.241533 0 
1927 0.225678 0 
1928 0.209175 0 
1929 0.192582 0 
1930 0.174933 0 
1931 0.158622 0 
1932 0.142504 0 
1933 0.124718 0 
1934 0.129622 0 
1935 0.113197 0 
1936 0.097309 0 
1938 0.107111 0 
1939 0.091335 0 
1940 0.075649 0 
1941 0.059535 0 
1942 0.062478 0 
1943 0.097650 0 
1944 0.077916 0 
1946 0.073369 0 
1947 0.060740 0 
1948 0.044658 0 
1949 0.028580 0 
1950 0.030577 0 
1951 0.013792 0 
1952 0.175293 0 
1953 0.158793 0 
1954 0.142476 0 
1955 0.319216 0 
1956 0.303147 0 
1957 0.285116 0 
1959 0.327935 0 
1960 0.313169 0 
1961 0.296949 0 
1962 0.281013 0 
1963 0.306445 0 
1964 0.289782 0 
1965 0.273826 0 
1967 0.241698 0 
1968 0.266347 0 
1969 0.250155 0 
1970 0.233556 0 
1972 0.201518 0 
1973 0.248301 0 
1974 0.228627 0 
1975 0.212809 0 
1977 0.179067 0 
1978 0.227033 0 
1979 0.211087 0 
1980 0.193250 0 
1981 0.177238 0 
1982 0.159881 0 
1984 0.125375 0 
1985 0.147845 0 
1987 0.140000 0 
1988 0.123582 0 
1989 0.107960 0 
1990 0.091651 0 
1991 0.075470 0 
1992 0.143433 0 
1994 0.110546 0 
1995 0.092355 0 
1996 0.084339 0 
1997 0.067935 0 
1998 0.051767 0 
1999 0.061729 0 
2000 0.053138 0 
2001 0.036865 0 
2002 0.019266 0 
2004 0.176925 0 
2005 0.160376 0 
2006 0.144420 0 
2007 0.128119 0 
2008 0.112253 0 
2009 0.096031 0 
2010 0.084921 0 
2011 0.067828 0 
2012 0.051949 0 
2013 0.106301 0 
2014 0.089536 0 
2015 0.073389 0 
2016 0.086425 0 
2018 0.053793 0 
2019 0.036903 0 
2021 0.018030 0 
2022 0.028028 0 
2023 0.011901 0 
2024 0.051879 0 
2025 0.055338 0 
2026 0.038438 0 
2027 0.045178 0 
2028 0.028909 0 
2030 0.091332 0 
2031 0.138990 0 
2032 0.122700 0 
2033 0.106526 0 
2035 0.073767 0 
2037 0.041682 0 
2038 0.130123 0 
2039 0.161178 0 
2040 0.145055 0 
2044 0.184203 0 
2045 0.168082 0 
2046 0.151372 0 
2047 0.134914 0 
2048 0.152642 0 
2049 0.135740 0 
2050 0.115508 0 
2051 0.101003 0 
2052 0.084148 0 
2053 0.132292 0 
2054 0.115930 0 
2056 0.081823 0 
2058 0.079561 0 
2059 0.063995 0 
2060 0.047274 0 
2066 0.163240 0 
2067 0.146692 0 
2068 0.175763 0 
2069 0.170936 0 
2070 0.154934 0 
2071 0.137461 0 
2072 0.121336 0 
2073 0.128445 0 
2074 0.108726 0 
2075 0.145441 0 
2076 0.128598 0 
2077 0.112058 0 
2078 0.290347 0 
2079 0.273398 0 
2080 0.256738 0 
2082 0.224162 0 
2083 0.207907 0 
2084 0.191256 0 
2085 0.174511 0 
2086 0.157923 0 
2087 0.141751 0 
2088 0.125121 0 
2089 0.108783 0 
2090 0.092346 0 
2091 0.117374 0 
2093 0.085657 0 
2095 0.082118 0 
2100 0.072269 0 
2101 0.084713 0 
2103 0.167998 0 
2104 0.152020 0 
2105 0.135039 0 
2106 0.118773 0 
2108 0.124731 0 
2110 0.128147 0 
2111 0.111699 0 
2112 0.095558 0 
2114 0.063103 0 
2115 0.046779 0 
2116 0.043965 0 
2118 0.180978 0 
2119 0.164708 0 
2120 0.147625 0 
2121 0.131164 0 
2122 0.114967 0 
2123 0.141382 0 
2124 0.127783 0 
2125 0.139724 0 
2126 0.123111 0 
2127 0.107216 0 
2128 0.102415 0 
2129 0.085407 0 
2130 0.068736 0 
2131 0.052527 0 
2132 0.117100 0 
2133 0.100721 0 
2134 0.084604 0 
2135 0.110569 0 
2137 0.077994 0 
2138 0.060891 0 
2139 0.043560 0 
2140 0.135038 0 
2141 0.186374 0 
2142 0.170142 0 
2143 0.153680 0 
2145 0.120273 0 
2146 0.102016 0 
2147 0.085482 0 
2148 0.069425 0 
2149 0.053185 0 
2150 0.035309 0 
2151 0.019292 0 
2152 0.014852 0 
2153 0.131148 0 
2154 0.114748 0 
2155 0.098199 0 
2156 0.082805 0 
2158 0.168086 0 
2159 0.152464 0 
2160 0.176597 0 
2161 0.160681 0 
2162 0.144202 0 
2163 0.127999 0 
2164 0.111521 0 
2166 0.078961 0 
2167 0.075629 0 
2168 0.059146 0 
2169 0.061668 0 
2171 0.078368 0 
2172 0.130773 0 
2173 0.114195 0 
2174 0.097503 0 
2176 0.071502 0 
2177 0.141673 0 
2178 0.125206 0 
2179 0.160455 0 
2180 0.143861 0 
2181 0.127400 0 
2183 0.173265 0 
2184 0.306231 0 
2185 0.290421 0 
2186 0.274175 0 
2187 0.263420 0 
2188 0.240837 0 
2189 0.232481 0 
2190 0.260305 0 
2191 0.244509 0 
2193 0.212243 0 
2194 0.196663 0 
2195 0.180701 0 
2196 0.201277 0 
2197 0.184301 0 
2198 0.168210 0 
2199 0.152547 0 
2200 0.135529 0 
2201 0.138994 0 
2202 0.122732 0 
2203 0.106021 0 
2204 0.089493 0 
2205 0.072906 0 
2206 0.170495 0 
2207 0.154232 0 
2208 0.137906 0 
2209 0.121000 0 
2210 0.104710 0 
2211 0.084965 0 
2212 0.068246 0 
2213 0.050252 0 
2214 0.087745 0 
2215 0.070546 0 
2216 0.054823 0 
2217 0.032666 0 
2218 0.054518 0 
2220 0.074951 0 
2221 0.104405 0 
2222 0.087714 0 
2223 0.071230 0 
2224 0.055150 0 
2225 0.083300 0 
2226 0.066872 0 
2227 0.050380 0 
2229 0.114239 0 
2230 0.098677 0 
2231 0.078755 0 
2232 0.066103 0 
2234 0.033374 0 
2236 0.066717 0 
2237 0.100401 0 
2238 0.084449 0 
2239 0.068127 0 
2242 0.060102 0 
2243 0.043662 0 
2244 0.081280 0 
2245 0.063829 0 
2246 0.048563 0 
2247 0.032167 0 
2248 0.154708 0 
2249 0.147644 0 
2250 0.127496 0 
2251 0.123118 0 
2252 0.106738 0 
2253 0.136472 0 
2255 0.104118 0 
2257 0.100605 0 
2258 0.092861 0 
2259 0.076717 0 
2260 0.059394 0 
2261 0.042270 0 
2262 0.024035 0 
2263 0.084996 0 
2265 0.049370 0 
2267 0.096873 0 
2268 0.080811 0 
2269 0.135761 0 
2270 0.130735 0 
2271 0.114909 0 
2272 0.099072 0 
2273 0.082724 0 
2274 0.117742 0 
2275 0.101624 0 
2276 0.085098 0 
2277 0.186570 0 
2278 0.169759 0 
2279 0.155975 0 
2282 0.132707 0 
2283 0.116410 0 
2284 0.099545 0 
2285 0.083525 0 
2286 0.066866 0 
2287 0.209682 0 
2288 0.191762 0 
2294 0.218426 0 
2295 0.202117 0 
2296 0.185866 0 
2297 0.169774 0 
2298 0.242902 0 
2299 0.226703 0 
2300 0.208292 0 
2302 0.173234 0 
2303 0.233333 0 
2304 0.217138 0 
2305 0.201154 0 
2307 0.168679 0 
2310 0.190331 0 
2311 0.174097 0 
2313 0.141892 0 
2314 0.125678 0 
2315 0.109139 0 
2317 0.074848 0 
2318 0.058801 0 
2319 0.184907 0 
2320 0.168297 0 
2321 0.151886 0 
2322 0.136356 0 
2323 0.125077 0 
2324 0.108463 0 
2325 0.092473 0 
2327 0.207560 0 
2328 0.191345 0 
2329 0.174868 0 
2330 0.158803 0 
2332 0.180376 0 
2334 0.183203 0 
2336 0.150177 0 
2337 0.161229 0 
2338 0.144475 0 
2339 0.128419 0 
2340 0.220944 0 
2341 0.205009 0 
2342 0.188614 0 
2344 0.155877 0 
2345 0.139243 0 
2346 0.122978 0 
2347 0.141915 0 
2348 0.125738 0 
2349 0.109204 0 
2350 0.092826 0 
2351 0.133036 0 
2352 0.115972 0 
2353 0.103623 0 
2354 0.088548 0 
2355 0.071980 0 
2357 0.038715 0 
2358 0.022747 0 
2359 0.029495 0 
2360 0.020772 0 
2361 0.064493 0 
2362 0.049108 0 
2363 0.031959 0 
2365 0.044565 0 
2366 0.091584 0 
2367 0.076047 0 
2368 0.074702 0 
2370 0.042169 0 
2371 0.025710 0 
2372 0.066918 0 
2373 0.051777 0 
2375 0.181545 0 
2376 0.299554 0 
2377 0.285212 0 
2378 0.370803 0 
2379 0.354301 0 
2380 0.337433 0 
2382 0.356748 0 
2383 0.339959 0 
2384 0.324818 0 
2385 0.384210 0 
2386 0.368190 0 
2387 0.352188 0 
2388 0.336264 0 
2389 0.433984 0 
2390 0.417679 0 
2392 0.385049 0 
2393 0.369282 0 
2394 0.428695 0 
2395 0.411927 0 
2396 0.396016 0 
2397 0.522104 0 
2398 0.505946 0 
2399 0.489653 0 
2400 0.603905 0 
2401 0.588402 0 
2402 0.571954 0 
2403 0.556627 0 
2404 0.538911 0 
2405 0.522366 0 
2406 0.505977 0 
2407 0.489242 0 
2408 0.565860 0 
2409 0.611407 0 
2410 0.594329 0 
2411 0.578289 0 
2412 0.561815 0 
2413 0.545790 0 
2414 0.529647 0 
2415 0.830761 0 
2416 0.814756 0 
2417 0.798511 0 
2419 0.769969 0 
2420 0.752704 0 
2421 0.736175 0 
2422 0.748127 0 
2423 0.740054 0 
2424 0.724117 0 
2425 0.707685 0 
2426 0.691247 0 
2428 0.751107 0 
2429 0.882197 0 
2430 0.897541 0 
2431 0.927155 0 
2433 0.894651 0 
2435 0.861960 0 
2436 0.846046 0 
2442 1.031663 0 
2443 1.054816 0 
2444 1.115850 0 
2445 1.099827 0 
2446 1.082843 0 
2447 1.067087 0 
2448 1.075688 0 
2449 1.059248 0 
2450 1.043134 0 
2451 1.066840 0 
2452 1.050436 0 
2454 1.039508 0 
2456 1.008214 0 
2457 0.992767 0 
2458 0.976376 0 
2459 1.077461 0 
2460 1.057662 0 
2461 1.041372 0 
2462 1.025163 0 
2464 1.085288 0 
2465 1.069402 0 
2466 1.053699 0 
2467 1.037536 0 
2468 1.021153 0 
2469 1.004919 0 
2470 1.054196 0 
2471 1.037519 0 
2472 1.021126 0 
2473 1.005658 0 
2474 1.031193 0 
2475 1.064997 0 
2476 1.048515 0 
2477 1.032240 0 
2478 1.016000 0 
2480 0.983518 0 
2481 0.971934 0 
2482 0.956410 0 
2483 1.094692 0 
2484 1.078633 0 
2485 1.062419 0 
2486 1.042358 0 
2487 1.025686 0 
2488 1.009763 0 
2489 1.169647 0 
2491 1.142206 0 
2493 1.109479 0 
2494 1.092992 0 
2495 1.076393 0 
2496 1.080164 0 
2497 1.082658 0 
2498 1.066412 0 
2499 1.050073 0 
2501 1.101312 0 
2502 1.084956 0 
2503 1.068353 0 
2504 1.052264 0 
2506 1.020035 0 
2508 0.987442 0 
2509 0.970663 0 
2510 0.991827 0 
2512 1.022058 0 
2513 1.003985 0 
2514 0.989552 0 
2516 0.957157 0 
2517 0.940986 0 
2518 0.924737 0 
2519 0.934031 0 
2520 0.917895 0 
2521 0.901343 0 
2522 0.895775 0 
2523 0.919673 0 
2524 0.948310 0 
2525 0.932080 0 
2526 0.915761 0 
2527 0.896822 0 
2528 0.880838 0 
2529 0.864145 0 
2530 0.902528 0 
2532 0.927871 0 
2533 0.911721 0 
2535 0.905264 0 
2536 0.888762 0 
2537 0.869928 0 
2538 0.855654 0 
2539 0.876824 0 
2540 0.859720 0 
2541 0.843843 0 
2543 0.847389 0 
2544 0.831699 0 
2545 0.815393 0 
2546 0.810403 0 
2547 0.839669 0 
2548 0.823655 0 
2549 0.807576 0 
2550 0.791187 0 
2551 0.774979 0 
2552 0.861658 0 
2553 0.845335 0 
2554 0.829051 0 
2556 0.791894 0 
2557 0.813402 0 
2559 0.883849 0 
2560 0.911913 0 
2561 0.895286 0 
2562 0.878620 0 
2564 0.846098 0 
2565 0.902588 0 
2566 0.886159 0 
2567 0.936170 0 
2569 0.903118 0 
2570 0.886788 0 
2571 0.870522 0 
2572 0.854318 0 
2574 0.851743 0 
2575 0.834150 0 
2576 0.817708 0 
2577 0.798311 0 
2578 0.782768 0 
2579 0.804811 0 
2581 0.771792 0 
2582 0.755639 0 
2583 0.738389 0 
2584 0.765803 0 
2585 0.749132 0 
2586 0.732000 0 
2587 0.711807 0 
2588 0.783065 0 
2589 0.767111 0 
2591 0.735102 0 
2592 0.718511 0 
2593 0.960982 0 
2594 0.944446 0 
2595 0.927692 0 
2597 0.895711 0 
2598 0.879492 0 
2599 0.862716 0 
2600 0.846630 0 
2601 0.830432 0 
2602 0.945182 0 
2603 0.926355 0 
2604 0.912551 0 
2605 0.895798 0 
2606 0.925981 0 
2607 0.986185 0 
2608 0.970058 0 
2609 0.953768 0 
2610 0.937447 0 
2611 0.942059 0 
2612 0.927610 0 
2613 0.911306 0 
2614 0.894994 0 
2615 1.016820 0 
2616 1.000832 0 
2618 0.967933 0 
2622 1.055790 0 
2623 1.038210 0 
2624 1.022127 0 
2625 1.005873 0 
2627 1.053959 0 
2628 1.044064 0 
2629 1.249892 0 
2630 1.233332 0 
2632 1.200949 0 
2634 1.168499 0 
2635 1.298774 0 
2637 1.367407 0 
2640 1.312865 0 
2641 1.300740 0 
2642 1.283809 0 
2643 1.267977 0 
2644 1.251960 0 
2645 1.273288 0 
2646 1.256593 0 
2647 1.238883 0 
2648 1.356850 0 
2649 1.340410 0 
2650 1.323946 0 
2651 1.307432 0 
2653 1.273172 0 
2655 1.236788 0 
2656 1.223802 0 
2657 1.219353 0 
2658 1.203204 0 
2659 1.186889 0 
2660 1.221886 0 
2661 1.268374 0 
2663 1.235596 0 
2664 1.219738 0 
2665 1.209454 0 
2666 1.193154 0 
2667 1.176430 0 
2668 1.260329 0 
2669 1.244213 0 
2670 1.227939 0 
2671 1.212063 0 
2672 1.195593 0 
2673 1.179187 0 
2674 1.162978 0 
2675 1.146228 0 
2676 1.147429 0 
2677 1.130230 0 
2679 1.188358 0 
2680 1.172892 0 
2681 1.175535 0 
2682 1.155795 0 
2683 1.213783 0 
2684 1.197781 0 
2685 1.175030 0 
2686 1.158684 0 
2687 1.142109 0 
2688 1.224813 0 
2690 1.248767 0 
2692 1.215941 0 
2693 1.336884 0 
2694 1.320653 0 
2695 1.304374 0 
2696 1.288085 0 
2697 1.271908 0 
2698 1.255823 0 
2700 1.222663 0 
2701 1.205394 0 
2702 1.189109 0 
2703 1.172781 0 
2705 1.222654 0 
2707 1.190464 0 
2708 1.172001 0 
2709 1.278914 0 
2711 1.245118 0 
2712 1.228395 0 
2713 1.212817 0 
2715 1.180120 0 
2716 1.285824 0 
2717 1.268133 0 
2718 1.252071 0 
2719 1.235551 0 
2720 1.561281 0 
2721 1.544525 0 
2722 1.528266 0 
2723 1.511844 0 
2724 1.495528 0 
2725 1.479278 0 
2726 1.483778 0 
2727 1.466558 0 
2728 1.450330 0 
2729 1.470604 0 
2730 1.454383 0 
2731 1.453619 0 
2732 1.437375 0 
2734 1.487427 0 
2735 1.470624 0 
2736 1.454147 0 
2737 1.435073 0 
2738 1.419659 0 
2739 1.402827 0 
2740 1.386697 0 
2742 1.353419 0 
2743 1.337291 0 
2744 1.319155 0 
2745 1.302402 0 
2746 1.286166 0 
2747 1.270612 0 
2748 1.493268 0 
2749 1.477255 0 
2750 1.460776 0 
2751 1.444268 0 
2752 1.428213 0 
2753 1.411632 0 
2755 1.377805 0 
2756 1.361475 0 
2757 1.345267 0 
2758 1.376287 0 
2759 1.360400 0 
2760 1.342505 0 
2761 1.360058 0 
2763 1.326953 0 
2764 1.310856 0 
2765 1.377773 0 
2766 1.532807 0 
2768 1.500695 0 
2769 1.484360 0 
2770 1.467720 0 
2771 1.450608 0 
2773 1.412318 0 
2774 1.415673 0 
2775 1.399121 0 
2776 1.382882 0 
2777 1.404990 0 
2778 1.388249 0 
2780 1.354891 0 
2781 1.338224 0 
2782 1.366911 0 
2783 1.358682 0 
2784 1.342469 0 
2785 1.326345 0 
2786 1.318294 0 
2787 1.302073 0 
2788 1.285483 0 
2790 1.251604 0 
2791 1.316541 0 
2792 1.300329 0 
2793 1.281567 0 
2794 1.265670 0 
2795 1.357315 0 
2796 1.341287 0 
2797 1.324176 0 
2798 1.307752 0 
2799 1.290805 0 
2800 1.274543 0 
2801 1.258466 0 
2802 1.241878 0 
2803 1.225621 0 
2804 1.209043 0 
2805 1.340783 0 
2806 1.324550 0 
2807 1.307974 0 
2808 1.378765 0 
2809 1.362462 0 
2810 1.345957 0 
2811 1.329957 0 
2812 1.312655 0 
2813 1.296628 0 
2814 1.279905 0 
2815 1.263742 0 
2817 1.371334 0 
2818 1.354439 0 
2819 1.334962 0 
2820 1.318706 0 
2821 1.320249 0 
2822 1.303445 0 
2823 1.302314 0 
2824 1.286427 0 
2826 1.305562 0 
2827 1.289014 0 
2828 1.285493 0 
2829 1.269358 0 
2831 1.236600 0 
2833 1.203288 0 
2834 1.272715 0 
2835 1.255595 0 
2836 1.239389 0 
2839 1.224662 0 
2840 1.241626 0 
2841 1.225698 0 
2842 1.209394 0 
2843 1.216042 0 
2844 1.312384 0 
2845 1.296293 0 
2846 1.280269 0 
2847 1.264410 0 
2848 1.247574 0 
2849 1.231336 0 
2850 1.275886 0 
2852 1.243070 0 
2854 1.228222 0 
2855 1.212536 0 
2856 1.196076 0 
2857 1.179741 0 
2858 1.163596 0 
2859 1.207920 0 
2860 1.191831 0 
2863 1.157732 0 
2864 1.142132 0 
2865 1.399178 0 
2866 1.383128 0 
2867 1.367045 0 
2868 1.350615 0 
2869 1.334242 0 
2870 1.318156 0 
2871 1.318408 0 
2872 1.301954 0 
2873 1.285811 0 
2874 1.296316 0 
2875 1.281087 0 
2876 1.264700 0 
2878 1.263213 0 
2879 1.246784 0 
2880 1.230377 0 
2881 1.213712 0 
2882 1.245277 0 
2883 1.228686 0 
2884 1.212181 0 
2885 1.196051 0 
2886 1.223705 0 
2887 1.207695 0 
2889 1.194416 0 
2891 1.161078 0 
2892 1.145310 0 
2893 1.188964 0 
2894 1.169050 0 
2895 1.152882 0 
2896 1.136423 0 
2897 1.185946 0 
2899 1.166207 0 
2901 1.170512 0 
2902 1.154253 0 
2907 1.265909 0 
2908 1.249824 0 
2910 1.216166 0 
2911 1.200666 0 
2912 1.200420 0 
2914 1.205934 0 
2915 1.189679 0 
2916 1.173130 0 
2917 1.156667 0 
2918 1.140003 0 
2919 1.123870 0 
2920 1.167596 0 
2921 1.147703 0 
2922 1.141505 0 
2923 1.125047 0 
2924 1.107874 0 
2925 1.100038 0 
2926 1.158195 0 
2927 1.142248 0 
2928 1.125565 0 
2929 1.109517 0 
2930 1.093513 0 
2931 1.077091 0 
2933 1.161955 0 
2934 1.145811 0 
2935 1.129632 0 
2936 1.113394 0 
2937 1.095725 0 
2939 1.172259 0 
2942 1.124560 0 
2943 1.107781 0 
2944 1.173474 0 
2945 1.156434 0 
2946 1.183556 0 
2947 1.167527 0 
2948 1.150157 0 
2950 1.116405 0 
2951 1.100060 0 
2952 1.082581 0 
2954 1.149154 0 
2955 1.131165 0 
2956 1.111826 0 
2957 1.095287 0 
2958 1.078923 0 
2959 1.062516 0 
2960 1.046221 0 
2962 1.324044 0 
2963 1.307461 0 
2964 1.291066 0 
2965 1.352324 0 
2967 1.320302 0 
2968 1.442454 0 
2969 1.425759 0 
2970 1.409639 0 
2972 1.376368 0 
2973 1.398160 0 
2974 1.381807 0 
2975 1.374328 0 
2976 1.376241 0 
2977 1.359874 0 
2980 1.373933 0 
2981 1.357804 0 
2982 1.360374 0 
2983 1.346598 0 
2984 1.330466 0 
2985 1.430999 0 
2986 1.414383 0 
2987 1.397808 0 
2989 1.364695 0 
2990 1.345632 0 
2991 1.329545 0 
2992 1.312598 0 
2993 1.360032 0 
2994 1.343420 0 
2995 1.325492 0 
3073 0.046161 1 
3074 0.045394 1 
2996 1.381901 0 
2997 1.365106 0 
2998 1.348211 0 
3075 0.045036 1 
3077 0.030140 1 
3078 0.013073 1 
2999 1.367073 0 
3000 1.350815 0 
3001 1.332282 0 
3002 1.315726 0 
3003 1.299393 0 
3004 1.282773 0 
3005 1.266783 0 
3006 1.250494 0 
3007 1.232879 0 
3008 1.218724 0 
3009 1.202447 0 
3010 1.185917 0 
3011 1.169730 0 
3012 1.153248 0 
3013 1.136893 0 
3079 0.076676 1 
3080 0.059882 1 
3081 0.043733 1 
3014 1.186116 0 
3016 1.152887 0 
3082 0.027806 1 
3083 0.010058 1 
3084 0.061680 1 
3085 0.045457 1 
3086 0.029210 1 
3088 0.053148 1 
3090 0.043643 1 
3091 0.027529 1 
3017 1.304798 0 
3018 1.288487 0 
3019 1.271908 0 
3020 1.255641 0 
3021 1.239844 0 
3022 1.222883 0 
3023 1.205734 0 
3092 0.046685 1 
3093 0.033617 1 
3094 0.036753 1 
3095 0.034440 1 
3025 1.247011 0 
3026 1.229363 0 
3027 1.213166 0 
3028 1.196774 0 
3030 1.164252 0 
3032 1.131776 0 
3096 0.046478 1 
3098 0.026328 1 
3099 0.009607 1 
3100 0.013979 1 
3033 1.164634 0 
3101 0.020748 1 
3103 0.056311 1 
3105 0.020948 1 
3106 0.014449 1 
3035 1.235439 0 
3038 1.186693 0 
3039 1.184511 0 
3040 1.168310 0 
3041 1.152035 0 
3042 1.135007 0 
3107 0.043403 1 
3043 1.145676 0 
3044 1.128734 0 
3045 1.112566 0 
3109 0.028497 1 
3110 0.034926 1 
3111 0.018440 1 
3046 1.139199 0 
3047 1.122115 0 
3048 1.102072 0 
3049 1.082281 0 
3051 1.045026 0 
3053 1.006425 0 
3054 0.986427 0 
3055 0.970148 0 
3056 0.970071 0 
3057 1.000203 0 
3058 0.982820 0 
3059 0.968862 0 
3061 0.936504 0 
3062 0.952014 0 
3063 0.934163 0 
3113 0.107979 1 
3114 0.089648 1 
3115 0.074719 1 
3116 0.058356 1 
3117 0.039699 1 
3065 0.915947 0 
3066 0.897949 0 
3067 0.881722 0 
3118 0.031386 1 
3119 0.015350 1 
3120 0.013775 1 
3121 0.025227 1 
3122 0.030300 1 
3123 0.048568 1 
3068 1.010490 0 
3069 0.993364 0 
3070 0.977199 0 
3071 0.960590 0 
3072 0.944906 0 
3073 0.927593 0 
3074 0.911036 0 
3075 0.894742 0 
3077 0.860413 0 
3124 0.072452 1 
3125 0.054625 1 
3078 0.857086 0 
3079 0.840990 0 
3080 0.824192 0 
3081 0.808083 0 
3126 0.059837 1 
3127 0.070557 1 
3128 0.054505 1 
3129 0.037834 1 
3130 0.021660 1 
3082 0.845759 0 
3083 0.828108 0 
3084 0.813118 0 
3132 0.017588 1 
3133 0.025025 1 
3085 0.838536 0 
3086 0.830055 0 
3088 0.798123 0 
3090 0.766444 0 
3091 0.750373 0 
3092 0.734530 0 
3093 0.718479 0 
3094 0.702035 0 
3095 0.719074 0 
3096 0.702961 0 
3098 0.665293 0 
3099 0.648262 0 
3134 0.071543 1 
3135 0.055433 1 
3136 0.039092 1 
3137 0.022697 1 
3138 0.020978 1 
3140 0.047185 1 
3141 0.030758 1 
3100 0.728636 0 
3101 0.712822 0 
3142 0.054561 1 
3143 0.047797 1 
3144 0.030300 1 
3145 0.013835 1 
3146 0.028141 1 
3103 0.757335 0 
3105 0.722196 0 
3106 0.704786 0 
3147 0.039138 1 
3148 0.038593 1 
3149 0.036587 1 
3150 0.020525 1 
3151 0.032856 1 
3153 0.029965 1 
3154 0.042752 1 
3107 0.866714 0 
3109 0.830029 0 
3110 0.813440 0 
3155 0.042754 1 
3156 0.035919 1 
3157 0.019730 1 
3158 0.006468 1 
3111 0.838172 0 
3113 0.805314 0 
3114 0.784958 0 
3159 0.047395 1 
3115 0.821763 0 
3116 0.805471 0 
3117 0.786814 0 
3118 0.770060 0 
3119 0.754005 0 
3120 0.737710 0 
3161 0.046771 1 
3162 0.029904 1 
3163 0.022790 1 
3122 0.737999 0 
3123 0.721530 0 
3124 0.703414 0 
3125 0.685574 0 
3126 0.669645 0 
3127 0.654692 0 
3128 0.638610 0 
3164 0.024506 1 
3129 0.642208 0 
3130 0.626056 0 
3132 0.590064 0 
3133 0.595621 0 
3134 0.577868 0 
3135 0.561746 0 
3136 0.545504 0 
3166 0.066671 1 
3167 0.050856 1 
3168 0.034229 1 
3137 0.578283 0 
3138 0.561453 0 
3140 0.528950 0 
3141 0.512462 0 
3169 0.096745 1 
3171 0.063538 1 
3172 0.046953 1 
3173 0.028895 1 
3174 0.012155 1 
3142 0.589947 0 
3143 0.572224 0 
3144 0.554667 0 
3145 0.538175 0 
3175 0.042044 1 
3176 0.058306 1 
3146 0.626542 0 
3147 0.609718 0 
3148 0.591959 0 
3149 0.575669 0 
3150 0.559514 0 
3151 0.543588 0 
3153 0.510232 0 
3154 0.509776 0 
3178 0.126195 1 
3179 0.109899 1 
3180 0.093754 1 
3181 0.077382 1 
3182 0.061189 1 
3183 0.045045 1 
3155 0.540379 0 
3156 0.524029 0 
3157 0.508124 0 
3184 0.043431 1 
3185 0.026611 1 
3186 0.019677 1 
3158 0.532569 0 
3159 0.510761 0 
3161 0.478735 0 
3188 0.060044 1 
3189 0.043222 1 
3190 0.050828 1 
3191 0.032166 1 
3192 0.077919 1 
3193 0.061871 1 
3194 0.041077 1 
3195 0.024904 1 
3163 0.605105 0 
3164 0.589180 0 
3166 0.555010 0 
3167 0.560980 0 
3168 0.544354 0 
3169 0.527821 0 
3171 0.494478 0 
3172 0.506089 0 
3173 0.488075 0 
3174 0.471322 0 
3175 0.451935 0 
3176 0.437249 0 
3178 0.458025 0 
3179 0.441744 0 
3180 0.425595 0 
3181 0.409221 0 
3182 0.393027 0 
3183 0.376879 0 
3184 0.356288 0 
3185 0.339434 0 
3186 0.320135 0 
3188 0.310250 0 
3189 0.298892 0 
3190 0.282517 0 
3191 0.287016 0 
3196 0.202493 1 
3197 0.186182 1 
3198 0.169013 1 
3199 0.160297 1 
3200 0.144124 1 
3201 0.114602 1 
3202 0.098204 1 
3203 0.081877 1 
3204 0.066151 1 
3205 0.049352 1 
3192 0.319984 0 
3193 0.303946 0 
3194 0.294401 0 
3195 0.278312 0 
3196 0.262051 0 
3197 0.245824 0 
3198 0.228658 0 
3199 0.212230 0 
3200 0.196057 0 
3201 0.166578 0 
3202 0.150173 0 
3203 0.133717 0 
3206 0.104216 1 
3207 0.082407 1 
3208 0.071728 1 
3209 0.054305 1 
3210 0.038147 1 
3211 0.050559 1 
3205 0.179768 0 
3206 0.163362 0 
3207 0.141482 0 
3208 0.128917 0 
3209 0.111392 0 
3210 0.096241 0 
3211 0.080217 0 
3212 0.062360 0 
3213 0.046008 0 
3215 0.051015 0 
3216 0.035116 0 
3212 0.156239 1 
3213 0.139965 1 
3217 0.113033 0 
3218 0.096422 0 
3219 0.079999 0 
3220 0.063958 0 
3221 0.046626 0 
3222 0.030826 0 
3215 0.150688 1 
3216 0.134679 1 
3217 0.118383 1 
3218 0.101748 1 
3219 0.085372 1 
3220 0.069333 1 
3224 0.027885 0 
3225 0.010488 0 
3224 0.052398 1 
3226 0.035260 0 
3227 0.019135 0 
3225 0.053988 1 
3229 0.061951 0 
3229 0.069521 1 
3231 0.061199 0 
3232 0.065642 1 
3233 0.048338 1 
3234 0.032360 1 
3232 0.101614 0 
3233 0.084532 0 
3234 0.068524 0 
3237 0.019583 0 
3238 0.017601 0 
3237 0.043736 1 
3238 0.027510 1 
3239 0.028368 1 
3240 0.063576 1 
3241 0.046893 1 
3242 0.042131 1 
3243 0.026051 1 
3244 0.017302 1 
3239 0.107215 0 
3240 0.091072 0 
3241 0.074329 0 
3245 0.057589 1 
3243 0.127038 0 
3246 0.077181 1 
3247 0.060251 1 
3248 0.044420 1 
3244 0.111059 0 
3245 0.094729 0 
3250 0.024228 1 
3252 0.023603 1 
3247 0.127230 0 
3248 0.111345 0 
3250 0.076477 0 
3253 0.067966 1 
3254 0.073408 1 
3255 0.057465 1 
3256 0.041025 1 
3252 0.139973 0 
3253 0.119921 0 
3257 0.051611 1 
3258 0.059830 1 
3260 0.035914 1 
3254 0.173062 0 
3255 0.156849 0 
3256 0.140320 0 
3257 0.119317 0 
3258 0.100585 0 
3261 0.112728 1 
3262 0.079591 1 
3263 0.061826 1 
3264 0.045693 1 
3265 0.031723 1 
3266 0.053298 1 
3267 0.036642 1 
3261 0.174875 0 
3262 0.141922 0 
3263 0.124230 0 
3264 0.108233 0 
3265 0.091709 0 
3266 0.074952 0 
3267 0.058333 0 
3268 0.042162 0 
3268 0.068914 1 
3269 0.052816 1 
3270 0.036464 1 
3271 0.041203 1 
3272 0.024235 1 
3269 0.093633 0 
3270 0.111793 0 
3271 0.095332 0 
3273 0.062539 0 
3274 0.046211 0 
3273 0.143283 1 
3274 0.127250 1 
3276 0.098388 0 
3277 0.081241 0 
3278 0.065889 0 
3279 0.050026 0 
3280 0.031545 0 
3281 0.016539 0 
3276 0.123154 1 
3277 0.116317 1 
3278 0.100984 1 
3279 0.082443 1 
3280 0.063871 1 
3281 0.047851 1 
3282 0.029607 0 
3283 0.013401 0 
3282 0.057595 1 
3283 0.041444 1 
3284 0.031314 0 
3285 0.015341 0 
3284 0.046041 1 
3285 0.059496 1 
3287 0.026366 1 
3289 0.074234 1 
3290 0.058192 1 
3291 0.040849 1 
3290 0.089160 0 
3291 0.071833 0 
3292 0.055705 0 
3293 0.041660 0 
3294 0.024873 0 
3295 0.046295 0 
3297 0.015875 0 
3298 0.013958 0 
3293 0.124453 1 
3294 0.107677 1 
3295 0.090929 1 
3297 0.066694 1 
3299 0.054620 0 
3300 0.039385 0 
3298 0.250360 1 
3299 0.235643 1 
3300 0.219568 1 
3302 0.182071 1 
3304 0.152493 1 
3305 0.136460 1 
3306 0.119787 1 
3308 0.085192 1 
3309 0.069322 1 
3310 0.052859 1 
3312 0.020702 1 
3313 0.023946 1 
3306 0.142148 0 
3308 0.107556 0 
3309 0.091685 0 
3310 0.075259 0 
3312 0.042105 0 
3313 0.063428 0 
3314 0.047368 0 
3315 0.030788 0 
3316 0.014580 0 
3315 0.048750 1 
3317 0.037169 0 
3318 0.021019 0 
3316 0.056586 1 
3317 0.039992 1 
3318 0.060565 1 
3319 0.044167 1 
3320 0.063631 1 
3321 0.047137 1 
3322 0.030984 1 
3319 0.080704 0 
3320 0.065811 0 
3321 0.049563 0 
3322 0.033427 0 
3323 0.064703 1 
3324 0.047508 1 
3325 0.041340 1 
3324 0.067788 0 
3325 0.051812 0 
3326 0.035383 0 
3326 0.040728 1 
3327 0.045218 1 
3328 0.029567 1 
3329 0.018360 1 
3331 0.050758 1 
3332 0.039801 1 
3333 0.025709 1 
3329 0.128752 0 
3333 0.055705 0 
3334 0.036508 0 
3335 0.065576 0 
3336 0.049574 0 
3337 0.033425 0 
3334 0.098669 1 
3337 0.072426 1 
3339 0.040000 1 
3340 0.023502 1 
3339 0.047754 0 
3340 0.031281 0 
3341 0.013936 0 
3341 0.028652 1 
3342 0.056314 1 
3343 0.039891 1 
3344 0.049420 1 
3345 0.032452 1 
3346 0.075131 1 
3347 0.059609 1 
3348 0.043141 1 
3342 0.148312 0 
3343 0.131791 0 
3344 0.115536 0 
3349 0.032562 1 
3345 0.098507 0 
3350 0.054859 0 
3352 0.021954 0 
3350 0.087435 1 
3353 0.040039 0 
3352 0.077916 1 
3353 0.090478 1 
3355 0.063257 0 
3356 0.047962 0 
3354 0.083082 1 
3357 0.045150 1 
3357 0.049179 0 
3358 0.036861 0 
3360 0.033412 0 
3361 0.016908 0 
3358 0.098140 1 
3360 0.066150 1 
3362 0.044180 0 
3363 0.047789 0 
3365 0.014614 0 
3361 0.098553 1 
3362 0.083305 1 
3366 0.024476 0 
3363 0.081878 1 
3365 0.048705 1 
3366 0.032053 1 
3367 0.041344 1 
3368 0.031529 1 
3370 0.045071 1 
3371 0.052566 1 
3372 0.035887 1 
3373 0.117213 1 
3374 0.101477 1 
3375 0.085485 1 
3367 0.222971 0 
3368 0.206359 0 
3370 0.173014 0 
3371 0.156902 0 
3372 0.141048 0 
3373 0.124479 0 
3374 0.108713 0 
3375 0.093168 0 
3377 0.060543 0 
3378 0.082222 0 
3379 0.066196 0 
3380 0.047311 0 
3381 0.030370 0 
3382 0.025826 0 
3383 0.030919 0 
3384 0.042451 0 
3377 0.167372 1 
3378 0.150640 1 
3379 0.177713 1 
3380 0.158849 1 
3381 0.141928 1 
3382 0.125602 1 
3383 0.108945 1 
3384 0.110460 1 
3385 0.094676 1 
3387 0.061905 1 
3388 0.045639 1 
3389 0.048277 0 
3390 0.032003 0 
3391 0.014980 0 
3389 0.085967 1 
3392 0.076088 0 
3393 0.059977 0 
3394 0.060076 0 
3395 0.044537 0 
3396 0.027546 0 
3391 0.142197 1 
3392 0.126436 1 
3393 0.110299 1 
3394 0.093349 1 
3397 0.067836 0 
3398 0.051257 0 
3399 0.072258 0 
3400 0.055733 0 
3401 0.039198 0 
3402 0.023273 0 
3395 0.144114 1 
3396 0.127122 1 
3397 0.111114 1 
3398 0.094579 1 
3401 0.065135 1 
3402 0.049174 1 
3403 0.068093 0 
3404 0.051345 0 
3405 0.065536 0 
3406 0.049133 0 
3407 0.033005 0 
3408 0.042440 0 
3409 0.028531 0 
3403 0.134233 1 
3404 0.117638 1 
3405 0.101556 1 
3406 0.085037 1 
3407 0.068906 1 
3410 0.023082 0 
3411 0.007019 0 
3409 0.058780 1 
3410 0.040663 1 
3412 0.014424 0 
3414 0.015595 0 
3411 0.075566 1 
3412 0.058990 1 
3414 0.036490 1 
3415 0.043715 1 
3416 0.028105 1 
3417 0.030845 1 
3418 0.036282 1 
3416 0.129755 0 
3417 0.113708 0 
3419 0.081773 0 
3420 0.065521 0 
3421 0.046971 0 
3419 0.145951 1 
3420 0.129710 1 
3421 0.110783 1 
3423 0.079395 1 
3424 0.092089 0 
3425 0.077102 0 
3426 0.053756 0 
3424 0.094509 1 
3428 0.072997 0 
3430 0.045476 0 
3431 0.027874 0 
3432 0.036780 0 
3433 0.043914 0 
3428 0.132503 1 
3430 0.104856 1 
3431 0.087181 1 
3432 0.070800 1 
3433 0.055034 1 
3436 0.046212 1 
3437 0.065992 1 
3438 0.049290 1 
3436 0.096671 0 
3438 0.063384 0 
3439 0.109707 0 
3440 0.093333 0 
3441 0.077270 0 
3442 0.060965 0 
3439 0.125621 1 
3440 0.109246 1 
3441 0.092771 1 
3442 0.076451 1 
3443 0.059872 1 
3443 0.096564 0 
3444 0.080492 0 
3445 0.064378 0 
3446 0.048011 0 
3447 0.050911 0 
3444 0.111828 1 
3445 0.096234 1 
3449 0.037000 0 
3446 0.094089 1 
3447 0.105888 1 
3449 0.068449 1 
3451 0.070162 0 
3452 0.052130 0 
3453 0.034930 0 
3454 0.018561 0 
3455 0.028567 0 
3456 0.034875 0 
3457 0.079926 0 
3459 0.043357 0 
3455 0.116663 1 
3456 0.100369 1 
3459 0.081564 1 
3460 0.066828 1 
3461 0.050798 1 
3462 0.034341 1 
3460 0.109261 0 
3461 0.093105 0 
3462 0.076602 0 
3463 0.060877 0 
3463 0.066011 1 
3464 0.049706 1 
3465 0.033507 1 
3466 0.028094 0 
3466 0.029811 1 
3467 0.055191 0 
3468 0.038794 0 
3469 0.022525 0 
3468 0.052551 1 
3469 0.036131 1 
3470 0.065017 1 
3471 0.048943 1 
3471 0.101902 0 
3472 0.085633 0 
3473 0.087144 0 
3475 0.054550 0 
3476 0.066890 0 
3477 0.050064 0 
3478 0.034011 0 
3475 0.109105 1 
3476 0.092859 1 
3477 0.076015 1 
3478 0.059958 1 
3479 0.043033 1 
3479 0.046978 0 
3480 0.030753 0 
3481 0.034324 0 
3482 0.017968 0 
3483 0.018589 0 
3480 0.079008 1 
3481 0.062878 1 
3482 0.046618 1 
3484 0.024026 0 
3483 0.068750 1 
3484 0.050678 1 
3486 0.027029 0 
3488 0.025927 0 
3486 0.065436 1 
3489 0.025839 0 
3490 0.015028 0 
3491 0.031762 0 
3492 0.015558 0 
3489 0.078341 1 
3490 0.061200 1 
3491 0.044947 1 
3492 0.028696 1 
3493 0.016877 0 
3494 0.014339 0 
3493 0.056717 1 
3494 0.053101 1 
3496 0.025169 0 
3496 0.038010 1 
3497 0.035624 0 
3498 0.019442 0 
3497 0.037302 1 
3499 0.039340 1 
3501 0.037617 1 
3501 0.054038 0 
3503 0.022134 1 
3503 0.039413 0 
3504 0.023649 0 
3505 0.013607 0 
3504 0.051339 1 
3505 0.035076 1 
3507 0.032750 0 
3508 0.017226 0 
3509 0.047389 0 
3511 0.021705 0 
3512 0.008021 0 
3508 0.090479 1 
3509 0.072675 1 
3513 0.025503 0 
3514 0.018099 0 
3515 0.015682 0 
3511 0.087420 1 
3512 0.071394 1 
3513 0.098704 1 
3514 0.082325 1 
3516 0.068130 0 
3517 0.052015 0 
3518 0.033815 0 
3519 0.018536 0 
3520 0.042440 0 
3521 0.026052 0 
3522 0.020947 0 
3523 0.012727 0 
3515 0.153803 1 
3516 0.137100 1 
3517 0.120796 1 
3518 0.102595 1 
3519 0.087784 1 
3520 0.071744 1 
3521 0.055340 1 
3524 0.022581 0 
3522 0.081953 1 
3523 0.065827 1 
3524 0.049295 1 
3525 0.032281 1 
3526 0.042585 0 
3527 0.026094 0 
3528 0.009931 0 
3530 0.017371 0 
3531 0.026386 0 
3532 0.008563 0 
3526 0.136702 1 
3527 0.120239 1 
3528 0.104070 1 
3530 0.070781 1 
3531 0.053503 1 
3533 0.022201 0 
3534 0.017363 0 
3532 0.056818 1 
3533 0.040689 1 
3535 0.021731 0 
3534 0.044652 1 
3536 0.033722 0 
3538 0.073228 0 
3539 0.057322 0 
3540 0.040925 0 
3541 0.024552 0 
3542 0.061117 0 
3543 0.044773 0 
3544 0.028315 0 
3545 0.040043 0 
3546 0.023336 0 
3547 0.022886 0 
3536 0.256673 1 
3538 0.223854 1 
3539 0.207591 1 
3540 0.191180 1 
3541 0.174954 1 
3542 0.159074 1 
3543 0.142714 1 
3544 0.126254 1 
3545 0.110165 1 
3546 0.093349 1 
3547 0.075841 1 
3548 0.058835 1 
3549 0.036640 1 
3551 0.033054 1 
3549 0.086742 0 
3552 0.060719 1 
3552 0.092242 0 
3553 0.075460 0 
3554 0.059589 0 
3555 0.042774 0 
3556 0.026889 0 
3557 0.026242 0 
3553 0.104476 1 
3554 0.088586 1 
3555 0.071767 1 
3556 0.056240 1 
3557 0.039543 1 
3559 0.023501 0 
3560 0.055370 0 
3561 0.039598 0 
3559 0.087049 1 
3562 0.057892 0 
3564 0.024930 0 
3565 0.040750 0 
3566 0.024351 0 
3567 0.014284 0 
3562 0.118688 1 
3564 0.085725 1 
3565 0.068868 1 
3566 0.052442 1 
3567 0.036486 1 
3569 0.066281 0 
3569 0.069171 1 
3570 0.050984 1 
3571 0.034746 1 
3572 0.018504 1 
3573 0.093233 0 
3574 0.077090 0 
3576 0.044674 0 
3577 0.031846 0 
3578 0.032878 0 
3579 0.028145 0 
3580 0.027653 0 
3581 0.020069 0 
3582 0.031535 0 
3583 0.015561 0 
3573 0.187473 1 
3574 0.171263 1 
3576 0.138879 1 
3577 0.122157 1 
3578 0.105738 1 
3579 0.089856 1 
3580 0.071093 1 
3581 0.055773 1 
3582 0.052680 1 
3583 0.087243 1 
3584 0.078138 1 
3584 0.099374 0 
3586 0.065413 0 
3587 0.075504 0 
3588 0.059217 0 
3589 0.043211 0 
3590 0.026320 0 
3591 0.019761 0 
3592 0.013195 0 
3593 0.010047 0 
3594 0.023845 0 
3595 0.026557 0 
3596 0.010324 0 
