7.375400000000000011e-02
6.009599999999999664e-02
4.383200000000000290e-02
1.060099999999999931e-02
8.656999999999999765e-03
7.549000000000000155e-03
8.370000000000000703e-03
8.529000000000000123e-03
7.055999999999999772e-03
6.466000000000000393e-03
8.951999999999999888e-03
4.601000000000000055e-03
6.845999999999999655e-03
7.976000000000000451e-03
6.651999999999999927e-03
5.357999999999999916e-03
1.426700000000000017e-02
8.878999999999999740e-03
6.333000000000000088e-03
9.683000000000000634e-03
1.288199999999999935e-02
7.257000000000000429e-03
8.514000000000000734e-03
7.988000000000000309e-03
6.557000000000000328e-03
8.517000000000000265e-03
9.698999999999999289e-03
7.297999999999999800e-03
7.115999999999999930e-03
9.523000000000000215e-03
6.841999999999999992e-03
7.805999999999999571e-03
4.642000000000000293e-03
1.115599999999999925e-02
9.162000000000000005e-03
7.213999999999999926e-03
7.931999999999999815e-03
6.764000000000000047e-03
1.148899999999999921e-02
1.462300000000000058e-02
6.760000000000000384e-03
1.642100000000000157e-02
5.808999999999999928e-03
6.637999999999999803e-03
8.347000000000000253e-03
7.170000000000000158e-03
6.909000000000000211e-03
6.076999999999999937e-03
6.403999999999999970e-03
7.729999999999999892e-03
1.103299999999999940e-02
1.514800000000000001e-02
5.487999999999999823e-03
6.752000000000000189e-03
8.297000000000000555e-03
6.732000000000000137e-03
7.179999999999999750e-03
1.107400000000000051e-02
8.222000000000000142e-03
8.210999999999999549e-03
7.041999999999999649e-03
7.564000000000000411e-03
6.977999999999999828e-03
6.347000000000000211e-03
9.624999999999999875e-03
6.498999999999999569e-03
1.036399999999999995e-02
8.543999999999999512e-03
1.054800000000000008e-02
5.653000000000000039e-03
9.537999999999999604e-03
6.370999999999999927e-03
6.801999999999999887e-03
6.002000000000000390e-03
8.288999999999999493e-03
1.044499999999999942e-02
5.797000000000000069e-03
8.914999999999999314e-03
6.974000000000000164e-03
9.839999999999999789e-03
1.100600000000000016e-02
5.185999999999999638e-03
7.135999999999999982e-03
9.046999999999999487e-03
7.990000000000000574e-03
6.249000000000000214e-03
7.971000000000000654e-03
6.609000000000000291e-03
5.478000000000000230e-03
9.551000000000000462e-03
6.988000000000000288e-03
6.976999999999999695e-03
7.775999999999999926e-03
8.739000000000000240e-03
6.373000000000000193e-03
5.674000000000000224e-03
6.374000000000000325e-03
6.683999999999999837e-03
1.127300000000000003e-02
8.193000000000000629e-03
1.004099999999999958e-02
6.560999999999999992e-03
6.461999999999999862e-03
8.807000000000000592e-03
1.440100000000000061e-02
1.253300000000000074e-02
1.158000000000000002e-02
7.427999999999999707e-03
9.856999999999999443e-03
1.152800000000000005e-02
1.418999999999999949e-02
7.492999999999999661e-03
8.422999999999999932e-03
7.943000000000000407e-03
8.290999999999999759e-03
8.247000000000000858e-03
7.874000000000000790e-03
7.016999999999999800e-03
8.009999999999999759e-03
8.500999999999999876e-03
8.097000000000000031e-03
7.692000000000000053e-03
8.592999999999999944e-03
9.043000000000000690e-03
8.087000000000000438e-03
8.262000000000000247e-03
8.387000000000000358e-03
1.146499999999999950e-02
1.043799999999999936e-02
1.036399999999999995e-02
8.722000000000000586e-03
7.778000000000000191e-03
1.066899999999999966e-02
6.592999999999999902e-03
8.524000000000000327e-03
1.028699999999999927e-02
7.759000000000000272e-03
1.348000000000000066e-02
9.088999999999999857e-03
1.230299999999999970e-02
9.069999999999999937e-03
8.951000000000000623e-03
6.572999999999999850e-03
9.825999999999999665e-03
4.597000000000000391e-03
1.688399999999999970e-02
1.281299999999999974e-02
8.104000000000000092e-03
8.158000000000000321e-03
8.852999999999999758e-03
7.649000000000000417e-03
1.152000000000000073e-02
7.151000000000000238e-03
8.545999999999999777e-03
6.509000000000000029e-03
7.882000000000000117e-03
8.538999999999999715e-03
8.396000000000000685e-03
8.528000000000000858e-03
8.416999999999999135e-03
1.031699999999999978e-02
8.148999999999999994e-03
8.073999999999999580e-03
7.548000000000000022e-03
9.350999999999999937e-03
1.022799999999999924e-02
8.120999999999999747e-03
7.688000000000000389e-03
5.329000000000000403e-03
1.069299999999999938e-02
1.284399999999999951e-02
9.929999999999999591e-03
1.230400000000000070e-02
5.612999999999999934e-03
7.985000000000000778e-03
7.460999999999999750e-03
1.778599999999999973e-02
9.216999999999999499e-03
1.995600000000000152e-02
1.296699999999999936e-02
8.512000000000000469e-03
9.176999999999999394e-03
9.886000000000000690e-03
1.532200000000000055e-02
1.009799999999999934e-02
1.197699999999999980e-02
1.217999999999999985e-02
1.050399999999999945e-02
1.319099999999999960e-02
1.151800000000000046e-02
9.462999999999999190e-03
1.255799999999999972e-02
1.210100000000000064e-02
1.207300000000000040e-02
6.708999999999999686e-03
1.000999999999999980e-02
7.320000000000000118e-03
1.432899999999999972e-02
6.943999999999999652e-03
7.447999999999999760e-03
8.887000000000000802e-03
6.086000000000000264e-03
1.127300000000000003e-02
5.918999999999999782e-03
7.391000000000000000e-03
1.006800000000000056e-02
9.898999999999999813e-03
6.419000000000000226e-03
7.243000000000000306e-03
8.321999999999999537e-03
1.028899999999999954e-02
9.542999999999999400e-03
7.118000000000000195e-03
8.363999999999999907e-03
6.461999999999999862e-03
6.226999999999999896e-03
1.071700000000000083e-02
7.427999999999999707e-03
7.204000000000000334e-03
7.764000000000000068e-03
1.324499999999999983e-02
7.210000000000000263e-03
6.640000000000000069e-03
9.119999999999999635e-03
9.256999999999999604e-03
9.657999999999999918e-03
1.192799999999999937e-02
8.035999999999999741e-03
8.404000000000000012e-03
9.230999999999999622e-03
7.642999999999999620e-03
7.799999999999999642e-03
7.851999999999999605e-03
8.710999999999999993e-03
7.801999999999999907e-03
6.571999999999999717e-03
1.301100000000000000e-02
8.295000000000000290e-03
1.195399999999999935e-02
1.323099999999999971e-02
7.178000000000000352e-03
9.936000000000000387e-03
1.040300000000000079e-02
1.358000000000000006e-02
1.366999999999999986e-02
1.823599999999999874e-02
1.134699999999999945e-02
9.492000000000000437e-03
9.213999999999999968e-03
7.185000000000000414e-03
8.200000000000000691e-03
1.414800000000000085e-02
2.177899999999999975e-02
5.631999999999999854e-03
9.889999999999999486e-03
7.910000000000000364e-03
9.702000000000000554e-03
1.264999999999999979e-02
1.124700000000000005e-02
9.979000000000000023e-03
6.816000000000000010e-03
1.247900000000000051e-02
8.666000000000000092e-03
6.733000000000000269e-03
1.138400000000000002e-02
6.202000000000000048e-03
9.254000000000000073e-03
8.139999999999999666e-03
7.140999999999999778e-03
7.858999999999999667e-03
9.733000000000000332e-03
8.413000000000000339e-03
1.159699999999999967e-02
7.709999999999999840e-03
1.170999999999999992e-02
8.958000000000000684e-03
9.874000000000000832e-03
8.182999999999999302e-03
7.492999999999999661e-03
6.708000000000000421e-03
9.166999999999999801e-03
8.933999999999999234e-03
7.558999999999999747e-03
6.352000000000000007e-03
8.259999999999999981e-03
1.136400000000000084e-02
8.795000000000000734e-03
7.533999999999999898e-03
6.041999999999999628e-03
8.229000000000000203e-03
1.176800000000000068e-02
8.247000000000000858e-03
5.359000000000000048e-03
8.536999999999999450e-03
7.565999999999999809e-03
9.846999999999999850e-03
8.933999999999999234e-03
5.762999999999999894e-03
6.751000000000000056e-03
5.472999999999999567e-03
1.253199999999999974e-02
5.380000000000000233e-03
6.533999999999999878e-03
8.330999999999999864e-03
6.709999999999999819e-03
6.010999999999999850e-03
6.484000000000000180e-03
6.141999999999999890e-03
5.974000000000000143e-03
7.941000000000000142e-03
7.520999999999999908e-03
9.169000000000000067e-03
1.006499999999999929e-02
5.797000000000000069e-03
1.087300000000000072e-02
9.487000000000000641e-03
6.901000000000000016e-03
1.177500000000000074e-02
1.192299999999999957e-02
1.071100000000000003e-02
9.712999999999999412e-03
8.680000000000000215e-03
1.302299999999999985e-02
9.842999999999999319e-03
1.841900000000000134e-02
1.202699999999999950e-02
7.910000000000000364e-03
1.005699999999999997e-02
1.163299999999999924e-02
9.119999999999999635e-03
1.069699999999999991e-02
1.047900000000000047e-02
8.895999999999999394e-03
9.414000000000000493e-03
5.022999999999999687e-03
5.497000000000000150e-03
6.821999999999999939e-03
6.215000000000000038e-03
8.335000000000000395e-03
1.010199999999999987e-02
1.155400000000000003e-02
8.321999999999999537e-03
1.005099999999999917e-02
1.013299999999999965e-02
1.326800000000000028e-02
1.233599999999999974e-02
1.033399999999999944e-02
9.324999999999999956e-03
1.587399999999999922e-02
9.948999999999999511e-03
7.415999999999999849e-03
9.289999999999999647e-03
5.705000000000000002e-03
1.345999999999999974e-02
7.218999999999999723e-03
8.446000000000000382e-03
1.325899999999999995e-02
7.250999999999999633e-03
9.738999999999999393e-03
6.411000000000000032e-03
1.200200000000000052e-02
1.166900000000000055e-02
1.054000000000000076e-02
7.446999999999999627e-03
8.914000000000000049e-03
1.141200000000000027e-02
9.313999999999999363e-03
1.097700000000000065e-02
5.688000000000000347e-03
6.958999999999999908e-03
5.924999999999999711e-03
8.477000000000000160e-03
1.053300000000000070e-02
1.062600000000000003e-02
7.610999999999999710e-03
1.182599999999999971e-02
9.348000000000000406e-03
9.381999999999999715e-03
8.234000000000000000e-03
8.521000000000000796e-03
8.307000000000000148e-03
8.661999999999999561e-03
9.124999999999999431e-03
9.173000000000000598e-03
1.573700000000000099e-02
6.552999999999999797e-03
1.154900000000000024e-02
1.077099999999999932e-02
9.426000000000000351e-03
6.819999999999999674e-03
6.094999999999999724e-03
9.943999999999999714e-03
9.409000000000000696e-03
7.995000000000000370e-03
6.413000000000000297e-03
1.218200000000000012e-02
6.167999999999999872e-03
1.413599999999999926e-02
9.790000000000000091e-03
1.011399999999999973e-02
7.779000000000000324e-03
1.153299999999999985e-02
6.974000000000000164e-03
1.046899999999999914e-02
7.755999999999999873e-03
6.250999999999999612e-03
7.327000000000000179e-03
8.947000000000000092e-03
1.045399999999999975e-02
1.279500000000000082e-02
9.820999999999999869e-03
1.216399999999999947e-02
6.999000000000000013e-03
1.106200000000000065e-02
2.746200000000000030e-02
9.509000000000000091e-03
8.415000000000000605e-03
1.033799999999999997e-02
9.480000000000000579e-03
8.972000000000000808e-03
8.906000000000000721e-03
7.739000000000000219e-03
1.239400000000000050e-02
9.402999999999999900e-03
8.057999999999999191e-03
8.920000000000000845e-03
9.145999999999999616e-03
1.323299999999999997e-02
5.801999999999999866e-03
8.628000000000000252e-03
6.974000000000000164e-03
1.321100000000000052e-02
1.597900000000000015e-02
1.714699999999999905e-02
1.555400000000000012e-02
1.420199999999999935e-02
7.768999999999999864e-03
1.184400000000000036e-02
8.848999999999999228e-03
8.189000000000000098e-03
1.083199999999999961e-02
1.227999999999999925e-02
8.488000000000000753e-03
1.475600000000000002e-02
9.544999999999999665e-03
8.472000000000000364e-03
6.948000000000000183e-03
7.753000000000000343e-03
1.149400000000000074e-02
1.240800000000000063e-02
1.390399999999999969e-02
8.673000000000000154e-03
8.262000000000000247e-03
1.142100000000000060e-02
8.163999999999999382e-03
1.011500000000000073e-02
8.404999999999999277e-03
9.894999999999999282e-03
6.180999999999999862e-03
1.092899999999999948e-02
6.621000000000000149e-03
9.570000000000000381e-03
5.394999999999999622e-03
7.666000000000000071e-03
7.157000000000000167e-03
6.712000000000000084e-03
8.611999999999999864e-03
9.643999999999999795e-03
5.669999999999999693e-03
8.035000000000000475e-03
7.835999999999999216e-03
8.146999999999999728e-03
1.737199999999999855e-02
7.664999999999999938e-03
1.021700000000000039e-02
1.061899999999999997e-02
7.092000000000000214e-03
1.577999999999999889e-02
1.725099999999999897e-02
9.405999999999999431e-03
1.040699999999999958e-02
7.565999999999999809e-03
5.786000000000000344e-03
7.574000000000000003e-03
9.797000000000000153e-03
8.822999999999999246e-03
8.613000000000000864e-03
7.087000000000000417e-03
1.490499999999999985e-02
7.797000000000000111e-03
8.418000000000000135e-03
6.013000000000000116e-03
9.679000000000000103e-03
6.144000000000000156e-03
7.053000000000000241e-03
7.015999999999999667e-03
8.078999999999999376e-03
7.195000000000000007e-03
1.257899999999999990e-02
7.981999999999999512e-03
1.171400000000000045e-02
7.566999999999999942e-03
1.362499999999999996e-02
8.493000000000000549e-03
7.418000000000000115e-03
6.424000000000000023e-03
8.085000000000000173e-03
7.729999999999999892e-03
9.931000000000000591e-03
7.191999999999999608e-03
8.956999999999999684e-03
7.479999999999999670e-03
6.660000000000000121e-03
9.469999999999999252e-03
9.381999999999999715e-03
7.471000000000000210e-03
6.904000000000000414e-03
8.810999999999999388e-03
1.535300000000000033e-02
1.160199999999999947e-02
6.551999999999999665e-03
9.986999999999999350e-03
7.805999999999999571e-03
7.289000000000000340e-03
8.581999999999999351e-03
9.601999999999999424e-03
8.281000000000000166e-03
7.269000000000000287e-03
8.828000000000000777e-03
1.117800000000000044e-02
6.623000000000000415e-03
8.139000000000000401e-03
6.385000000000000051e-03
9.763000000000000844e-03
7.761999999999999802e-03
8.082000000000000642e-03
8.906999999999999987e-03
8.897000000000000394e-03
1.331300000000000018e-02
7.780999999999999722e-03
6.577999999999999646e-03
9.211999999999999703e-03
8.802000000000000796e-03
1.233099999999999995e-02
7.339000000000000037e-03
1.144399999999999931e-02
1.146900000000000003e-02
1.087199999999999972e-02
1.406400000000000011e-02
1.030099999999999939e-02
7.757000000000000006e-03
1.086299999999999939e-02
9.721000000000000474e-03
8.547000000000000777e-03
1.396799999999999951e-02
1.260400000000000062e-02
1.073299999999999949e-02
1.359499999999999945e-02
7.830000000000000154e-03
1.285999999999999990e-02
7.648000000000000284e-03
8.890000000000000333e-03
1.503400000000000049e-02
8.848999999999999228e-03
9.048000000000000487e-03
9.197000000000000314e-03
1.161000000000000053e-02
6.093999999999999591e-03
1.092699999999999921e-02
6.936999999999999590e-03
9.745000000000000190e-03
7.672000000000000000e-03
9.582000000000000239e-03
1.647900000000000059e-02
7.177000000000000220e-03
7.697999999999999982e-03
9.159000000000000474e-03
1.111900000000000041e-02
5.859999999999999758e-03
7.336999999999999772e-03
5.486000000000000425e-03
