2024-09-03 16:47:33
../stream-replay/logs/stuttering-6206.txt
1725353102.4937072
1725353102.4947846
1725353102.5915902
1725353102.5930915
1725353102.7403967
1725353102.7408063
1725353102.7791634
1725353102.7809556
1725353102.7815087
1725353102.7900026
1725353102.799556
1725353102.8600998
1725353102.8605804
1725353102.861364
1725353102.8649013
1725353102.8653364
1725353102.9420846
1725353102.9432323
1725353103.1640906
1725353103.164982
1725353103.262153
1725353103.2640524
1725353103.2659461
1725353103.2675524
1725353103.2680924
1725353103.3555076
1725353103.4593992
1725353103.4961843
1725353103.4972808
1725353103.5532813
1725353103.553968
1725353103.5545
1725353103.5940259
1725353103.5956705
1725353103.6283693
1725353103.6289556
1725353103.6650445
1725353103.6664622
1725353103.7078457
1725353103.707939
1725353103.7080524
1725353103.7355416
1725353103.7725434
1725353103.8956282
1725353103.901908
1725353103.924176
1725353103.925873
1725353103.9961548
1725353103.9971318
1725353103.9978273
1725353104.0331295
1725353104.0517132
1725353104.0535014
1725353104.1276624
1725353104.1567025
1725353104.157143
1725353104.1578746
1725353104.1734452
1725353104.192933
1725353104.193808
1725353104.1942735
1725353104.1949914
1725353104.2036755
1725353104.2041194
1725353104.2046068
1725353104.206612
1725353104.2551363
1725353104.256003
1725353104.2971249
1725353104.2975237
1725353104.2995467
1725353104.311053
1725353104.3115726
1725353104.3122008
1725353104.3262596
1725353104.3268127
1725353104.4491944
1725353104.4496362
1725353104.4505825
1725353104.5518181
1725353104.7108114
1725353104.752309
1725353104.7552004
1725353104.7567723
1725353104.7712362
1725353104.7719464
1725353104.773338
1725353104.8407216
1725353104.8417819
1725353104.8881578
1725353104.888647
1725353104.889102
1725353104.9105103
1725353104.9115756
1725353104.9146225
1725353104.9177246
1725353104.9204023
1725353104.922555
1725353104.9467604
1725353104.9468567
1725353104.9469445
1725353105.250278
1725353105.2507672
1725353105.3057456
1725353105.3098752
1725353105.314244
1725353105.3153515
1725353105.3161802
1725353105.412662
1725353105.4140716
1725353105.414517
1725353105.417933
1725353105.4368126
1725353105.444157
1725353105.4466374
1725353105.4482234
1725353105.4710243
1725353105.4715486
1725353105.4720066
1725353105.4724548
1725353105.477942
1725353105.4801452
1725353105.5564718
1725353105.6748822
1725353105.675267
1725353105.913963
1725353106.0239072
1725353106.0258904
1725353106.1888235
1725353106.1908343
1725353106.266334
1725353106.2674801
1725353106.2703037
1725353106.2722812
1725353106.2737772
1725353106.2743626
1725353106.2754204
1725353106.289991
1725353106.2913504
1725353106.4532144
1725353106.5633166
1725353106.5651436
1725353106.5673046
1725353106.5688415
1725353106.6108353
1725353106.6115315
1725353106.6164265
1725353106.7460918
1725353107.112936
1725353107.113744
1725353107.1143904
1725353107.1812916
1725353107.1833298
1725353107.3678677
1725353107.368454
1725353107.3699698
1725353107.3727596
1725353107.411294
1725353107.417308
1725353107.430947
1725353107.431896
1725353107.467189
1725353107.4685698
1725353107.6166952
1725353107.618837
1725353107.6321018
1725353107.7235465
1725353107.739162
1725353107.7397947
1725353107.824415
1725353107.8634336
1725353107.8642414
1725353107.8739252
1725353107.9013805
1725353107.9030635
1725353107.959023
1725353107.974813
1725353107.9752681
1725353107.9760132
1725353107.9766355
1725353108.0381165
1725353108.1146631
1725353108.1154354
1725353108.2033389
1725353108.3663614
1725353108.3671196
1725353108.3683732
1725353108.3957293
1725353108.4026167
1725353108.4037461
1725353108.475963
1725353108.539576
1725353108.5400333
1725353108.5438802
1725353108.5772214
1725353108.5779233
1725353108.5786026
1725353108.6319966
1725353108.632426
1725353108.7126958
1725353108.7648644
1725353108.766877
1725353108.7674582
1725353108.818621
1725353108.8436158
1725353108.8445387
1725353108.8454707
1725353108.929334
1725353108.9427555
1725353108.9427903
1725353108.9428117
1725353108.942844
1725353108.9799566
1725353109.1489189
1725353109.268315
1725353109.2752922
1725353109.386356
1725353109.3869607
1725353109.686681
1725353109.7293336
1725353109.730485
1725353109.7945225
1725353109.7955313
1725353109.824321
1725353109.8255682
1725353109.9053004
1725353109.946899
1725353109.9480052
1725353109.949039
1725353110.0046453
1725353110.1142683
1725353110.114759
1725353110.136469
1725353110.1371598
1725353110.1378572
1725353110.1517704
1725353110.163505
1725353110.1644616
1725353110.322261
1725353110.3369029
1725353110.3377087
1725353110.339062
1725353110.347933
1725353110.3487413
1725353110.349525
1725353110.3609748
1725353110.3617716
1725353110.3707435
1725353110.3714988
1725353110.37194
1725353110.3857121
1725353110.446778
1725353110.6482177
1725353110.6492918
1725353110.6683629
1725353110.6707122
1725353110.6716082
1725353110.6889477
1725353110.6895065
1725353110.689967
1725353110.6904774
1725353110.8013897
1725353110.842454
1725353110.8446424
1725353110.8563619
1725353110.8572514
1725353110.8586395
1725353110.861616
1725353110.9496584
1725353110.98059
1725353110.9843533
1725353110.9851549
1725353111.0238512
1725353111.1930394
1725353111.1934571
1725353111.19399
1725353111.1979296
1725353111.2809384
1725353111.2816296
1725353111.3474915
1725353111.358604
1725353111.370795
1725353111.402042
1725353111.403098
1725353111.4459057
1725353111.4468958
1725353111.447583
1725353111.453972
1725353111.4597282
1725353111.535087
1725353111.536453
1725353111.537329
1725353111.5824766
1725353111.6303062
1725353111.6537535
1725353111.6833858
1725353111.685741
1725353111.6867747
1725353111.6878803
1725353111.699044
1725353111.72157
1725353111.7232156
1725353111.767814
1725353111.7682948
1725353111.7869492
1725353111.787891
1725353111.7894266
1725353111.8283677
1725353111.8425257
1725353111.843061
1725353111.844634
1725353111.861302
1725353111.862112
1725353111.8628943
1725353111.8770034
1725353111.896275
1725353111.9180903
1725353111.920012
1725353111.935092
1725353111.9369392
1725353112.053721
1725353112.082393
1725353112.0883374
1725353112.1113114
1725353112.111764
1725353112.1122324
1725353112.125847
1725353112.1269407
1725353112.2375941
1725353112.2380762
1725353112.312515
1725353112.3134065
1725353112.3202393
1725353112.321917
1725353112.3691406
1725353112.3700998
1725353112.4063716
1725353112.4070723
1725353112.4283085
1725353112.448363
1725353112.4488049
1725353112.4856164
1725353112.4861786
1725353112.4886866
1725353112.489163
1725353112.4900064
1725353112.4916043
1725353112.492355
1725353112.4930625
1725353112.543283
1725353112.5491962
1725353112.5760026
1725353112.576704
1725353112.5784829
1725353112.6026409
1725353112.6096635
1725353112.611714
1725353112.6255493
1725353112.6272678
1725353112.6280174
1725353112.6427367
1725353112.6439915
1725353112.782845
1725353112.783643
1725353112.7985942
1725353112.8882563
1725353112.8912654
1725353112.8925574
1725353112.9379673
1725353112.9384935
1725353112.9390209
1725353112.9452329
1725353112.97482
1725353112.9754581
1725353112.9754815
1725353112.9755003
1725353112.975654
1725353112.986575
1725353112.992047
1725353113.0857456
1725353113.105392
1725353113.1163752
1725353113.1184855
1725353113.1492417
1725353113.1629007
1725353113.163626
1725353113.1650658
1725353113.1845055
1725353113.1929555
1725353113.1948748
1725353113.2039065
1725353113.2048252
1725353113.2056952
1725353113.2130241
1725353113.2209792
1725353113.2223458
1725353113.2276318
1725353113.2489529
1725353113.249414
1725353113.2504632
1725353113.304945
1725353113.306215
1725353113.3349483
1725353113.3867772
1725353113.3889735
1725353113.3928845
1725353113.4006846
1725353113.4011657
1725353113.4016423
1725353113.4350665
1725353113.436423
1725353113.438957
1725353113.4399176
1725353113.4576142
1725353113.4584272
1725353113.4591808
1725353113.5223582
1725353113.5361035
1725353113.5650558
1725353113.568494
1725353113.5694199
1725353113.6083298
1725353113.6087713
1725353113.6093311
1725353113.6363106
1725353113.6367733
1725353113.653057
1725353113.6564882
1725353113.6574013
1725353113.6581705
1725353113.6906798
1725353113.6931765
1725353113.6946332
1725353113.724399
1725353113.742001
1725353113.7765067
1725353113.7772758
1725353113.7780056
1725353113.8728442
1725353113.904434
1725353113.904904
1725353113.9060013
1725353113.9172983
1725353113.9309082
1725353113.947583
1725353113.9480815
1725353113.9491677
1725353113.9506576
1725353113.951735
1725353113.9949515
1725353113.9966059
1725353114.0295694
1725353114.0315828
1725353114.0328197
1725353114.0347855
1725353114.0364504
1725353114.0374594
1725353114.0984468
1725353114.1002984
1725353114.19768
1725353114.2088299
1725353114.2253382
1725353114.2261736
1725353114.241734
1725353114.2649062
1725353114.2659976
1725353114.2667422
1725353114.274542
1725353114.2787528
1725353114.2913537
1725353114.2932417
1725353114.3396955
1725353114.3402479
1725353114.340984
1725353114.349084
1725353114.3876739
1725353114.38915
1725353114.3917296
1725353114.4084868
1725353114.4089684
1725353114.4094305
1725353114.4337947
1725353114.4425058
1725353114.4795642
1725353114.4815645
1725353114.484827
1725353114.5145369
1725353114.515663
1725353114.5317755
1725353114.532234
1725353114.630892
1725353114.6407542
1725353114.6435163
1725353114.6619878
1725353114.662795
1725353114.6870344
1725353114.6882052
1725353114.7364182
1725353114.7421286
1725353114.7532203
1725353114.7700083
1725353114.7704887
1725353114.7784998
1725353114.7793448
1725353114.792566
1725353114.797637
1725353114.8579717
1725353114.8593469
1725353114.8807187
1725353114.8833861
1725353114.8942158
1725353114.9942534
1725353114.9957535
1725353114.999228
1725353115.0439258
1725353115.0577927
1725353115.0584502
1725353115.0593882
1725353115.0622246
1725353115.0676005
1725353115.092765
1725353115.0932548
1725353115.133525
1725353115.1458712
1725353115.146897
1725353115.1480546
1725353115.195382
1725353115.2338147
1725353115.2454538
1725353115.2463353
1725353115.2477813
1725353115.267164
1725353115.2686179
1725353115.3071687
1725353115.34102
1725353115.341474
1725353115.342828
1725353115.369686
1725353115.4484606
1725353115.4700544
1725353115.4722998
1725353115.5042624
1725353115.5046864
1725353115.5813859
1725353115.5814106
1725353115.5814621
1725353115.5942314
1725353115.6083846
1725353115.7925498
1725353115.7932272
1725353115.7960503
1725353115.873126
1725353115.8736162
1725353115.8740973
1725353115.8751936
1725353115.9246702
1725353115.9948175
1725353115.997239
1725353116.1176353
1725353116.1181998
1725353116.1197827
1725353116.2075686
1725353116.2513463
1725353116.2975714
1725353116.33249
1725353116.3675718
1725353116.3680613
1725353116.368513
1725353116.4540987
1725353116.4544327
1725353116.4549117
1725353116.5209484
1725353116.5220358
1725353116.5231812
1725353116.5587716
1725353116.5601301
1725353116.5626144
1725353116.5631053
1725353116.5656657
1725353116.5769174
1725353116.5774932
1725353116.57852
1725353116.5793173
1725353116.5851965
1725353116.5856316
1725353116.6348968
1725353116.7237241
1725353116.7248735
1725353116.7445893
1725353116.759408
1725353116.7598937
1725353116.760623
1725353116.9490068
1725353116.9495485
1725353116.9853988
1725353116.986344
1725353116.9870377
1725353117.009554
1725353117.00999
1725353117.010628
1725353117.0273228
1725353117.2013366
1725353117.4257057
1725353117.4311125
1725353117.4339495
1725353117.5382016
1725353117.5402536
1725353117.6498792
1725353117.676894
1725353117.677793
1725353117.7619321
1725353117.8994627
1725353117.907105
1725353117.9079893
1725353117.9088418
1725353117.9232235
1725353117.926054
1725353117.993578
1725353118.2016604
1725353118.2032034
1725353118.2132914
1725353118.2155843
1725353118.2369523
1725353118.2390687
1725353118.5730178
1725353118.63585
1725353118.6412227
1725353118.642414
1725353118.6946087
1725353118.7205763
1725353118.7213342
1725353118.722265
1725353119.00518
1725353119.1601696
1725353119.1855142
1725353119.1873913
1725353119.335232
1725353119.3362672
1725353119.3857942
1725353119.3875184
1725353119.5579967
1725353119.6373456
1725353119.638106
1725353119.6393623
1725353119.6920795
1725353119.6926146
1725353119.6929777
1725353119.7666435
1725353119.8843806
1725353120.1381645
1725353120.1704915
1725353120.1710207
1725353120.2182446
1725353120.2238019
1725353120.2873747
1725353120.291685
1725353120.2931502
1725353120.293878
1725353120.3234541
1725353120.3238742
1725353120.324686
1725353120.3622031
1725353120.3962219
1725353120.6393673
1725353120.6403997
1725353120.640935
1725353120.7412577
1725353120.8604825
1725353120.8617084
1725353120.863079
1725353120.903998
1725353120.9053538
1725353121.0515888
1725353121.2038198
1725353121.2043009
1725353121.3442345
1725353121.344909
1725353121.481683
1725353121.484997
1725353121.4861646
1725353121.4909666
1725353121.491707
1725353121.492554
1725353121.7545831
1725353121.7553425
1725353121.756111
1725353121.8796299
1725353121.8799555
1725353121.880674
1725353122.0587797
1725353122.0595608
1725353122.4410598
1725353122.4413776
1725353122.6012182
1725353122.6015582
1725353122.6024532
1725353122.8811889
1725353122.88304
1725353122.9256437
1725353122.927127
1725353122.92754
1725353122.9281404
1725353122.9722013
1725353122.9847705
1725353123.0017796
1725353123.0126772
1725353123.0127678
1725353123.0128493
1725353123.012963
1725353123.0374227
1725353123.431955
1725353123.4596155
1725353123.461444
1725353123.564158
1725353123.5651963
1725353123.5738144
1725353123.576239
1725353123.6478229
1725353123.6496246
1725353123.6820202
1725353123.6917603
1725353123.6939063
1725353123.6947842
1725353123.7619934
1725353123.7641964
1725353124.0076718
1725353124.0079942
1725353124.0746129
1725353124.0766156
1725353124.8919406
1725353124.9870708
1725353125.0539305
1725353125.062499
1725353125.063233
1725353125.0643992
1725353125.1549416
1725353125.1556916
1725353125.182244
1725353125.202274
1725353125.2027824
1725353125.2033832
1725353125.2045143
1725353125.6712291
1725353125.7361486
1725353125.843178
1725353125.8440092
1725353125.8445554
1725353125.850851
1725353125.8517041
1725353125.8521569
1725353125.8554468
1725353125.9741485
1725353125.9760573
1725353126.0068655
1725353126.1600823
1725353126.16092
1725353126.2068284
1725353126.2078834
1725353126.4620583
1725353126.4635212
1725353126.478853
1725353126.4795885
1725353126.480363
1725353126.6348586
1725353126.6375675
1725353126.7742367
1725353126.9090068
1725353126.9178355
1725353126.9191706
1725353126.9661865
1725353126.9679768
1725353126.9723
1725353126.9727483
1725353126.9984112
1725353127.159547
1725353127.161268
1725353127.1793582
1725353127.180013
1725353127.1975467
1725353127.385999
1725353127.3869226
1725353127.387624
1725353127.4032133
1725353127.43729
1725353127.4385202
1725353127.4394028
1725353127.586764
1725353127.587551
1725353127.5886967
1725353127.7459135
1725353127.770793
1725353127.7991228
1725353127.8076336
1725353127.8082016
1725353128.0425167
1725353128.089681
1725353128.154548
1725353128.1565757
1725353128.5910943
1725353128.5933976
1725353128.6143937
1725353128.6149282
1725353128.6171756
1725353128.6180484
1725353128.9097943
1725353129.1917012
1725353129.1926734
1725353129.1932971
1725353129.1949887
1725353129.362877
1725353129.419408
1725353129.4763224
1725353129.4768057
1725353129.4807708
1725353129.4820428
1725353129.4862552
1725353129.5728805
1725353129.5733786
1725353129.5738316
1725353129.6058106
1725353129.6063213
1725353129.6078792
1725353129.6300812
1725353129.639789
1725353129.6510203
1725353129.6527908
1725353129.9198384
1725353130.000538
1725353130.0017962
1725353130.00247
1725353130.1097817
1725353130.1297882
1725353130.132006
1725353130.2426176
1725353130.2432091
1725353130.2446349
1725353130.2452412
1725353130.2636125
1725353130.2647505
1725353130.2779694
1725353130.3219516
1725353130.3229103
1725353130.3234713
1725353130.3590994
1725353130.3598647
1725353130.369038
1725353130.3721225
1725353130.3733866
1725353130.3968298
1725353130.4291055
1725353130.4296908
1725353130.563451
1725353130.5734606
1725353130.5756376
1725353130.583395
1725353130.6073897
1725353130.627005
1725353130.6286829
1725353130.6315749
1725353130.6381984
1725353130.7536244
1725353130.7543242
1725353130.7554557
1725353130.8300147
1725353130.83005
1725353130.8300912
1725353130.8301632
1725353131.0203328
1725353131.1038775
1725353131.335698
1725353131.3380523
1725353131.4173632
1725353131.4180298
1725353131.418884
1725353131.6859622
1725353131.7997336
1725353131.800078
1725353131.8604784
1725353131.9707882
1725353131.9731467
1725353131.977175
1725353132.048005
1725353132.0484524
1725353132.070783
1725353132.0712478
1725353132.1117043
1725353132.5095334
1725353132.5728521
1725353132.6734104
1725353132.8780456
1725353132.8793705
1725353132.8860857
1725353132.887037
1725353133.089687
1725353133.103046
1725353133.1038606
1725353133.1046596
1725353133.1291285
1725353133.2912679
1725353133.3207922
1725353133.3607664
1725353133.3618925
1725353133.3631654
1725353133.5322554
1725353133.5329695
1725353133.5400362
1725353133.5422025
1725353133.543249
1725353133.6211972
1725353133.6221185
1725353133.6233084
1725353133.6758244
1725353133.6767588
1725353133.6828809
1725353133.6846383
1725353133.8110147
1725353133.8128455
1725353133.8540514
1725353133.8548436
1725353133.8553295
1725353133.8725743
1725353134.6923528
1725353134.7206328
1725353134.7574518
1725353134.7853706
1725353134.785948
1725353134.7964945
1725353134.7969313
1725353134.8220026
1725353134.8248537
1725353134.832038
1725353134.8330843
1725353134.833531
1725353134.8342545
1725353134.8518462
1725353134.9250185
1725353134.926804
1725353134.9434054
1725353134.943856
1725353134.9463003
1725353135.2992604
1725353135.3008838
1725353135.3753557
1725353135.3770816
1725353135.884975
1725353136.050064
1725353136.050922
1725353136.0534484
1725353136.2694936
1725353136.2700155
1725353136.2711604
1725353136.3489769
1725353136.3665977
1725353136.3679368
1725353136.368848
1725353136.3801527
1725353136.3829567
1725353136.4287615
1725353136.4302297
1725353136.430929
1725353136.4530416
1725353136.498132
1725353136.4988756
1725353136.5015044
1725353136.5292485
1725353136.6438985
1725353136.78188
1725353136.7833302
1725353136.783896
1725353136.7863588
1725353136.8045938
1725353136.874503
1725353136.887632
1725353136.887728
1725353136.8878117
1725353136.8879237
1725353136.9001205
1725353137.274268
1725353137.3322568
1725353137.3345156
1725353137.53719
1725353137.5376713
1725353137.7294674
1725353137.7998815
1725353137.8090754
1725353137.8096216
1725353138.1447554
1725353138.1560094
1725353138.1568882
1725353138.2806716
1725353138.2811472
1725353138.2815907
1725353138.396763
1725353138.3997047
1725353138.4012349
1725353138.4056284
1725353138.4354885
1725353138.4359295
1725353138.612168
1725353138.6724756
1725353138.987945
1725353139.0045216
1725353139.0052612
1725353139.224492
1725353139.4443836
1725353139.5422153
1725353139.5443017
1725353139.5453794
1725353139.5462232
1725353139.7077098
1725353139.7095256
1725353139.7119365
1725353139.7132444
1725353139.8047333
1725353139.9031053
1725353139.9035828
1725353139.9040618
1725353139.9058542
1725353139.938403
1725353139.9838874
1725353139.985632
1725353139.9973266
1725353140.0172744
1725353140.0181296
1725353140.020872
1725353140.1003852
1725353140.132427
1725353140.1339293
1725353140.194109
1725353140.1947527
1725353140.4187453
1725353140.4194462
1725353140.4318902
1725353140.432924
1725353140.4722939
1725353140.4734402
1725353140.4775379
1725353140.5593941
1725353140.5603735
1725353140.6272466
1725353140.627609
1725353140.629333
1725353140.6721509
1725353140.713563
1725353140.8562288
1725353140.8591695
1725353140.8735979
1725353140.8740234
1725353141.0685854
1725353141.0693285
1725353141.1473317
1725353141.3037772
1725353141.305963
1725353141.458761
1725353141.4607563
1725353141.4817743
1725353141.4823773
1725353141.5045073
1725353141.5076928
1725353141.5133474
1725353141.5155294
1725353141.5526595
1725353141.5542598
1725353141.5556989
1725353141.5604415
1725353141.7004843
1725353141.7127764
1725353141.7143939
1725353141.762975
1725353141.763416
1725353141.7660108
1725353141.766872
1725353141.7707536
1725353141.9270222
1725353141.9286525
1725353141.995588
1725353142.0010726
1725353142.0034811
1725353142.0192332
1725353142.0210018
1725353142.1578016
1725353142.1968677
1725353142.268933
1725353142.3656576
1725353142.3662674
1725353142.405718
1725353142.4070215
1725353142.5999057
1725353142.600715
1725353142.6254005
1725353142.6274014
1725353142.6468353
1725353142.6478016
1725353142.7136638
1725353142.9665487
1725353142.9676187
1725353143.0523262
1725353143.0536172
1725353143.0565128
1725353143.0589614
1725353143.0720842
1725353143.0735486
1725353143.073872
1725353143.1486642
1725353143.1494846
1725353143.1510253
1725353143.4332228
1725353143.433722
1725353143.488595
1725353143.4983745
1725353143.4991596
1725353143.499873
1725353143.5111184
1725353143.6254575
1725353143.6262052
1725353143.6277876
1725353143.631352
1725353143.6323128
1725353143.6434662
1725353144.1055021
1725353144.1743999
1725353144.1771355
1725353144.17782
1725353144.31153
1725353144.311908
1725353144.312339
1725353144.4161131
1725353144.4172704
1725353144.4176447
1725353144.417728
1725353144.4537587
1725353144.4654167
1725353144.5404906
1725353144.7730353
1725353144.838126
1725353144.9294226
1725353144.937337
1725353144.954813
1725353145.0385678
1725353145.0399044
1725353145.0404046
1725353145.16124
1725353145.2324977
1725353145.233534
1725353145.2338204
1725353145.246211
1725353145.539604
1725353145.595855
1725353145.5964243
1725353145.7272851
1725353145.7732518
1725353145.7947395
1725353145.7961974
1725353145.796671
1725353145.8244386
1725353145.828273
1725353145.8293226
1725353146.0258627
1725353146.0266788
1725353146.0272665
1725353146.0688272
1725353146.1097507
1725353146.2382717
1725353146.2387538
1725353146.2393506
1725353146.2874773
1725353146.2891812
1725353146.2900548
1725353146.4618962
1725353146.465021
1725353146.5024884
1725353146.5033624
1725353146.549422
1725353146.550291
1725353146.5827665
1725353146.5838714
1725353146.60672
1725353146.637613
1725353146.6386282
1725353146.6395245
1725353146.752679
1725353146.7531404
1725353146.7655456
1725353146.797821
1725353146.8794527
1725353146.8826196
1725353146.8835022
1725353146.8839743
1725353146.926367
1725353146.9271934
1725353146.9278803
1725353146.969293
1725353147.0014298
1725353147.0097554
1725353147.0102408
1725353147.0149822
1725353147.0160553
1725353147.0216568
1725353147.046756
1725353147.0476046
1725353147.0485125
1725353147.193718
1725353147.1950312
1725353147.1955404
1725353147.2038047
1725353147.2212253
1725353147.238729
1725353147.2574055
1725353147.257831
1725353147.2889345
1725353147.3104134
1725353147.3113208
1725353147.48689
1725353147.5317478
1725353147.5324697
1725353147.5327554
1725353147.5348182
1725353147.546253
1725353147.6371922
1725353147.6377165
1725353147.6509202
1725353147.652969
1725353147.6538339
1725353147.6544566
1725353147.7143214
1725353147.7154157
1725353147.7859416
1725353147.793267
1725353147.7965193
1725353147.797019
1725353147.8160756
1725353147.8165016
1725353147.8169453
1725353147.9967256
1725353148.0178432
1725353148.0186179
1725353148.0195687
1725353148.129577
1725353148.203495
1725353148.2149067
1725353148.2297297
1725353148.230581
1725353148.231684
1725353148.2432728
1725353148.2857583
1725353148.2872605
1725353148.2951121
1725353148.2973325
1725353148.3006911
1725353148.3014154
1725353148.3084238
1725353148.3090684
1725353148.3724816
1725353148.4921744
1725353148.4955425
1725353148.5607965
1725353148.5614016
1725353148.5623379
1725353148.5649598
1725353148.5758862
1725353148.6440458
1725353148.673651
1725353148.6740746
1725353148.6745486
1725353148.675334
1725353148.7376978
1725353148.770643
1725353148.7774322
1725353148.819716
1725353148.8205707
1725353148.8213484
1725353148.8939407
1725353148.9527996
1725353148.954014
1725353148.9823503
1725353148.983105
1725353149.0253165
1725353149.0860066
1725353149.0865595
1725353149.087211
1725353149.144488
1725353149.1471617
1725353149.1492631
1725353149.16641
1725353149.1921742
1725353149.1929088
1725353149.1979861
1725353149.200278
1725353149.2623374
1725353149.2630775
1725353149.2942166
1725353149.2957819
1725353149.300022
1725353149.3017936
1725353149.3037531
1725353149.3157444
1725353149.3162086
1725353149.3167024
1725353149.3177211
1725353149.3392534
1725353149.3425539
1725353149.365061
1725353149.3850062
1725353149.3857367
1725353149.4654145
1725353149.4657125
1725353149.4672353
1725353149.4676602
1725353149.526607
1725353149.5272846
1725353149.5273123
1725353149.527334
1725353149.5278673
1725353149.7128284
1725353149.7719002
1725353149.8554995
1725353149.8563108
1725353149.8568308
1725353149.8806489
1725353149.929787
1725353149.9305406
1725353149.9524057
1725353150.0044844
1725353150.0051703
1725353150.0067518
1725353150.013256
1725353150.052083
1725353150.0559244
1725353150.063966
1725353150.0884311
1725353150.0902057
1725353150.0972319
1725353150.098023
1725353150.0992882
1725353150.106047
1725353150.1258013
1725353150.1550639
1725353150.1776395
1725353150.1788144
1725353150.2049668
1725353150.205421
1725353150.2120523
1725353150.2138066
1725353150.2554271
1725353150.2570293
1725353150.2681475
1725353150.269177
1725353150.3099878
1725353150.3120925
1725353150.3234444
1725353150.3394847
1725353150.3710604
1725353150.3719873
1725353150.420461
1725353150.4210544
1725353150.4316328
1725353150.4331796
1725353150.4397497
1725353150.4410262
1725353150.4414923
1725353150.456925
1725353150.4675686
1725353150.468763
1725353150.4965696
1725353150.4986713
1725353150.505139
1725353150.572858
1725353150.5741324
1725353150.5867176
1725353150.5981376
1725353150.5996485
1725353150.6155267
1725353150.620449
1725353150.6535187
1725353150.768692
1725353150.7697728
1725353150.8219306
1725353150.827186
1725353150.828209
1725353150.8643637
1725353150.9182065
1725353150.9189308
1725353150.9872062
1725353150.9878135
1725353151.1857436
1725353151.2921908
1725353151.2932673
1725353151.295223
1725353151.2980921
1725353151.299484
1725353151.3888156
1725353151.3892555
1725353151.411987
1725353151.4510527
1725353151.4516
1725353151.4521902
1725353151.4526498
1725353151.478618
1725353151.482601
1725353151.4831092
1725353151.4836702
1725353151.487896
1725353151.5141447
1725353151.5147777
1725353151.5152752
1725353151.5898685
1725353151.5903041
1725353151.591421
1725353151.6384518
1725353151.6422825
1725353151.6485493
1725353151.6493948
1725353151.6999788
1725353151.700493
1725353151.7009141
1725353151.7019114
1725353151.7148662
1725353151.7154002
1725353151.7161224
1725353151.7481482
1725353151.7483106
1725353151.7484202
1725353151.7489786
1725353151.8119302
1725353151.8153944
1725353151.8201303
1725353151.8211713
1725353151.8491523
1725353151.8498557
1725353151.85977
1725353151.8598661
1725353151.8612723
1725353151.8809507
1725353151.9390023
1725353151.939907
1725353151.9404528
1725353151.9691107
1725353151.9773808
1725353151.9783683
1725353151.9866586
1725353151.994344
1725353151.9951472
1725353151.996036
1725353152.0010648
1725353152.0142627
1725353152.0667427
1725353152.1155972
1725353152.1224246
1725353152.1234255
1725353152.1548462
1725353152.1986625
1725353152.1993022
1725353152.2011864
1725353152.2094235
1725353152.2759748
1725353152.2766683
1725353152.281425
1725353152.281898
1725353152.282331
1725353152.3189602
1725353152.324293
1725353152.3255897
1725353152.3327432
1725353152.3428574
1725353152.3506613
1725353152.3513436
1725353152.3519406
1725353152.3613183
1725353152.3614738
1725353152.431925
1725353152.4324744
1725353152.4329715
1725353152.444162
1725353152.4446464
1725353152.449596
1725353152.4504044
1725353152.4533277
1725353152.4542341
1725353152.4650955
1725353152.4661114
1725353152.4897423
1725353152.4968216
1725353152.4996455
1725353152.5001137
1725353152.5070684
1725353152.507717
1725353152.5084052
1725353152.518977
1725353152.646949
1725353152.647083
1725353152.6471496
1725353152.64727
1725353152.663308
1725353152.6800523
1725353152.6933913
1725353152.7078743
1725353152.710913
1725353152.7117865
1725353152.7304506
1725353152.7316518
1725353152.7325857
1725353152.734923
1725353152.74637
1725353152.747388
1725353152.7657394
1725353152.7664657
1725353152.7734108
1725353152.77467
1725353152.7975483
1725353152.820545
1725353152.8214207
1725353152.9181032
1725353152.9188163
1725353152.9284506
1725353152.9293292
1725353152.9301822
1725353152.993102
1725353153.018106
1725353153.0298119
1725353153.0306313
1725353153.0420933
1725353153.0879395
1725353153.0887883
1725353153.0935316
1725353153.093962
1725353153.104238
1725353153.1263952
1725353153.1285694
1725353153.1385021
1725353153.1395628
1725353153.149065
1725353153.1740801
1725353153.20564
1725353153.2254984
1725353153.2270436
1725353153.2276297
1725353153.23521
1725353153.2545514
1725353153.2552774
1725353153.256018
1725353153.259376
1725353153.27925
1725353153.299717
1725353153.306957
1725353153.3074417
1725353153.308072
1725353153.3254256
1725353153.3264735
1725353153.3756382
1725353153.3955271
1725353153.3967454
1725353153.4001963
1725353153.4157302
1725353153.4457417
1725353153.4529946
1725353153.453442
1725353153.4638429
1725353153.4656985
1725353153.4799385
1725353153.5034857
1725353153.505247
1725353153.505711
1725353153.523954
1725353153.5256212
1725353153.5260293
1725353153.5989246
1725353153.6085217
1725353153.6487854
1725353153.649349
1725353153.650004
1725353153.6505892
1725353153.7962494
1725353153.81456
1725353153.8150897
1725353153.8547702
1725353153.8554533
1725353153.858163
1725353153.8996258
1725353153.9683943
1725353154.0282269
1725353154.0293176
1725353154.0374162
1725353154.0775335
1725353154.0779457
1725353154.0930302
1725353154.094043
1725353154.1042607
1725353154.1131072
1725353154.1141758
1725353154.117975
1725353154.120185
1725353154.1300979
1725353154.1305516
1725353154.1716135
1725353154.5369682
1725353154.5374029
1725353154.5613928
1725353154.5797477
1725353154.5812016
1725353154.605551
1725353154.6618881
1725353154.669303
1725353154.6703038
1725353154.677045
1725353154.6781194
1725353154.6813388
1725353154.7316327
1725353154.7320812
1725353154.8986068
1725353154.9862285
1725353154.9891703
1725353155.0288768
1725353155.1364722
1725353155.1373496
1725353155.2525125
1725353155.2544901
1725353155.269744
1725353155.271959
1725353155.415784
1725353155.4180129
1725353155.4239247
1725353155.4262638
1725353155.5470166
1725353155.5480225
1725353155.5489073
1725353155.650164
1725353155.7257032
1725353155.7373505
1725353155.955922
1725353156.0471833
1725353156.2308836
1725353156.2313528
1725353156.4801903
1725353156.4829268
1725353156.483363
1725353156.5980647
1725353156.5993812
1725353156.601136
1725353156.627322
1725353156.6462145
1725353156.6468294
1725353156.8973477
1725353156.8981123
1725353156.8992815
1725353156.9057195
1725353156.9237325
1725353156.9504337
1725353156.9521031
1725353156.9525957
1725353157.0743575
1725353157.0819955
1725353157.3805614
1725353157.7117672
1725353157.715128
1725353157.7302852
1725353157.731307
1725353157.7319756
1725353157.7328417
1725353157.757793
1725353157.7772658
1725353157.7780232
1725353157.8748503
1725353157.8953457
1725353157.926222
1725353157.927189
1725353157.9608562
1725353157.9802613
1725353157.982416
1725353158.1079383
1725353158.1096752
1725353158.1103132
1725353158.1790688
1725353158.1897056
1725353158.2609098
1725353158.3089943
1725353158.4503233
1725353158.4513314
1725353158.5641534
1725353158.691644
1725353158.6925786
1725353158.7312868
1725353158.7326934
1725353158.8780138
1725353158.9259765
1725353158.9267788
1725353158.930526
1725353158.9926393
1725353158.9998522
1725353159.0011399
1725353159.0053756
1725353159.0566087
1725353159.0579782
1725353159.1344266
1725353159.1756754
1725353159.360295
1725353159.3712502
1725353159.372664
1725353159.4056995
1725353159.486089
1725353159.487626
1725353159.5966241
1725353159.601709
1725353159.602674
1725353159.6804307
1725353159.6813083
1725353159.6820714
1725353159.7207716
1725353159.7250953
1725353159.7257912
1725353159.7262573
1725353159.8477685
1725353159.871823
1725353159.8724644
1725353159.886963
1725353159.8926966
1725353159.8988554
1725353159.899656
1725353159.930586
1725353159.9670687
1725353159.967662
1725353159.9731767
1725353159.9736865
1725353159.9750526
1725353159.975498
1725353160.3080401
1725353160.3089426
1725353160.3193083
1725353160.32086
1725353160.4124694
1725353160.4132643
1725353160.4191482
1725353160.5319173
1725353160.532549
1725353160.5370836
1725353160.885512
1725353160.9441876
1725353161.1153812
1725353161.1167984
1725353161.1177526
1725353161.1472669
1725353161.2218068
1725353161.2231803
1725353161.2737358
1725353161.2742097
1725353161.4301353
1725353161.453307
1725353161.4540899
1725353161.4553022
1725353161.5367596
1725353161.5385067
1725353161.7592866
1725353161.7598171
1725353161.7604887
1725353161.7874553
1725353161.788747
1725353161.789601
1725353161.797478
1725353161.8587892
1725353161.8592358
1725353161.8786252
1725353161.8841965
1725353161.896634
1725353161.8971548
1725353161.8979714
1725353161.9042943
1725353161.9070234
1725353161.9399369
1725353161.9764307
1725353161.9771702
1725353161.9781904
1725353162.1715755
1725353162.1720672
1725353162.2665627
1725353162.2670462
1725353162.300517
1725353162.3010778
1725353162.3011024
1725353162.301118
1725353162.301193
1725353162.3044302
1725353162.5935721
1725353162.599655
1725353162.7529025
1725353162.800862
1725353162.80135
1725353162.9388492
1725353162.9413989
1725353162.9426274
1725353163.0480578
1725353163.3069246
1725353163.3075857
1725353163.3083937
1725353163.311381
1725353163.4492004
1725353163.4582794
1725353163.4918242
1725353163.492852
1725353163.5324607
1725353163.5337064
1725353163.5341513
1725353163.606583
1725353163.6361163
1725353163.6381843
1725353163.7624872
1725353163.763122
1725353163.8404913
1725353163.842203
1725353163.8792768
1725353163.8805938
1725353163.8813891
1725353163.8965821
1725353163.93458
1725353163.9370627
1725353164.0738215
1725353164.0753639
1725353164.0758855
1725353164.187911
1725353164.597633
1725353164.5984633
1725353164.5992393
1725353164.6095715
1725353164.6775327
1725353164.6781557
1725353164.679454
1725353164.728477
1725353164.7326508
1725353164.8390234
1725353164.8397834
1725353164.8421435
1725353164.8719287
1725353165.0100536
1725353165.0107822
1725353165.076947
1725353165.0813732
1725353165.2697418
1725353165.2708042
1725353165.2901812
1725353165.2908187
1725353165.4001572
1725353165.4382768
1725353165.49459
1725353165.4951653
1725353165.6243951
1725353165.6253018
1725353165.6262712
1725353165.629127
1725353165.6821723
1725353165.6830165
1725353165.8311965
1725353165.8481114
1725353165.8495607
1725353165.8674886
1725353165.8683147
1725353165.8806016
1725353165.881831
1725353165.8877015
1725353165.8891237
1725353165.8895807
1725353165.9699569
1725353165.9729946
1725353166.047609
1725353166.0498376
1725353166.0513341
1725353166.1050959
1725353166.1481905
1725353166.1491547
1725353166.1497817
1725353166.1687198
1725353166.169863
1725353166.4327173
1725353166.43947
1725353166.4400811
1725353166.54352
1725353166.544272
1725353166.553527
1725353166.6881688
1725353166.6901257
1725353166.6905947
1725353166.7356572
1725353166.7374876
1725353166.7430892
1725353166.7437804
1725353166.7463343
1725353166.7662187
1725353166.767047
1725353166.9041493
1725353166.9048514
1725353166.9055953
1725353166.947726
1725353166.9481993
1725353166.94986
1725353167.0190985
1725353167.087097
1725353167.0906992
1725353167.0913966
1725353167.100864
1725353167.1013172
1725353167.155544
1725353167.162914
1725353167.179489
1725353167.1799686
1725353167.180784
1725353167.1875298
1725353167.1918814
1725353167.2369432
1725353167.2469602
1725353167.2475998
1725353167.3012052
1725353167.3018568
1725353167.3325522
1725353167.3584852
1725353167.3598335
1725353167.541749
1725353167.545605
1725353167.5464015
1725353167.546929
1725353167.5808449
1725353167.5818727
1725353167.5834565
1725353167.5840292
1725353167.5864038
1725353167.6631448
1725353167.6664984
1725353167.6670597
1725353167.6701562
1725353167.6709611
1725353167.7412114
1725353167.743174
1725353167.8377106
1725353167.8912802
1725353167.891771
1725353167.9850514
1725353167.9863935
1725353167.9882739
1725353167.9887261
1725353168.097518
1725353168.0979326
1725353168.0991464
1725353168.1714413
1725353168.173258
1725353168.1945312
1725353168.1954572
1725353168.2185626
1725353168.2204041
1725353168.2242532
1725353168.3239164
1725353168.3965578
1725353168.4499505
1725353168.4499798
1725353168.4500031
1725353168.450051
1725353168.8050332
1725353168.8702621
1725353169.041034
1725353169.0418785
1725353169.0427883
1725353169.2322416
1725353169.34062
1725353169.3410914
1725353169.3419235
1725353169.4219608
1725353169.4724576
1725353169.4740689
1725353169.4746006
1725353169.5522912
1725353169.6739256
1725353169.7796173
1725353169.7801037
1725353169.934188
1725353169.9348774
1725353169.9354997
1725353169.9440234
1725353170.0273876
1725353170.02977
1725353170.0319026
1725353170.0412786
1725353170.0422447
1725353170.2581263
1725353170.2587593
1725353170.3304238
1725353170.3312397
1725353170.3322926
1725353170.4399583
1725353170.4926376
1725353170.4934535
1725353170.494277
1725353170.4948359
1725353170.5297022
1725353170.640883
1725353170.748731
1725353170.78395
1725353170.7875113
1725353170.787827
1725353170.7882721
1725353170.8024325
1725353170.8031545
1725353170.9308095
1725353171.0161576
1725353171.0228298
1725353171.0920045
1725353171.092501
1725353171.1918075
1725353171.1921284
1725353171.257981
1725353171.2592504
1725353171.3945844
1725353171.4653373
1725353171.465768
1725353171.5212498
1725353171.5504465
1725353171.5795422
1725353171.5800264
1725353171.5805538
1725353171.5814934
1725353171.5980127
1725353171.661011
1725353171.6614993
1725353171.6622705
1725353171.6743684
1725353171.6750736
1725353171.6754882
1725353171.757418
1725353171.7594385
1725353171.8138273
1725353171.867705
1725353171.8681715
1725353171.8690774
1725353171.905909
1725353171.971773
1725353171.9724593
1725353172.0716891
1725353172.0753124
1725353172.0769746
1725353172.0777802
1725353172.0912118
1725353172.091693
1725353172.0939307
1725353172.1038518
1725353172.1150107
1725353172.1170173
1725353172.1214137
1725353172.1256623
1725353172.1262996
1725353172.295452
1725353172.343128
1725353172.3438752
1725353172.4386024
1725353172.4399836
1725353172.502774
1725353172.502909
1725353172.5030167
1725353172.7989092
1725353172.8197749
1725353172.9249523
1725353172.949038
1725353172.9715414
1725353172.972203
1725353172.9732223
1725353172.9754772
1725353173.0151436
1725353173.067013
1725353173.1291533
1725353173.1299925
1725353173.1478531
1725353173.148436
1725353173.1488724
1725353173.159153
1725353173.160649
1725353173.1814048
1725353173.1818502
1725353173.3891273
1725353173.3898656
1725353173.4220366
1725353173.5441093
1725353173.5501087
1725353173.5571127
1725353173.558331
1725353173.5997207
1725353173.6012702
1725353173.6017354
1725353173.6184757
1725353173.7064376
1725353173.7408369
1725353173.7539542
1725353173.754408
1725353173.7552466
1725353173.7560122
1725353173.7799067
1725353173.7806058
1725353173.7838976
1725353173.8032706
1725353173.8042047
1725353173.8047054
1725353173.910809
1725353173.9115186
1725353173.9220011
1725353173.9559052
1725353173.957093
1725353173.957715
1725353174.0841222
1725353174.09415
1725353174.0948818
1725353174.105925
1725353174.1066773
1725353174.2371159
1725353174.238123
1725353174.2579992
1725353174.2603722
1725353174.2739444
1725353174.282149
1725353174.2835248
1725353174.33535
1725353174.3462086
1725353174.3479488
1725353174.3825424
1725353174.4203522
1725353174.421201
1725353174.4240303
1725353174.450718
1725353174.451876
1725353174.589987
1725353174.5904455
1725353174.607887
1725353174.6084168
1725353174.643823
1725353174.6453223
1725353174.657433
1725353174.7216702
1725353174.7221134
1725353174.7225897
1725353174.7230964
1725353174.7235596
1725353174.733418
1725353174.8267887
1725353174.8272488
1725353174.8600168
1725353174.896277
1725353174.9020529
1725353174.9100182
1725353174.9116042
1725353175.0554686
1725353175.0563114
1725353175.056982
1725353175.0932415
1725353175.0943813
1725353175.0950239
1725353175.1539483
1725353175.1548324
1725353175.1947896
1725353175.1953013
1725353175.3338304
1725353175.33556
1725353175.3360293
1725353175.3881686
1725353175.4899862
1725353175.5382545
1725353175.672337
1725353175.6730464
1725353175.6737235
1725353175.763576
1725353175.7665422
1725353175.7671642
1725353175.8092554
1725353175.8212843
1725353175.8990705
1725353175.899577
1725353175.9004655
1725353175.901082
1725353176.178623
1725353176.1794677
1725353176.1803079
1725353176.2461176
1725353176.2537608
1725353176.2555614
1725353176.347977
1725353176.3756154
1725353176.3766851
1725353176.3772266
1725353176.3982732
1725353176.41962
1725353176.425089
1725353176.4375901
1725353176.4376194
1725353176.437642
1725353176.4376993
1725353176.497639
1725353176.5354602
1725353176.6668825
1725353176.6678379
1725353176.7442634
1725353177.0900269
1725353177.090502
1725353177.091457
1725353177.186985
1725353177.2845793
1725353177.2863345
1725353177.3061767
1725353177.3068547
1725353177.413993
1725353177.6866834
1725353177.6888278
1725353177.7989867
1725353178.024766
1725353178.0255196
1725353178.0263135
1725353178.029581
1725353178.0471683
1725353178.0845149
1725353178.0858977
1725353178.104904
1725353178.1072257
1725353178.1083293
1725353178.1230733
1725353178.1236925
1725353178.1243212
1725353178.1924877
1725353178.193073
1725353178.194264
1725353178.2133808
1725353178.2139711
1725353178.4334047
1725353178.5252848
1725353178.5260496
1725353178.6205714
1725353178.8304842
1725353178.8310933
1725353178.9083793
1725353178.910355
1725353178.9316413
1725353178.934771
1725353178.9352753
1725353179.0712183
1725353179.0767677
1725353179.0782928
1725353179.079127
1725353179.0875463
1725353179.0881476
1725353179.0887332
1725353179.1003485
1725353179.1010962
1725353179.126877
1725353179.1276584
1725353179.1280951
1725353179.247902
1725353179.2845101
1725353179.285797
1725353179.3036084
1725353179.3048756
1725353179.3301718
1725353179.3672411
1725353179.367997
1725353179.3827708
1725353179.3849194
1725353179.4739246
1725353179.4745398
1725353179.4756858
1725353179.5599627
1725353179.5784204
1725353179.5867822
1725353179.5872917
1725353179.6282697
1725353179.6352963
1725353179.6357427
1725353179.637187
1725353179.6686435
1725353179.7112687
1725353179.7125602
1725353179.7828417
1725353179.7837396
1725353179.80049
1725353179.8013077
1725353180.0696306
1725353180.070262
1725353180.1650379
1725353180.1896622
1725353180.1901383
1725353180.190595
1725353180.191837
1725353180.2018812
1725353180.2855349
1725353180.2864528
1725353180.2958252
1725353180.3929486
1725353180.4093204
1725353180.4098284
1725353180.4104226
1725353180.5048695
1725353180.5056303
1725353180.7034733
1725353180.704604
1725353180.9696429
1725353180.9705002
1725353181.0365026
1725353181.038586
1725353181.0997884
1725353181.1331472
1725353181.1343567
1725353181.135669
1725353181.2364686
1725353181.2379024
1725353181.247162
1725353181.249224
1725353181.3712854
1725353181.3726802
1725353181.388062
1725353181.3887453
1725353181.454027
1725353181.4992561
1725353181.4997818
1725353181.5002515
1725353181.5453064
1725353181.5465517
1725353181.5470762
1725353181.6082542
1725353181.628402
1725353181.6299984
1725353181.7546046
1725353181.863932
1725353181.864636
1725353181.8652077
1725353181.895557
1725353181.8962514
1725353181.9237041
1725353181.9247456
1725353181.928724
1725353181.9303336
1725353181.988343
1725353181.9901488
1725353181.9906018
1725353182.097568
1725353182.144072
1725353182.145703
1725353182.1835654
1725353182.320092
1725353182.3205488
1725353182.414476
1725353182.4163463
1725353182.4180975
1725353182.4185455
1725353182.4191554
1725353182.4317248
1725353182.433458
1725353182.4480722
1725353182.6188085
1725353182.6197798
1725353182.6209676
1725353182.74112
1725353182.9884453
1725353182.9884825
1725353182.988506
1725353182.9885619
1725353183.0093594
1725353183.091458
1725353183.1351047
1725353183.373781
1725353183.3977623
1725353183.488614
1725353183.4894216
1725353183.5859737
1725353183.5866134
1725353183.598233
1725353183.7955654
1725353183.7989945
1725353183.8103495
1725353183.857678
1725353183.8742118
1725353183.8750324
1725353183.876756
1725353183.8781676
1725353184.020362
1725353184.1086164
1725353184.111135
1725353184.112327
1725353184.2122219
1725353184.2850316
1725353184.285478
1725353184.285937
1725353184.2865736
1725353184.3155751
1725353184.3162549
1725353184.316756
1725353184.437748
1725353184.4385
1725353184.4390812
1725353184.5259292
1725353184.74538
1725353184.7963567
1725353184.7973962
1725353184.7990074
1725353184.8876922
1725353184.888359
1725353184.8888094
1725353184.892098
1725353185.053473
1725353185.0629015
1725353185.1875618
1725353185.189035
1725353185.1947863
1725353185.3479333
1725353185.348557
1725353185.3886151
1725353185.389165
1725353185.5330756
1725353185.5337665
1725353185.534307
1725353185.6495354
1725353185.6548934
1725353185.7001088
1725353185.7008615
1725353185.7031734
1725353185.7918792
1725353185.7927482
1725353185.8151343
1725353185.896502
1725353185.8971348
1725353185.8978643
1725353186.097862
1725353186.1022372
1725353186.103748
1725353186.2909665
1725353186.2916772
1725353186.4325185
1725353186.4335477
1725353186.4340658
1725353186.444867
1725353186.4457293
1725353186.4466214
1725353186.484097
1725353186.6152272
1725353186.6161716
1725353186.6874747
1725353186.7167132
1725353186.7171726
1725353186.7851362
1725353186.7883801
1725353186.8086898
1725353187.0843222
1725353187.0848594
1725353187.0856116
1725353187.1670837
1725353187.1683345
1725353187.1919565
1725353187.1926854
1725353187.1937175
1725353187.279241
1725353187.3173623
1725353187.3178246
1725353187.3193662
1725353187.4099996
1725353187.4104347
1725353187.4484625
1725353187.4500597
1725353187.4635806
1725353187.5298178
1725353187.5862222
1725353187.5882971
1725353187.5965805
1725353187.5981977
1725353187.608015
1725353187.6088986
1725353187.665225
1725353187.6661859
1725353187.69398
1725353187.695148
1725353187.6956227
1725353187.7370849
1725353187.787811
1725353187.7895467
1725353187.8475308
1725353187.8526456
1725353187.9548593
1725353187.9558132
1725353188.1583822
1725353188.1624603
1725353188.1635976
1725353188.1640654
1725353188.195542
1725353188.1963964
1725353188.1974108
1725353188.4486303
1725353188.449903
1725353188.6039474
1725353188.605214
1725353188.9294448
1725353188.9305918
1725353188.9639962
1725353188.9645655
1725353189.0232835
1725353189.0254178
1725353189.0261796
1725353189.027623
1725353189.0408292
1725353189.0424964
1725353189.0683215
1725353189.0694928
1725353189.1851645
1725353189.186207
1725353189.1866686
1725353189.2002327
1725353189.3350163
1725353189.335531
1725353189.4392989
1725353189.4397812
1725353189.4403107
1725353189.4866235
1725353189.5636408
1725353189.576
1725353189.6575696
1725353189.6575902
1725353189.657605
1725353189.6579742
1725353189.6778345
1725353189.8197956
1725353190.0546854
1725353190.1364286
1725353190.1382074
1725353190.222937
1725353190.2450151
1725353190.2455266
1725353190.2460184
1725353190.2467113
1725353190.3428838
1725353190.3610978
1725353190.364031
1725353190.3658464
1725353190.366385
1725353190.394248
1725353190.4678566
1725353190.5497186
1725353190.5502126
1725353190.5509024
1725353190.5628607
1725353190.5646164
1725353190.565096
1725353190.5660808
1725353190.5843148
1725353190.5930088
1725353190.5960612
1725353190.6564722
1725353190.6981022
1725353191.3593154
1725353191.449822
1725353191.4503314
1725353191.451086
1725353191.4824245
1725353191.482898
1725353191.5511515
1725353191.5702252
1725353191.594754
1725353191.5964243
1725353191.597638
1725353191.615464
1725353191.6165965
1725353191.617077
1725353191.6468832
1725353191.6782885
1725353191.6857555
1725353191.6862564
1725353191.7534947
1725353191.8472283
1725353191.8674872
1725353191.900721
1725353191.906457
1725353191.9788902
1725353191.9794512
1725353191.980614
1725353192.012121
1725353192.0269816
1725353192.027978
1725353192.0288062
1725353192.07539
1725353192.0761292
1725353192.1692872
1725353192.1698303
1725353192.170307
1725353192.3167152
1725353192.4762866
1725353192.4994292
1725353192.5025513
1725353192.5032768
1725353192.5588272
1725353192.6001532
1725353192.668206
1725353192.7141366
1725353192.8213654
1725353192.821858
1725353192.8261123
1725353192.8654163
1725353192.8664308
1725353192.929334
1725353193.1568866
1725353193.2869723
1725353193.2874439
1725353193.289741
1725353193.3010206
1725353193.3014367
1725353193.3019102
1725353193.3704588
1725353193.381288
1725353193.3818407
1725353193.405284
1725353193.4057767
1725353193.4134288
1725353193.4153626
1725353193.4221542
1725353193.4602277
1725353193.4607713
1725353193.4612684
1725353193.4663305
1725353193.5775907
1725353193.5780191
1725353193.5995286
1725353193.6002955
1725353193.600848
1725353193.620623
1725353193.6211033
1725353193.6229522
1725353193.6234763
1725353193.634612
1725353193.6352265
1725353193.7808185
1725353193.8839157
1725353193.972788
1725353193.9765453
1725353194.0483913
1725353194.0492868
1725353194.133072
1725353194.1624122
1725353194.162435
1725353194.1624548
1725353194.162527
1725353194.27169
1725353194.357852
1725353194.369285
1725353194.4174795
1725353194.438663
1725353194.4391775
1725353194.4442024
1725353194.4447627
1725353194.4849076
1725353194.5377598
1725353194.5481915
1725353194.5487087
1725353194.549429
1725353194.5499818
1725353194.6009972
1725353194.6055965
1725353194.6277225
1725353194.6287794
1725353194.6316411
1725353194.651576
1725353194.6824994
1725353194.687114
1725353194.6918864
1725353194.6983366
1725353194.727359
1725353194.7396932
1725353194.755155
1725353194.7712538
1725353194.7719853
1725353194.7725832
1725353194.7926016
1725353194.836858
1725353194.8460824
1725353194.855465
1725353194.8585796
1725353194.859089
1725353194.8597794
1725353194.8719423
1725353194.898273
1725353194.9002137
1725353194.9033692
1725353194.9122317
1725353194.9234295
1725353194.9344678
1725353194.9350045
1725353194.93551
1725353194.9645343
1725353195.02402
1725353195.0349126
1725353195.0371382
1725353195.0383334
1725353195.0539293
1725353195.0733244
1725353195.0738606
1725353195.089139
1725353195.1064026
1725353195.1085873
1725353195.1272392
1725353195.137904
1725353195.1532674
1725353195.1573935
1725353195.1595068
1725353195.1763682
1725353195.1802208
1725353195.2052627
1725353195.2100892
1725353195.2195327
1725353195.3100877
1725353195.4132776
1725353195.4518514
1725353195.4529643
1725353195.5326664
1725353195.533216
1725353195.5337188
1725353195.5873904
1725353195.6103497
1725353195.6114895
1725353195.6120777
1725353195.6130993
1725353195.6148827
1725353195.619774
1725353195.6253119
1725353195.6517134
1725353195.660701
1725353195.6759815
1725353195.6791952
1725353195.6922307
1725353195.6928945
1725353195.6933713
1725353195.6973522
1725353195.699509
1725353195.7014208
1725353195.7037144
1725353195.7183685
1725353195.7853916
1725353195.850694
1725353195.8516068
1725353195.852348
1725353195.9755108
1725353195.9759657
1725353195.977612
1725353196.020734
1725353196.0421426
1725353196.0434887
1725353196.0868258
1725353196.1169195
1725353196.1526027
1725353196.1597881
1725353196.1615186
1725353196.1620715
1725353196.1638806
1725353196.1675425
1725353196.1688304
1725353196.2389884
1725353196.2395577
1725353196.252004
1725353196.2671964
1725353196.2677543
1725353196.267773
1725353196.268419
1725353196.2684891
1725353196.2690961
1725353196.2724295
1725353196.339621
1725353196.3400633
1725353196.382464
1725353196.4264352
1725353196.426591
1725353196.431473
1725353196.4389598
1725353196.4399233
1725353196.458588
1725353196.4617202
1725353196.4746242
1725353196.4756439
1725353196.4767978
1725353196.4835927
1725353196.4840345
1725353196.4855654
1725353196.4869156
1725353196.4923215
1725353196.4937203
1725353196.4999552
1725353196.518516
1725353196.5200598
1725353196.5312595
1725353196.5374594
1725353196.5418038
1725353196.542377
1725353196.5429916
1725353196.5433638
1725353196.544474
1725353196.5456936
1725353196.5463753
1725353196.6131294
1725353196.6161168
1725353196.6421509
1725353196.642714
1725353196.6431994
1725353196.6519141
1725353196.652384
1725353196.6644242
1725353196.6868007
1725353196.7051942
1725353196.7123146
1725353196.713769
1725353196.7178
1725353196.738129
1725353196.7387872
1725353196.7393353
1725353196.7715003
1725353196.7783155
1725353196.7810242
1725353196.7988148
1725353196.8082814
1725353196.8227415
1725353196.8234997
1725353196.8368285
1725353196.837408
1725353196.846935
1725353196.8474658
1725353196.8479629
1725353196.8491669
1725353196.867608
1725353196.9059806
1725353196.9330003
1725353196.9340377
1725353196.9358647
1725353196.9364924
1725353196.9491827
1725353196.9502327
1725353196.951258
1725353196.981611
1725353197.0006568
1725353197.0095208
1725353197.0108976
1725353197.0113695
1725353197.0162387
1725353197.0179646
1725353197.0844631
1725353197.0892992
1725353197.0898638
1725353197.0904498
1725353197.091428
1725353197.0987685
1725353197.0998573
1725353197.1443853
1725353197.1585133
1725353197.1611443
1725353197.1627111
1725353197.1645162
1725353197.174174
1725353197.1753356
1725353197.1761587
1725353197.179242
1725353197.1991081
1725353197.2109776
1725353197.2128055
1725353197.2140381
1725353197.2261844
1725353197.2277606
1725353197.246915
1725353197.250196
1725353197.2503352
1725353197.2508032
1725353197.2735047
1725353197.2745528
1725353197.2868907
1725353197.290831
1725353197.2954915
1725353197.2974393
1725353197.324569
1725353197.3550155
1725353197.355665
1725353197.3566816
1725353197.38649
1725353197.389643
1725353197.390044
1725353197.5141473
1725353197.523905
1725353197.5243828
1725353197.5256484
1725353197.6673634
1725353197.6699212
1725353197.6718402
1725353197.7008321
1725353197.7028918
1725353197.7192311
1725353197.726632
1725353197.727161
1725353197.7275877
1725353197.7280324
1725353197.791048
1725353197.81727
1725353197.8262243
1725353197.8417048
1725353197.8715322
1725353197.871557
1725353197.8728647
1725353197.880269
1725353197.896399
1725353197.9150932
1725353197.9390395
1725353197.9404218
1725353197.9589255
1725353197.9619932
1725353197.9624832
1725353197.96359
1725353197.9641273
1725353197.9725559
1725353197.973369
1725353198.0191286
1725353198.0351498
1725353198.038274
1725353198.0427418
1725353198.0427687
1725353198.0427852
1725353198.0428727
1725353198.0686789
1725353198.0701756
1725353198.071708
1725353198.0823
1725353198.2198436
1725353198.2418694
1725353198.2513092
1725353198.409122
1725353198.411637
1725353198.4403205
1725353198.4425094
1725353198.4429448
1725353198.4455504
1725353198.4476345
1725353198.4988356
1725353198.4995859
1725353198.6198888
1725353198.6205065
1725353198.621354
1725353198.6711266
1725353198.6805005
1725353198.681666
1725353198.7498586
1725353198.7503698
1725353198.779211
1725353198.7798042
1725353198.8065543
1725353198.807134
1725353198.8465533
1725353198.8505642
1725353198.850977
1725353198.8825078
1725353198.9052136
1725353198.9125166
1725353198.915228
1725353198.9189947
1725353198.9283133
1725353198.9291527
1725353198.9361398
1725353198.9388547
1725353198.9632294
1725353198.963586
1725353198.9652262
1725353198.9933546
1725353199.0095603
1725353199.0104032
1725353199.1272886
1725353199.1279633
1725353199.1293833
1725353199.268482
1725353199.362309
1725353199.3984597
1725353199.3994122
1725353199.4009576
1725353199.4058247
1725353199.4182303
1725353199.4185393
1725353199.4194589
1725353199.4200327
1725353199.4201376
1725353199.4208598
1725353199.446142
1725353199.4463453
1725353199.4465466
1725353199.4467323
1725353199.4468563
1725353199.4469762
1725353199.4529545
1725353199.4530656
1725353199.453193
1725353199.453695
1725353199.4551857
1725353199.4939594
1725353199.5257065
1725353199.5258048
1725353199.5259273
1725353199.5260544
1725353199.5261147
1725353199.5262272
1725353199.5263445
1725353199.5264728
1725353199.526531
1725353199.5265932
1725353199.5266733
1725353199.52676
1725353199.526868
1725353199.530553
1725353199.5327256
1725353199.5341377
1725353199.534196
1725353199.5343702
1725353199.5344284
1725353199.5345583
1725353199.5347333
1725353199.5348716
1725353199.5353386
1725353199.535398
1725353199.5354583
1725353199.535519
1725353199.5548122
1725353199.5568998
1725353199.5569544
1725353199.5570161
1725353199.5571082
1725353199.5571818
1725353199.5572436
1725353199.5573046
1725353199.5576127
1725353199.5576768
1725353199.5590637
1725353199.5591238
1725353199.5592942
1725353199.5593703
1725353199.5594308
1725353199.5594928
1725353199.559554
1725353199.5596175
1725353199.5596795
1725353199.55974
1725353199.559845
1725353199.5599184
1725353199.5604413
1725353199.562026
1725353199.5620887
1725353199.5621517
1725353199.5622082
1725353199.5622838
1725353199.562334
1725353199.5624027
1725353199.600147
1725353199.6002612
1725353199.6003346
1725353199.600395
1725353199.6004555
1725353199.6005168
1725353199.6007369
1725353199.6011376
1725353199.6019008
1725353199.601977
1725353199.6039517
1725353199.6039677
1725353199.6039839
1725353199.6041381
1725353199.6044436
1725353199.60485
1725353199.6096964
1725353199.6161642
1725353199.617179
1725353199.6174796
1725353199.619009
1725353199.6434336
1725353199.645181
1725353199.6457856
1725353199.8196452
1725353199.827634
1725353199.9255135
1725353199.9260914
1725353200.6677773
1725353200.6862428
1725353200.6884763
1725353200.6923397
1725353200.7289462
1725353200.9746914
1725353200.9886785
1725353200.996861
1725353201.0014324
1725353201.002387
1725353201.1716888
1725353201.1982777
1725353201.2132185
1725353201.2154636
1725353201.4151735
1725353201.469257
1725353201.4698496
1725353201.4704242
1725353201.4987004
1725353201.5571713
1725353201.5644233
1725353201.5663366
1725353201.5750694
1725353201.6184113
1725353201.8019187
1725353201.8135154
1725353201.814963
1725353201.8642771
1725353201.9108143
1725353201.9108417
1725353201.911036
1725353201.9503243
1725353202.086328
1725353202.1182735
1725353202.1204586
1725353202.1428974
1725353202.1640918
1725353202.184241
1725353202.1856697
1725353202.186604
1725353202.205878
1725353202.2355204
1725353202.2437704
1725353202.2611008
1725353202.2638044
1725353202.265465
1725353202.2703617
1725353202.3014429
1725353202.3452303
1725353202.3479173
1725353202.3485126
1725353202.3513823
1725353202.3527033
1725353202.4955406
1725353202.4966495
1725353202.515214
1725353202.516161
1725353202.534882
1725353202.5383444
1725353202.5817633
1725353202.583112
1725353202.5881495
1725353202.5919878
1725353202.5933585
1725353202.9998298
1725353203.0014174
1725353203.0033963
1725353203.0069273
1725353203.3428433
1725353203.3478193
1725353203.355097
1725353203.3848708
1725353203.433099
1725353203.4435098
1725353203.462786
1725353203.4871976
1725353203.489391
1725353203.4993403
1725353203.5007985
1725353203.5143487
1725353203.5183802
1725353203.5291336
1725353203.5583906
1725353203.5619102
1725353203.563467
1725353203.714063
1725353203.8136528
1725353203.8149421
1725353204.2528849
1725353204.2538838
1725353204.2571826
1725353204.3477383
1725353204.348334
1725353204.3596237
1725353204.388547
1725353204.3913114
1725353204.6296427
1725353204.6316662
1725353204.6325614
1725353204.6339731
1725353204.6430476
1725353204.6439288
1725353204.6451507
1725353204.853248
1725353205.022378
1725353205.0236168
1725353205.0249748
1725353205.0305018
1725353205.0400507
1725353205.0466118
1725353205.0475202
1725353205.0538607
1725353205.0556064
1725353205.0693889
1725353205.0704253
1725353205.2323692
1725353205.252681
1725353205.475676
1725353205.4780357
1725353205.4787037
1725353205.532384
1725353205.5368738
1725353205.5445378
1725353205.5450788
1725353205.5468864
1725353205.5929284
1725353205.8736725
1725353205.9710515
1725353206.0072348
1725353206.0092142
1725353206.0110683
1725353206.0277212
1725353206.0321507
1725353206.032679
1725353206.0345404
1725353206.067783
1725353206.126612
1725353206.127858
1725353206.2991743
1725353206.3869855
1725353206.5687947
1725353206.570231
1725353206.5825455
1725353206.5880508
1725353206.5914938
1725353206.5999496
1725353206.6294677
1725353206.6866608
1725353206.6909876
1725353206.6916187
1725353206.6932576
1725353206.7246203
1725353206.7267246
1725353206.898071
1725353206.899717
1725353206.9205756
1725353206.9233255
1725353206.997031
1725353207.0011992
1725353207.0143106
1725353207.0183532
1725353207.0377736
1725353207.0391748
1725353207.0417092
1725353207.2205808
1725353207.4219217
1725353207.4224443
1725353207.430255
1725353207.4355907
1725353207.4980798
1725353207.5060315
1725353207.5197725
1725353207.548367
1725353207.5498405
1725353207.5524085
1725353207.5953166
1725353207.5980122
1725353207.599395
1725353207.6127656
1725353207.6531565
1725353207.6536813
1725353207.6553848
1725353207.829527
1725353207.8504617
1725353207.8514023
1725353207.8661523
1725353207.8710055
1725353207.87232
1725353207.8974302
1725353207.9040234
1725353207.9055958
1725353207.907404
1725353207.908005
1725353207.9092405
1725353207.912523
1725353207.9203398
1725353208.0959902
1725353208.0991592
1725353208.1465547
1725353208.1725092
1725353208.1754296
1725353208.2525513
1725353208.259682
1725353208.265408
1725353208.2660291
1725353208.3290668
1725353208.3315537
1725353208.3495078
1725353208.3539076
1725353208.3687072
1725353208.3734233
1725353208.415062
1725353208.5493143
1725353208.5516748
1725353208.7751617
1725353208.7899032
1725353208.95428
1725353208.9549353
1725353209.240131
1725353209.2674558
1725353209.2881713
1725353209.290255
1725353209.3033226
1725353209.4130723
1725353209.4231555
1725353209.4428275
1725353209.475991
1725353209.4949174
1725353209.5523834
1725353209.5536537
1725353209.706397
1725353209.764429
1725353209.7961981
1725353209.8922236
1725353209.8937583
1725353209.970349
1725353209.9942162
1725353209.9988585
1725353210.0389564
1725353210.0727382
1725353210.0870585
1725353210.0975592
1725353210.0981414
1725353210.110388
1725353210.1143205
1725353210.1168692
1725353210.1244035
1725353210.1358035
1725353210.1363559
1725353210.1385589
1725353210.1562402
1725353210.1920214
1725353210.199075
1725353210.2174385
1725353210.2391093
1725353210.3896346
1725353210.3924656
1725353210.399957
1725353210.4221473
1725353210.4274828
1725353210.4281538
1725353210.4287953
1725353210.4375892
1725353210.4575615
1725353210.4624557
1725353210.4783382
1725353210.4955134
1725353210.5066226
1725353210.5240064
1725353210.538926
1725353210.5613508
1725353210.5765603
1725353210.605336
1725353210.6214037
1725353210.641787
1725353210.656203
1725353210.6673477
1725353210.684386
1725353210.699339
1725353210.716671
1725353210.7415442
1725353210.7693784
1725353210.7765577
1725353210.7905917
1725353210.8050382
1725353210.8260698
1725353210.8470275
1725353210.8583503
1725353210.87727
1725353210.8969345
1725353210.9125752
1725353210.9237304
1725353210.9458208
1725353210.9610536
1725353210.9782505
1725353210.9930432
1725353211.0055633
1725353211.0251262
1725353211.0603447
1725353211.0791671
1725353211.0914016
1725353211.1212416
1725353211.1258578
1725353211.1432922
1725353211.1637456
1725353211.1741645
1725353211.2163873
1725353211.222104
1725353211.236748
1725353211.2619097
1725353211.2879877
1725353211.3301182
1725353211.3459232
1725353211.376367
1725353211.3795176
1725353211.4398468
1725353211.447898
1725353211.4716735
1725353211.4982767
1725353211.5009205
1725353211.5087733
1725353211.5236504
1725353211.549287
1725353211.5620725
1725353211.5795488
1725353211.5932226
1725353211.6136007
1725353211.6503663
1725353211.6797204
1725353211.6985848
1725353211.719913
1725353211.726535
1725353211.7497213
1725353211.7568204
1725353211.78307
1725353211.8096704
1725353211.834097
1725353211.844944
1725353211.868666
1725353211.8804188
1725353211.8922691
1725353211.909292
1725353212.3673143
1725353212.370972
1725353212.3731458
1725353212.377261
1725353212.4245477
1725353212.4450843
1725353212.4456549
1725353212.4462075
1725353212.4469144
1725353212.4479303
1725353212.457869
1725353212.4596932
1725353212.4767141
1725353212.4781315
1725353212.4858196
1725353212.4997692
1725353212.5007823
1725353212.5019164
1725353212.5172248
1725353212.536038
1725353212.684384
1725353212.6863105
1725353212.7101438
1725353212.7139044
1725353212.720933
1725353212.722491
1725353212.7247002
1725353212.7274303
1725353212.7352784
1725353212.7429023
1725353212.7586987
1725353212.7719254
1725353212.79234
1725353212.814107
1725353212.829237
1725353212.8442898
1725353212.859482
1725353212.8779085
1725353212.9002228
1725353212.910797
1725353212.9389632
1725353212.9464502
1725353212.9647171
1725353212.9810328
1725353213.0183234
1725353213.0304291
1725353213.0472903
1725353213.0579047
1725353213.0814352
1725353213.09807
1725353213.1324046
1725353213.1406274
1725353213.1703045
1725353213.186479
1725353213.2018046
1725353213.213239
1725353213.230097
1725353213.2507834
1725353213.2687266
1725353213.2831914
1725353213.2976325
1725353213.3209205
1725353213.3309472
1725353213.3715405
1725353213.3902318
1725353213.4022956
1725353213.4235861
1725353213.4328957
1725353213.44903
1725353213.4730814
1725353213.5022764
1725353213.5304608
1725353213.5425718
1725353213.553776
1725353213.5881884
1725353213.6034248
1725353213.6270597
1725353213.6366763
1725353213.677205
1725353213.6886342
1725353213.7002208
1725353213.7195642
1725353213.7313182
1725353213.7551363
1725353213.7796583
1725353213.8041482
1725353213.8278348
1725353213.8321958
1725353213.846656
1725353213.8608012
1725353213.887061
1725353213.8942697
1725353213.91139
1725353213.951155
1725353213.9613407
1725353213.9765306
1725353213.9924312
1725353214.0136106
1725353214.0283341
1725353214.0463853
1725353214.0646133
1725353214.09382
1725353214.1018856
1725353214.1196012
1725353214.1344657
1725353214.1463883
1725353214.1598542
1725353214.176904
1725353214.1997366
1725353214.2126417
1725353214.2372465
1725353214.2571878
1725353214.2682345
1725353214.290064
1725353214.3039181
1725353214.321402
1725353214.3396156
1725353214.3497164
1725353214.3711245
1725353214.405675
1725353214.4260712
1725353214.4411128
1725353214.4544368
1725353214.4665565
1725353214.4878275
1725353214.5037081
1725353214.5244071
1725353214.5695798
1725353214.582971
1725353214.587548
1725353214.6036203
1725353214.641988
1725353214.6831312
1725353214.6958113
1725353214.716909
1725353214.7291763
1725353214.7763958
1725353214.7913535
1725353214.8117797
1725353214.8488138
1725353214.8587787
1725353214.8615844
1725353214.8748064
1725353214.8938565
1725353214.9057944
1725353214.925788
1725353214.9368694
1725353214.9592495
1725353214.9903617
1725353215.0244844
1725353215.0332005
1725353215.0639503
1725353215.0735521
1725353215.086979
1725353215.1038978
1725353215.1270952
1725353215.1622016
1725353215.181429
1725353215.199152
1725353215.212547
1725353215.2291489
1725353215.243885
1725353215.2655342
1725353215.2783012
1725353215.2962704
1725353215.3127193
1725353215.3288603
1725353215.3455296
1725353215.3616862
1725353215.3806021
1725353215.390944
1725353215.4346318
1725353215.455742
1725353215.46696
1725353215.482292
1725353215.494242
1725353215.508317
1725353215.5209463
1725353215.5388134
1725353215.565018
1725353215.5794075
1725353215.6130118
1725353215.6448054
1725353215.6613119
1725353215.679231
1725353215.692177
1725353215.7183218
1725353215.7312799
1725353215.7469103
1725353215.7827504
1725353215.7990441
1725353215.8130565
1725353215.8309233
1725353215.8617055
1725353215.8965049
1725353215.9080029
1725353215.925537
1725353215.9613266
1725353215.9771059
1725353215.9876192
1725353216.0217092
1725353216.0383093
1725353216.0641425
1725353216.0791035
1725353216.09084
1725353216.1091192
1725353216.12529
1725353216.1462336
1725353216.1616418
1725353216.182044
1725353216.2012062
1725353216.2204533
1725353216.2301173
1725353216.2514653
1725353216.2800674
1725353216.2887588
1725353216.2972898
1725353216.3206458
1725353216.3527775
1725353216.3686936
1725353216.3871286
1725353216.4011142
1725353216.4179928
1725353216.4330008
1725353216.4487698
1725353216.4867258
1725353216.5068498
1725353216.5210207
1725353216.5457983
1725353216.556169
1725353216.5758958
1725353216.5919628
1725353216.6095037
1725353216.630012
1725353216.6432593
1725353216.6599865
1725353216.6745274
1725353216.7124002
1725353216.7257364
1725353216.741331
1725353216.7672133
1725353216.7858555
1725353216.7955394
1725353216.8124332
1725353216.849639
1725353216.8722403
1725353216.8821611
1725353216.9011345
1725353217.1378465
1725353217.1413574
1725353217.147506
1725353217.1486034
1725353217.1587033
1725353217.165471
1725353217.1910644
1725353217.1954725
1725353217.2133298
1725353217.2268841
1725353217.2416375
1725353217.2598152
1725353217.2813492
1725353217.308294
1725353217.3327885
1725353217.3552606
1725353217.3662374
1725353217.3888295
1725353217.3992152
1725353217.4174187
1725353217.4340167
1725353217.4496448
1725353217.4763105
1725353217.4852743
1725353217.5017073
1725353217.515544
1725353217.5314546
1725353217.558009
1725353217.5661855
1725353217.7834668
1725353217.7921839
1725353217.7942743
1725353217.7953277
1725353217.7967756
1725353217.8073974
1725353217.8083339
1725353217.8206186
1725353217.8272634
1725353217.8374941
1725353217.843241
1725353217.861419
1725353217.87371
1725353217.8894565
1725353218.1446614
1725353218.1446931
1725353218.1447175
1725353218.1450567
1725353218.1652918
1725353218.1678317
1725353218.1796792
1725353218.2138307
1725353218.2165027
1725353218.362476
1725353218.3648841
1725353218.3865747
1725353218.3966546
1725353218.3980184
1725353218.4026148
1725353218.406091
1725353218.4174263
1725353218.4185538
1725353218.4259276
1725353218.4416127
1725353218.452472
1725353218.4761548
1725353218.4953988
1725353218.526797
1725353218.5517282
1725353218.56605
1725353218.5816197
1725353218.6068206
1725353218.620101
1725353218.639766
1725353218.656325
1725353218.6650107
1725353218.6847618
1725353218.831555
1725353218.8339925
1725353218.8559566
1725353218.8926036
1725353218.8965728
1725353218.9010706
1725353218.9078648
1725353218.9127872
1725353218.919563
1725353218.921634
1725353218.9295948
1725353218.9366567
1725353218.955644
1725353218.9871662
1725353219.0203662
1725353219.0340276
1725353219.0495646
1725353219.07422
1725353219.0834348
1725353219.10805
1725353219.12477
1725353219.3024948
1725353219.3063836
1725353219.3075376
1725353219.3363605
1725353219.3412528
1725353219.3484607
1725353219.3503947
1725353219.352156
1725353219.3612728
1725353219.37699
1725353219.4034538
1725353219.4211564
1725353219.441304
1725353219.4637632
1725353219.472586
1725353219.511194
1725353219.5148785
1725353219.5253873
1725353219.5477543
1725353219.5587134
1725353219.5855799
1725353219.6015277
1725353219.624878
1725353219.6331413
1725353219.668768
1725353219.6764987
1725353219.682823
1725353219.8340967
1725353219.8354037
1725353219.8413222
1725353219.8499062
1725353219.8616645
1725353219.874864
1725353219.8763084
1725353219.8809474
1725353219.8895326
1725353219.8996713
1725353219.915798
1725353219.931826
1725353219.9567583
1725353219.9702926
1725353219.985221
1725353219.9999793
1725353220.0204592
1725353220.0379212
1725353220.0564587
1725353220.0905511
1725353220.1028812
1725353220.1184297
1725353220.145653
1725353220.1591916
1725353220.1763906
1725353220.1892009
1725353220.3677099
1725353220.3706255
1725353220.3807287
1725353220.391181
1725353220.3950272
1725353220.407226
1725353220.422388
1725353220.625681
1725353220.6470046
1725353220.6492126
1725353220.6528149
1725353220.654198
1725353220.6554964
1725353220.6564016
1725353220.670905
1725353220.6748288
1725353220.689591
1725353220.7033954
1725353220.7219207
1725353220.7404816
1725353220.7534564
1725353220.7693973
1725353220.790981
1725353220.817465
1725353220.8342733
1725353220.8428261
1725353220.8678527
1725353220.886908
1725353220.8979926
1725353220.9128888
1725353220.930179
1725353220.9452658
1725353220.9774213
1725353220.9980915
1725353221.0083456
1725353221.0262444
1725353221.0401523
1725353221.0681427
1725353221.0807478
1725353221.0984716
1725353221.2552326
1725353221.2604733
1725353221.2692323
1725353221.2719097
1725353221.2739656
1725353221.276097
1725353221.2802477
1725353221.2873805
1725353221.3244264
1725353221.3312461
1725353221.534135
1725353221.535194
1725353221.53997
1725353221.558818
1725353221.5845814
1725353221.5873914
1725353221.6087284
1725353221.6092834
1725353221.6220558
1725353221.6375089
1725353221.6654024
1725353221.812238
1725353221.8138099
1725353221.8294277
1725353221.8399148
1725353221.8524382
1725353221.85391
1725353221.8553455
1725353221.859913
1725353221.863272
1725353221.875486
1725353221.8941553
1725353221.9235396
1725353221.9401674
1725353221.9584975
1725353221.980212
1725353221.9917035
1725353222.0089524
1725353222.0232584
1725353222.0444164
1725353222.059833
1725353222.0835438
1725353222.0938158
1725353222.1057038
1725353222.1221793
1725353222.1410162
1725353222.1541417
1725353222.2030132
1725353222.2111156
1725353222.227662
1725353222.240916
1725353222.2561607
1725353222.278829
1725353222.2992344
1725353222.3134117
1725353222.3425932
1725353222.3509681
1725353222.3800561
1725353222.432743
1725353222.4355853
1725353222.4391131
1725353222.458838
1725353222.4779
1725353222.4929638
1725353222.5104375
1725353222.5421033
1725353222.5588965
1725353222.5738592
1725353222.5979183
1725353222.649874
1725353222.6626825
1725353222.8846033
1725353222.8905356
1725353222.9013948
1725353222.903564
1725353222.904349
1725353222.9070847
1725353222.9123828
1725353222.9272134
1725353222.9286878
1725353222.9440808
1725353222.9513268
1725353222.9711666
1725353222.9874945
1725353223.0045564
1725353223.0187628
1725353223.1867023
1725353223.1935184
1725353223.203767
1725353223.206782
1725353223.2102127
1725353223.212451
1725353223.2193973
1725353223.2295806
1725353223.2354221
1725353223.2740264
1725353223.2838027
1725353223.3003685
1725353223.5679724
1725353223.5782053
1725353223.5793753
1725353223.58399
1725353223.5891616
1725353223.6063101
1725353223.634693
1725353223.656779
1725353223.6769981
1725353223.6930802
1725353223.7234797
1725353223.7584627
1725353223.7740808
1725353223.7818453
1725353223.9716172
1725353223.9898596
1725353223.9906175
1725353223.9930182
1725353223.9981968
1725353223.9997234
1725353224.0014207
1725353224.0047026
1725353224.0081995
1725353224.0103893
1725353224.019219
1725353224.037856
1725353224.0544832
1725353224.0638874
1725353224.0991337
1725353224.1187775
1725353224.1335716
1725353224.1548228
1725353224.1701002
1725353224.187477
1725353224.3487837
1725353224.354602
1725353224.3570604
1725353224.3610816
1725353224.363678
1725353224.3781095
1725353224.3823838
1725353224.3934212
1725353224.4029438
1725353224.6112382
1725353224.6153266
1725353224.619077
1725353224.6329186
1725353224.6350985
1725353224.6368623
1725353224.6499205
1725353224.6575282
1725353224.680223
1725353224.7142515
1725353224.7268517
1725353224.738292
1725353224.754104
1725353224.7887337
1725353224.8333652
1725353224.853567
1725353224.8860197
1725353224.8892949
1725353224.9319637
1725353224.946848
1725353224.9643848
1725353225.0004122
1725353225.00806
1725353225.0118682
1725353225.025266
1725353225.044332
1725353225.0582728
1725353225.074533
1725353225.092236
1725353225.1133902
1725353225.1415792
1725353225.19133
1725353225.1994195
1725353225.213925
1725353225.2291155
1725353225.2411845
1725353225.2562528
1725353225.2727501
1725353225.3146667
1725353225.3314564
1725353225.3437088
1725353225.3691459
1725353225.3800511
1725353225.3996701
1725353225.4176028
1725353225.4276795
1725353225.447518
1725353225.4690511
1725353225.482431
1725353225.5020177
1725353225.5134966
1725353225.5318694
1725353225.5439312
1725353225.5929594
1725353225.6122277
1725353225.6264117
1725353225.6393085
1725353225.6575096
1725353225.6764932
1725353225.704567
1725353225.7202303
1725353225.73598
1725353225.7438927
1725353225.7838354
1725353225.8208647
1725353225.8328648
1725353225.8500135
1725353225.866691
1725353225.891138
1725353225.8999102
1725353225.9275167
1725353225.954578
1725353225.9672096
1725353225.982728
1725353226.007742
1725353226.0405746
1725353226.0816472
1725353226.089969
1725353226.100815
1725353226.142075
1725353226.155125
1725353226.165036
1725353226.200737
1725353226.2147238
1725353226.236715
1725353226.25319
1725353226.2689683
1725353226.2901971
1725353226.309818
1725353226.32596
1725353226.3421097
1725353226.355098
1725353226.3697171
1725353226.3874066
1725353226.4010596
1725353226.4233234
1725353226.443012
1725353226.4534461
1725353226.4681644
1725353226.4843292
1725353226.5288553
1725353226.5361326
1725353226.5545928
1725353226.5730689
1725353226.586904
1725353226.6083262
1725353226.6158102
1725353226.657955
1725353226.6732428
1725353226.6893632
1725353226.70353
1725353226.729325
1725353226.7545512
1725353226.7692864
1725353226.778598
1725353226.7973378
1725353227.0193858
1725353227.026499
1725353227.0416515
1725353227.0469635
1725353227.0679765
1725353227.0940707
1725353227.1101325
1725353227.1297784
1725353227.1496663
1725353227.1796887
1725353227.1976295
1725353227.2128434
1725353227.2246063
1725353227.2445714
1725353227.2600965
1725353227.2911117
1725353227.3076153
1725353227.3247962
1725353227.3451343
1725353227.3587737
1725353227.371988
1725353227.392126
1725353227.4112604
1725353227.4270616
1725353227.457341
1725353227.473107
1725353227.4896572
1725353227.5096822
1725353227.5233839
1725353227.5387712
1725353227.5530047
1725353227.5739706
1725353227.5926392
1725353227.6100354
1725353227.6170726
1725353227.6320033
1725353227.6510177
1725353227.6677952
1725353227.6820412
1725353227.703843
1725353227.7210803
1725353227.7349372
1725353227.7512565
1725353227.7645488
1725353227.7961657
1725353227.804137
1725353227.8193796
1725353227.840153
1725353227.85534
1725353227.874346
1725353227.9065244
1725353227.9234986
1725353227.937948
1725353227.9576147
1725353227.968345
1725353227.9858491
1725353228.0087273
1725353228.0186002
1725353228.0648806
1725353228.072941
1725353228.0847828
1725353228.1043909
1725353228.1311123
1725353228.178395
1725353228.2078779
1725353228.2258968
1725353228.2272208
1725353228.2644196
1725353228.2831483
1725353228.302008
1725353228.3470397
1725353228.3587875
1725353228.3588889
1725353228.3671615
1725353228.3832126
1725353228.3964524
1725353228.4235435
1725353228.4368587
1725353228.4539516
1725353228.498902
1725353228.5494003
1725353228.5533767
1725353228.5803862
1725353228.5948935
1725353228.6063356
1725353228.6277075
1725353228.6499794
1725353228.6791275
1725353228.702482
1725353228.721253
1725353228.73471
1725353228.7492816
1725353228.7671924
1725353228.787183
1725353228.799054
1725353228.8202784
1725353228.8401802
1725353228.8487425
1725353228.8790941
1725353228.889663
1725353228.900002
1725353228.919984
1725353228.960205
1725353228.980315
1725353228.995469
1725353229.009979
1725353229.023514
1725353229.211154
1725353229.212548
1725353229.2291918
1725353229.2302856
1725353229.2431812
1725353229.267357
1725353229.274512
1725353229.2768486
1725353229.2943184
1725353229.2953987
1725353229.4956968
1725353229.4968505
1725353229.5249758
1725353229.5357597
1725353229.5399892
1725353229.7095125
1725353229.7115397
1725353229.713774
1725353229.7177153
1725353229.7226195
1725353229.7360868
1725353229.7467225
1725353229.74767
1725353229.76664
1725353229.7756147
1725353229.788869
1725353229.813412
1725353229.828143
1725353229.8400621
1725353229.859094
1725353229.9000678
1725353229.9080958
1725353230.0550442
1725353230.077387
1725353230.0872893
1725353230.1064382
1725353230.1092591
1725353230.1119025
1725353230.1202962
1725353230.1210647
1725353230.1364367
1725353230.1432087
1725353230.1441271
1725353230.1481488
1725353230.1694396
1725353230.183502
1725353230.2005084
1725353230.2220044
1725353230.2478242
1725353230.2705352
1725353230.2856874
1725353230.3109975
1725353230.3184583
1725353230.3316383
1725353230.5944312
1725353230.599103
1725353230.6081843
1725353230.616473
1725353230.6208355
1725353230.63895
1725353230.6470702
1725353230.6775982
1725353230.70287
1725353230.7148125
1725353230.7310798
1725353230.7407112
1725353230.7589316
1725353230.7855413
1725353230.7953348
1725353230.815023
1725353230.8484576
1725353230.8705003
1725353230.891544
1725353230.908659
1725353230.9159052
1725353230.936885
1725353230.952526
1725353230.9664857
1725353230.9873362
1725353231.0008945
1725353231.0162013
1725353231.2332172
1725353231.2353835
1725353231.2366486
1725353231.2397084
1725353231.2470958
1725353231.2494051
1725353231.2518537
1725353231.2528732
1725353231.2647946
1725353231.2720861
1725353231.2882445
1725353231.3145761
1725353231.3350246
1725353231.3412542
1725353231.3584826
1725353231.3721344
1725353231.394949
1725353231.414545
1725353231.4296465
1725353231.4746938
1725353231.4792545
1725353231.4897156
1725353231.5042949
1725353231.540508
1725353231.5805027
1725353231.6056945
1725353231.622855
1725353231.6297927
1725353231.6696012
1725353231.6869261
1725353231.7110808
1725353231.7561567
1725353231.7570317
1725353231.7668386
1725353231.7827663
1725353231.7889686
1725353231.8065662
1725353231.9735448
1725353231.975588
1725353231.9769828
1725353231.9946163
1725353232.0158389
1725353232.0251968
1725353232.0264525
1725353232.0284088
1725353232.0291471
1725353232.0304897
1725353232.0315993
1725353232.0540617
1725353232.0936272
1725353232.0957317
1725353232.103984
1725353232.1167579
1725353232.1366937
1725353232.1559668
1725353232.1667778
1725353232.1922553
1725353232.205164
1725353232.2227783
1725353232.399529
1725353232.400822
1725353232.4041255
1725353232.4211202
1725353232.4299717
1725353232.4346676
1725353232.4380827
1725353232.4449315
1725353232.4471042
