2024-09-03 16:32:20
../stream-replay/logs/stuttering-6205.txt
1725352271.3187065
1725352271.3289154
1725352271.3292558
1725352271.3304214
1725352271.3308194
1725352271.3359919
1725352271.336782
1725352271.3698204
1725352271.370295
1725352271.3708935
1725352271.386066
1725352271.3863084
1725352271.3868947
1725352271.406953
1725352271.4078567
1725352271.4084003
1725352271.4179296
1725352271.4183357
1725352271.4195766
1725352271.4278228
1725352271.4281645
1725352271.4288816
1725352271.430386
1725352271.4388604
1725352271.4407823
1725352271.4412673
1725352271.5213852
1725352271.5217097
1725352271.5635946
1725352271.5647733
1725352271.6254985
1725352271.6262276
1725352271.6272924
1725352271.6279433
1725352271.6962824
1725352271.6969478
1725352271.7598712
1725352271.7605472
1725352271.8264995
1725352271.826515
1725352271.8266697
1725352271.8280659
1725352271.8379228
1725352271.88871
1725352272.0100956
1725352272.0116131
1725352272.0360577
1725352272.036759
1725352272.0374894
1725352272.118568
1725352272.11921
1725352272.1192935
1725352272.1395214
1725352272.140047
1725352272.1414058
1725352272.1416957
1725352272.160499
1725352272.161451
1725352272.2349405
1725352272.2361896
1725352272.2834048
1725352272.3218443
1725352272.3224285
1725352272.32425
1725352272.3331525
1725352272.3337512
1725352272.3449934
1725352272.345753
1725352272.346151
1725352272.3551438
1725352272.355642
1725352272.3698242
1725352272.393706
1725352272.4421482
1725352272.443185
1725352272.4502785
1725352272.46027
1725352272.4717758
1725352272.534032
1725352272.5345466
1725352272.6619103
1725352272.7935188
1725352272.794412
1725352272.794915
1725352272.7954104
1725352272.8368795
1725352272.8373318
1725352272.83898
1725352272.8551466
1725352272.8553512
1725352272.87457
1725352272.8752325
1725352272.8765938
1725352272.876992
1725352272.8900633
1725352272.89064
1725352272.8918033
1725352272.9299748
1725352272.931368
1725352272.9318151
1725352272.9328117
1725352273.0136085
1725352273.0160444
1725352273.0342216
1725352273.0343442
1725352273.0352468
1725352273.0712879
1725352273.1285913
1725352273.1293309
1725352273.140513
1725352273.1758523
1725352273.1767004
1725352273.2030272
1725352273.2037873
1725352273.2170808
1725352273.2695374
1725352273.2707458
1725352273.271664
1725352273.3931534
1725352273.3938596
1725352273.3950686
1725352273.3957207
1725352273.4365928
1725352273.441736
1725352273.4426103
1725352273.4431453
1725352273.4568272
1725352273.4745593
1725352273.4752882
1725352273.5047958
1725352273.5052898
1725352273.5312803
1725352273.540523
1725352273.5816271
1725352273.5941896
1725352273.6162684
1725352273.7406738
1725352273.7413197
1725352273.7414286
1725352273.750556
1725352273.751261
1725352273.7518725
1725352273.781271
1725352273.7816563
1725352273.7820394
1725352273.782493
1725352273.8161163
1725352273.883132
1725352273.8844163
1725352273.891834
1725352273.8920639
1725352273.892432
1725352273.913623
1725352273.9441621
1725352273.968104
1725352273.9770646
1725352274.0151215
1725352274.0263255
1725352274.072938
1725352274.0733721
1725352274.0743175
1725352274.1225338
1725352274.1245222
1725352274.226238
1725352274.2266076
1725352274.227709
1725352274.2280846
1725352274.2319822
1725352274.30419
1725352274.305046
1725352274.3545024
1725352274.3549201
1725352274.3550608
1725352274.3555865
1725352274.3564565
1725352274.3777392
1725352274.3971603
1725352274.420656
1725352274.421375
1725352274.4596162
1725352274.4596822
1725352274.4858954
1725352274.4869103
1725352274.5059783
1725352274.5215106
1725352274.5985587
1725352274.5992434
1725352274.6002429
1725352274.6009343
1725352274.6016529
1725352274.6361198
1725352274.6364958
1725352274.6690993
1725352274.671458
1725352274.7187088
1725352274.7198224
1725352274.7209616
1725352274.734383
1725352274.768359
1725352274.7692318
1725352274.8045337
1725352274.8051984
1725352274.9231114
1725352274.9242945
1725352274.9248462
1725352274.9317372
1725352274.9320803
1725352274.9327579
1725352274.9331374
1725352274.982042
1725352274.984851
1725352275.0386891
1725352275.0387092
1725352275.038719
1725352275.1638892
1725352275.1655293
1725352275.1843188
1725352275.2722068
1725352275.2725682
1725352275.2736444
1725352275.2743979
1725352275.2869747
1725352275.287224
1725352275.2874837
1725352275.287843
1725352275.304872
1725352275.3635678
1725352275.3636432
1725352275.3666859
1725352275.3711348
1725352275.4368808
1725352275.4376655
1725352275.4499605
1725352275.481496
1725352275.4824846
1725352275.4952025
1725352275.533345
1725352275.5336525
1725352275.5694487
1725352275.5808177
1725352275.628677
1725352275.6296802
1725352275.6305287
1725352275.6799052
1725352275.6800041
1725352275.680171
1725352275.6989536
1725352275.7437477
1725352275.7444358
1725352275.7519197
1725352275.7696059
1725352275.807725
1725352275.80792
1725352275.8546848
1725352275.8561196
1725352275.869646
1725352275.8799632
1725352275.9890504
1725352275.9893384
1725352275.9899132
1725352275.9904025
1725352275.99071
1725352275.9911778
1725352275.994187
1725352276.0387979
1725352276.1249678
1725352276.1252546
1725352276.1256273
1725352276.1259875
1725352276.126958
1725352276.1452708
1725352276.1586802
1725352276.2144628
1725352276.2146816
1725352276.2272449
1725352276.263909
1725352276.2803395
1725352276.3479934
1725352276.3486128
1725352276.3486829
1725352276.3816283
1725352276.3968909
1725352276.4083345
1725352276.4415085
1725352276.4533708
1725352276.478695
1725352276.4905381
1725352276.5074325
1725352276.535055
1725352276.5372958
1725352276.5521765
1725352276.5908728
1725352276.5911257
1725352276.6677442
1725352276.6680584
1725352276.6684096
1725352276.668752
1725352276.6718848
1725352276.7116277
1725352276.7119422
1725352276.719188
1725352276.823761
1725352276.823977
1725352276.824343
1725352276.8246546
1725352276.8250294
1725352276.9450638
1725352276.9453325
1725352276.9456863
1725352276.9843972
1725352276.9846568
1725352276.9849203
1725352276.9851775
1725352276.9855535
1725352276.987516
1725352277.003163
1725352277.023032
1725352277.0735774
1725352277.0738502
1725352277.0741096
1725352277.1212695
1725352277.1248078
1725352277.2455263
1725352277.2458937
1725352277.2462914
1725352277.2466786
1725352277.2471507
1725352277.2473717
1725352277.2600813
1725352277.2729437
1725352277.444143
1725352277.4444585
1725352277.4448285
1725352277.4450998
1725352277.445707
1725352277.4509642
1725352277.4566264
1725352277.456848
1725352277.4808335
1725352277.4977539
1725352277.502382
1725352277.5624845
1725352277.564315
1725352277.6069765
1725352277.6071632
1725352277.607359
1725352277.6580966
1725352277.6583896
1725352277.6599765
1725352277.6695478
1725352277.716006
1725352277.7163897
1725352277.7732694
1725352277.773472
1725352277.7736588
1725352277.7843802
1725352277.8754187
1725352277.8756242
1725352277.8759933
1725352277.8762112
1725352277.8764112
1725352277.8896582
1725352277.9035325
1725352277.9222093
1725352277.950147
1725352277.9501805
1725352278.0027559
1725352278.0029514
1725352278.003153
1725352278.0203755
1725352278.0348542
1725352278.0590496
1725352278.0741675
1725352278.0980773
1725352278.1158948
1725352278.1259027
1725352278.1777453
1725352278.1778324
1725352278.1885185
1725352278.2058723
1725352278.243941
1725352278.2441359
1725352278.2533169
1725352278.2789297
1725352278.3285003
1725352278.328726
1725352278.356814
1725352278.356841
1725352278.404865
1725352278.4946046
1725352278.4950862
1725352278.4961135
1725352278.4963162
1725352278.5270708
1725352278.593307
1725352278.5933897
1725352278.5949788
1725352278.5955617
1725352278.6078148
1725352278.6303706
1725352278.6568065
1725352278.6568458
1725352278.6914256
1725352278.6915781
1725352278.7099628
1725352278.7511175
1725352278.791434
1725352278.7915983
1725352278.806639
1725352278.841214
1725352278.8413365
1725352278.864073
1725352278.8758245
1725352278.9190464
1725352278.9287663
1725352278.9464483
1725352279.0184295
1725352279.01857
1725352279.0187063
1725352279.0188415
1725352279.0189626
1725352279.0376797
1725352279.0593388
1725352279.0936232
1725352279.0937397
1725352279.1360629
1725352279.136159
1725352279.1379805
1725352279.2188206
1725352279.2190826
1725352279.2192247
1725352279.2304094
1725352279.2626903
1725352279.2628024
1725352279.2788866
1725352279.2861543
1725352279.307832
1725352279.3239784
1725352279.3621995
1725352279.3974347
1725352279.4014912
1725352279.4204857
1725352279.4760134
1725352279.4771187
1725352279.4862592
1725352279.4977047
1725352279.5339525
1725352279.5345128
1725352279.5631094
1725352279.56618
1725352279.6056545
1725352279.634605
1725352279.6547492
1725352279.679156
1725352279.703988
1725352279.734307
1725352279.7474654
1725352279.768765
1725352279.785008
1725352279.81127
1725352279.8233101
1725352279.8362963
1725352279.8549187
1725352279.8791437
1725352279.8892148
1725352279.9126248
1725352279.9221997
1725352279.9375718
1725352279.9527044
1725352279.9748125
1725352279.995325
1725352280.0058784
1725352280.0217144
1725352280.0357897
1725352280.054168
1725352280.0887718
1725352280.1034768
1725352280.1225839
1725352280.137987
1725352280.1541986
1725352280.17213
1725352280.1938975
1725352280.225016
1725352280.2321959
1725352280.2482114
1725352280.2673886
1725352280.2979538
1725352280.3118575
1725352280.325038
1725352280.331161
1725352280.3493907
1725352280.3645086
1725352280.3800783
1725352280.39779
1725352280.4304316
1725352280.4503644
1725352280.4673975
1725352280.4803712
1725352280.5010872
1725352280.5129788
1725352280.5295916
1725352280.5616558
1725352280.579309
1725352280.605981
1725352280.6289847
1725352280.6455274
1725352280.6598592
1725352280.6766117
1725352280.695181
1725352280.7304287
1725352280.7483106
1725352280.771718
1725352280.7805085
1725352280.7964783
1725352280.8123908
1725352280.847889
1725352280.906583
1725352280.9100215
1725352280.9124641
1725352280.91525
1725352280.9284935
1725352280.9515831
1725352280.964917
1725352280.9793518
1725352281.0182493
1725352281.0283413
1725352281.0436957
1725352281.067767
1725352281.0790522
1725352281.0954442
1725352281.1120749
1725352281.134131
1725352281.151076
1725352281.1649842
1725352281.1765459
1725352281.1964285
1725352281.2146826
1725352281.2296026
1725352281.2472653
1725352281.260839
1725352281.27664
1725352281.2956219
1725352281.319109
1725352281.32769
1725352281.345859
1725352281.361111
1725352281.3722043
1725352281.3905518
1725352281.4061694
1725352281.4284434
1725352281.4795752
1725352281.4841824
1725352281.5018482
1725352281.5145397
1725352281.5280027
1725352281.5452924
1725352281.5601315
1725352281.5785477
1725352281.6236088
1725352281.6395993
1725352281.6434271
1725352281.658815
1725352281.6897507
1725352281.73
1725352281.7541318
1725352281.7864006
1725352281.7875197
1725352281.8330512
1725352281.852028
1725352281.9019003
1725352281.9151475
1725352281.9158022
1725352281.9180765
1725352281.9335518
1725352281.9522772
1725352281.968243
1725352281.983561
1725352281.9990222
1725352282.0229204
1725352282.0805497
1725352282.089534
1725352282.0969741
1725352282.1245577
1725352282.142337
1725352282.1526277
1725352282.1626022
1725352282.1794336
1725352282.222255
1725352282.2455006
1725352282.2599905
1725352282.265398
1725352282.2873054
1725352282.2986383
1725352282.313809
1725352282.3349073
1725352282.3497474
1725352282.3685076
1725352282.3881798
1725352282.400433
1725352282.4171329
1725352282.4385746
1725352282.4562335
1725352282.504912
1725352282.5232503
1725352282.5339682
1725352282.5375834
1725352282.570591
1725352282.579302
1725352282.5856729
1725352282.604512
1725352282.6182396
1725352282.6372197
1725352282.6858592
1725352282.7017057
1725352282.7180119
1725352282.7365105
1725352282.7517405
1725352282.7670681
1725352282.7957497
1725352282.8038876
1725352282.851684
1725352282.8567345
1725352282.8682895
1725352282.8849444
1725352282.9376879
1725352282.976271
1725352282.976954
1725352282.9897907
1725352283.021114
1725352283.044029
1725352283.063056
1725352283.0862954
1725352283.1035159
1725352283.115842
1725352283.132453
1725352283.1468942
1725352283.167321
1725352283.1827822
1725352283.1982527
1725352283.213983
1725352283.2323575
1725352283.2453837
1725352283.2730947
1725352283.2788212
1725352283.3030312
1725352283.3127787
1725352283.3355865
1725352283.3474195
1725352283.3688433
1725352283.4019153
1725352283.413956
1725352283.4293115
1725352283.444802
1725352283.4625041
1725352283.48745
1725352283.4942503
1725352283.5266314
1725352283.5424707
1725352283.558513
1725352283.5804284
1725352283.5906181
1725352283.6116698
1725352283.6248574
1725352283.6403365
1725352283.6629252
1725352283.6819093
1725352283.6928873
1725352283.7051013
1725352283.7423577
1725352283.7609875
1725352283.7836442
1725352283.7992487
1725352283.813138
1725352283.821568
1725352283.8381257
1725352283.8695211
1725352283.8884506
1725352283.9137635
1725352283.9234705
1725352283.9558597
1725352283.968958
1725352283.9867556
1725352284.0025065
1725352284.0419407
1725352284.0658567
1725352284.0743737
1725352284.087628
1725352284.1071434
1725352284.1166546
1725352284.1633234
1725352284.1713746
1725352284.1987185
1725352284.201768
1725352284.2144334
1725352284.231239
1725352284.253254
1725352284.2725182
1725352284.281051
1725352284.3200824
1725352284.33089
1725352284.3590293
1725352284.362648
1725352284.3794117
1725352284.3959196
1725352284.4117491
1725352284.4327447
1725352284.4471264
1725352284.461909
1725352284.4818513
1725352284.4955533
1725352284.51391
1725352284.5296118
1725352284.5552201
1725352284.5601652
1725352284.5770152
1725352284.595676
1725352284.6210408
1725352284.6328561
1725352284.6450486
1725352284.6614795
1725352284.6741614
1725352284.6979635
1725352284.7116692
1725352284.7290595
1725352284.7596743
1725352284.7899044
1725352284.8011873
1725352284.824918
1725352284.827208
1725352284.8397565
1725352284.8563216
1725352284.871097
1725352284.9202766
1725352284.9293985
1725352284.9408486
1725352284.9525442
1725352284.9837193
1725352285.0335605
1725352285.08959
1725352285.0942533
1725352285.1169112
1725352285.1266303
1725352285.136752
1725352285.1949964
1725352285.1955876
1725352285.2033105
1725352285.2191238
1725352285.2208202
1725352285.2375216
1725352285.2638175
1725352285.2676303
1725352285.2832863
1725352285.3147464
1725352285.333264
1725352285.36777
1725352285.4001439
1725352285.4014595
1725352285.4161592
1725352285.4318886
1725352285.4558651
1725352285.4688458
1725352285.5334744
1725352285.557459
1725352285.5586903
1725352285.5749502
1725352285.5841103
1725352285.6017983
1725352285.6126418
1725352285.6308246
1725352285.641166
1725352285.6655707
1725352285.6756878
1725352285.6903212
1725352285.706563
1725352285.7285697
1725352285.7389858
1725352285.8069715
1725352285.8105557
1725352285.8277802
1725352285.83333
1725352285.849396
1725352285.859644
1725352285.8737519
1725352285.8980546
1725352285.909724
1725352285.933551
1725352285.9729068
1725352285.989376
1725352286.0062907
1725352286.0208774
1725352286.0449944
1725352286.0564308
1725352286.0728588
1725352286.0898767
1725352286.1344635
1725352286.152251
1725352286.157499
1725352286.17372
1725352286.2214274
1725352286.2483723
1725352286.264635
1725352286.28084
1725352286.304054
1725352286.3281891
1725352286.338199
1725352286.36836
1725352286.3893695
1725352286.408066
1725352286.417531
1725352286.4543197
1725352286.4574897
1725352286.4837708
1725352286.484879
1725352286.5075731
1725352286.5178483
1725352286.5344958
1725352286.5616753
1725352286.5646594
1725352286.583914
1725352286.6017487
1725352286.6264384
1725352286.6366944
1725352286.655936
1725352286.7011871
1725352286.7042627
1725352286.7174313
1725352286.7349632
1725352286.7532463
1725352286.7726705
1725352286.7851405
1725352286.8185544
1725352286.8352187
1725352286.852414
1725352286.8679762
1725352286.885826
1725352286.9087088
1725352286.9175365
1725352286.9415822
1725352286.9544425
1725352287.0002267
1725352287.0090039
1725352287.0104275
1725352287.0523467
1725352287.0631053
1725352287.0791376
1725352287.117372
1725352287.1191251
1725352287.1326466
1725352287.1575394
1725352287.1856887
1725352287.2005327
1725352287.2134843
1725352287.244862
1725352287.2697957
1725352287.279024
1725352287.29372
1725352287.3104954
1725352287.3453467
1725352287.3791094
1725352287.3812797
1725352287.392361
1725352287.4054174
1725352287.422153
1725352287.4712384
1725352287.4807673
1725352287.505418
1725352287.5104709
1725352287.5223334
1725352287.5473323
1725352287.5652058
1725352287.576054
1725352287.5988834
1725352287.6301203
1725352287.6399214
1725352287.6602693
1725352287.6800976
1725352287.692339
1725352287.705635
1725352287.7235765
1725352287.7423325
1725352287.7769592
1725352287.7788956
1725352287.7972739
1725352287.8069146
1725352287.8249314
1725352287.8382874
1725352287.8537152
1725352287.8957624
1725352287.898988
1725352287.9051824
1725352287.922099
1725352287.9405992
1725352287.9552996
1725352287.9853659
1725352287.9880092
1725352288.0030808
1725352288.018408
1725352288.0379143
1725352288.0882702
1725352288.094579
1725352288.1039748
1725352288.1318183
1725352288.135452
1725352288.1509168
1725352288.1739867
1725352288.1881962
1725352288.242129
1725352288.2430832
1725352288.2490687
1725352288.2697792
1725352288.2996728
1725352288.3562717
1725352288.360146
1725352288.3902187
1725352288.3941214
1725352288.471222
1725352288.4733443
1725352288.5044641
1725352288.5050297
1725352288.5056648
1725352288.536273
1725352288.538015
1725352288.555579
1725352288.565872
1725352288.5836163
1725352288.597029
1725352288.6109226
1725352288.654223
1725352288.6955292
1725352288.6973364
1725352288.7109392
1725352288.7292817
1725352288.748462
1725352288.7653444
1725352288.7854707
1725352288.8172147
1725352288.831027
1725352288.8539014
1725352288.8949847
1725352288.8973768
1725352288.9077826
1725352288.9102225
1725352288.9258518
1725352288.948198
1725352288.9598973
1725352288.9756646
1725352288.9919262
1725352289.0092742
1725352289.0309484
1725352289.042842
1725352289.0889208
1725352289.1160395
1725352289.1274703
1725352289.1375377
1725352289.144808
1725352289.155763
1725352289.171248
1725352289.1882222
1725352289.2060776
1725352289.2256887
1725352289.2575142
1725352289.288552
1725352289.3177185
1725352289.3220189
1725352289.3364186
1725352289.354225
1725352289.3737698
1725352289.3934505
1725352289.4414065
1725352289.4431546
1725352289.4609506
1725352289.4768019
1725352289.5187144
1725352289.552012
1725352289.5666366
1725352289.5770297
1725352289.6085436
1725352289.6296797
1725352289.655839
1725352289.681513
1725352289.689966
1725352289.7098534
1725352289.723443
1725352289.7430367
1725352289.7590423
1725352289.777574
1725352289.7937572
1725352289.805136
1725352289.8261116
1725352289.8408747
1725352289.8527155
1725352289.8736484
1725352289.8883433
1725352289.9063118
1725352289.930069
1725352289.937677
1725352289.9562197
1725352289.987519
1725352290.0105383
1725352290.02794
1725352290.0414271
1725352290.0521865
1725352290.070003
1725352290.0885565
1725352290.1160886
1725352290.1332018
1725352290.151661
1725352290.164575
1725352290.18833
1725352290.206671
1725352290.2189746
1725352290.2394612
1725352290.251933
1725352290.2706654
1725352290.284585
1725352290.2982101
1725352290.339073
1725352290.3602383
1725352290.365652
1725352290.3837886
1725352290.3960924
1725352290.4147959
1725352290.4367282
1725352290.4613793
1725352290.483189
1725352290.4991274
1725352290.5194638
1725352290.5459468
1725352290.5628068
1725352290.5771444
1725352290.5943162
1725352290.6272266
1725352290.6524687
1725352290.6663568
1725352290.6845598
1725352290.6958063
1725352290.7109823
1725352290.7433836
1725352290.762753
1725352290.7829754
1725352290.796877
1725352290.8097026
1725352290.8262362
1725352290.854634
1725352290.8591251
1725352290.8738487
1725352290.9096456
1725352290.9249938
1725352290.9386268
1725352290.957361
1725352290.9725466
1725352290.9883802
1725352291.0083125
1725352291.0244026
1725352291.0453274
1725352291.058556
1725352291.0745041
1725352291.0875258
1725352291.1082013
1725352291.1221294
1725352291.1549642
1725352291.1627939
1725352291.1745472
1725352291.1863203
1725352291.2051659
1725352291.219334
1725352291.2363365
1725352291.2596364
1725352291.274459
1725352291.2913287
1725352291.305155
1725352291.3203132
1725352291.3671203
1725352291.3784254
1725352291.3930304
1725352291.4130955
1725352291.4246128
1725352291.4409692
1725352291.4609966
1725352291.4739494
1725352291.5275848
1725352291.5360544
1725352291.5500948
1725352291.560666
1725352291.5894191
1725352291.6278605
1725352291.6716661
1725352291.6998916
1725352291.7225277
1725352291.7403967
1725352291.795314
1725352291.7969577
1725352291.7982647
1725352291.815323
1725352291.8221996
1725352291.840699
1725352291.8542082
1725352291.8728893
1725352291.8862052
1725352291.901488
1725352291.9362936
1725352291.9746873
1725352291.9846964
1725352292.0047767
1725352292.0171106
1725352292.0415494
1725352292.0643532
1725352292.0726545
1725352292.1042836
1725352292.119888
1725352292.1369443
1725352292.14895
1725352292.1646328
1725352292.2032712
1725352292.2055147
1725352292.2184
1725352292.233855
1725352292.2559042
1725352292.2698412
1725352292.2899816
1725352292.3107543
1725352292.3218486
1725352292.345971
1725352292.380904
1725352292.423793
1725352292.4280524
1725352292.4300709
1725352292.4383001
1725352292.456497
1725352292.4817338
1725352292.4868925
1725352292.506005
1725352292.5307841
1725352292.563799
1725352292.5907917
1725352292.6068833
1725352292.6210632
1725352292.6374633
1725352292.6545417
1725352292.677724
1725352292.698531
1725352292.7229218
1725352292.7375119
1725352292.752355
1725352292.7709458
1725352292.8148518
1725352292.8460097
1725352292.8530016
1725352292.8712976
1725352292.9016404
1725352292.9282665
1725352292.9586077
1725352292.9679742
1725352292.9923835
1725352293.0007458
1725352293.0160508
1725352293.040631
1725352293.060216
1725352293.0801425
1725352293.0954795
1725352293.1099815
1725352293.1180294
1725352293.1308708
1725352293.1487362
1725352293.164823
1725352293.180015
1725352293.1998882
1725352293.2215726
1725352293.2327418
1725352293.249108
1725352293.2854254
1725352293.3031538
1725352293.316162
1725352293.3282876
1725352293.3571885
1725352293.3635828
1725352293.3861315
1725352293.410115
1725352293.4287002
1725352293.4524765
1725352293.4686043
1725352293.485999
1725352293.5086815
1725352293.5246105
1725352293.5326488
1725352293.5471385
1725352293.5676517
1725352293.581783
1725352293.5987785
1725352293.6346881
1725352293.6508
1725352293.6663797
1725352293.6919127
1725352293.702237
1725352293.72053
1725352293.7305229
1725352293.7652848
1725352293.7867234
1725352293.797912
1725352293.8222544
1725352293.8524213
1725352293.8723123
1725352293.8863904
1725352293.9034245
1725352293.9348347
1725352293.9582222
1725352293.9696832
1725352293.9819694
1725352293.997296
1725352294.0167506
1725352294.0536308
1725352294.0679026
1725352294.0866935
1725352294.0960255
1725352294.1125548
1725352294.1268923
1725352294.151282
1725352294.1612186
1725352294.1764493
1725352294.2148094
1725352294.2301612
1725352294.2505388
1725352294.2606118
1725352294.2754521
1725352294.2918983
1725352294.3117547
1725352294.3287656
1725352294.3485823
1725352294.3681455
1725352294.3756652
1725352294.389373
1725352294.409504
1725352294.4273438
1725352294.4390337
1725352294.4616928
1725352294.4753532
1725352294.4972374
1725352294.505286
1725352294.5213525
1725352294.5440655
1725352294.563975
1725352294.5698023
1725352294.586029
1725352294.6138456
1725352294.6222405
1725352294.6520813
1725352294.7132747
1725352294.714557
1725352294.7165506
1725352294.7235303
1725352294.7394896
1725352294.7508278
1725352294.7731109
1725352294.817022
1725352294.8194187
1725352294.8398225
1725352294.8519871
1725352294.885486
1725352294.927994
1725352294.959758
1725352294.9801476
1725352294.9828804
1725352295.0213845
1725352295.0332804
1725352295.088359
1725352295.0900762
1725352295.094336
1725352295.1035585
1725352295.1189713
1725352295.1359227
1725352295.154665
1725352295.1672196
1725352295.183656
1725352295.200131
1725352295.2438772
1725352295.275981
1725352295.2927995
1725352295.3013184
1725352295.3145509
1725352295.3378239
1725352295.3553095
1725352295.3683374
1725352295.4223843
1725352295.4246254
1725352295.4417183
1725352295.459342
1725352295.468874
1725352295.4826605
1725352295.509463
1725352295.5406902
1725352295.5442255
1725352295.556142
1725352295.5652764
1725352295.581984
1725352295.6031535
1725352295.6168344
1725352295.6389163
1725352295.6932948
1725352295.6973157
1725352295.709263
1725352295.7176938
1725352295.7345586
1725352295.7463398
1725352295.762487
1725352295.7829158
1725352295.7969182
1725352295.8203614
1725352295.8510482
1725352295.8818116
1725352295.8987713
1725352295.9157312
1725352295.9329088
1725352295.9532347
1725352295.972287
1725352295.9815493
1725352296.0195923
1725352296.0373175
1725352296.0550544
1725352296.073744
1725352296.1155705
1725352296.1384063
1725352296.144631
1725352296.1683638
1725352296.1995475
1725352296.217516
1725352296.2272198
1725352296.272556
1725352296.281969
1725352296.2978795
1725352296.308723
1725352296.3243406
1725352296.3441455
1725352296.3639934
1725352296.3968358
1725352296.4076343
1725352296.4101038
1725352296.426093
1725352296.4403746
1725352296.454723
1725352296.4801135
1725352296.4929056
1725352296.5073037
1725352296.529245
1725352296.540719
1725352296.5779223
1725352296.5920079
1725352296.6114428
1725352296.6328764
1725352296.6369162
1725352296.6537344
1725352296.6691756
1725352296.7031038
1725352296.718623
1725352296.73558
1725352296.7498307
1725352296.766925
1725352296.7846198
1725352296.8049815
1725352296.8163493
1725352296.8338346
1725352296.8477602
1725352296.8641224
1725352296.884016
1725352296.920706
1725352296.951601
1725352296.95348
1725352296.97049
1725352296.981289
1725352296.9976304
1725352297.0130749
1725352297.0460012
1725352297.0668068
1725352297.1056578
1725352297.1153731
1725352297.1281188
1725352297.1449547
1725352297.1622908
1725352297.1804876
1725352297.2337546
1725352297.2382903
1725352297.2446337
1725352297.265248
1725352297.2801528
1725352297.2956765
1725352297.3296208
1725352297.3514526
1725352297.3724587
1725352297.3802464
1725352297.3991275
1725352297.416729
1725352297.4302635
1725352297.4455254
1725352297.4695618
1725352297.5035858
1725352297.5122714
1725352297.5343595
1725352297.5480556
1725352297.5637429
1725352297.577164
1725352297.600709
1725352297.6154826
1725352297.632921
1725352297.6459727
1725352297.6645575
1725352297.682787
1725352297.697662
1725352297.7161448
1725352297.7286987
1725352297.7446775
1725352297.7630427
1725352297.7810035
1725352297.7953699
1725352297.8134446
1725352297.833901
1725352297.8419495
1725352297.8636212
1725352297.8741107
1725352297.892018
1725352297.9105313
1725352297.949171
1725352297.9660044
1725352297.975486
1725352297.992073
1725352298.012698
1725352298.0220628
1725352298.0429082
1725352298.0556524
1725352298.1144207
1725352298.115088
1725352298.1230206
1725352298.1486735
1725352298.1702263
1725352298.2156487
1725352298.2346523
1725352298.2669346
1725352298.2677386
1725352298.317371
1725352298.3222578
1725352298.3806052
1725352298.3813891
1725352298.3819249
1725352298.3938158
1725352298.4252355
1725352298.4356396
1725352298.4469016
1725352298.462692
1725352298.4767303
1725352298.494831
1725352298.528093
1725352298.5644934
1725352298.5734003
1725352298.5915363
1725352298.6048472
1725352298.6267333
1725352298.6386156
1725352298.6567175
1725352298.6914678
1725352298.7352598
1725352298.73718
1725352298.7446566
1725352298.7638464
1725352298.7728908
1725352298.7878149
1725352298.804429
1725352298.831888
1725352298.854783
1725352298.8884132
1725352298.8907998
1725352298.8924427
1725352298.907649
1725352298.9200718
1725352298.9623113
1725352298.9830475
1725352298.9905033
1725352299.0180697
1725352299.035201
1725352299.0429628
1725352299.0566804
1725352299.0691762
1725352299.0861075
1725352299.1039073
1725352299.1418846
1725352299.1718524
1725352299.1911306
1725352299.2077034
1725352299.2219656
1725352299.2382507
1725352299.2622035
1725352299.2712193
1725352299.3038137
1725352299.3160753
1725352299.3337586
1725352299.3578646
1725352299.3877237
1725352299.4259508
1725352299.433728
1725352299.4510834
1725352299.4932601
1725352299.5229986
1725352299.5253918
1725352299.5587513
1725352299.5644243
1725352299.5827978
1725352299.6112125
1725352299.616188
1725352299.6405694
1725352299.655828
1725352299.673765
1725352299.6838315
1725352299.7077947
1725352299.7195537
1725352299.753668
1725352299.7724938
1725352299.7754862
1725352299.7870405
1725352299.809633
1725352299.8258605
1725352299.8323538
1725352299.8705943
1725352299.8841465
1725352299.900317
1725352299.9123702
1725352299.9324176
1725352299.96161
1725352299.9723992
1725352299.9959967
1725352300.0137703
1725352300.035676
1725352300.0463812
1725352300.0615494
1725352300.0794344
1725352300.1052275
1725352300.1131525
1725352300.1269383
1725352300.1446939
1725352300.1643562
1725352300.1771243
1725352300.2106194
1725352300.2293348
1725352300.2432013
1725352300.272883
1725352300.2781773
1725352300.2927418
1725352300.3150375
1725352300.339667
1725352300.3575745
1725352300.3755102
1725352300.396905
1725352300.4259136
1725352300.4397326
1725352300.4563992
1725352300.4741886
1725352300.507832
1725352300.5275548
1725352300.544309
1725352300.5561652
1725352300.5724027
1725352300.5907798
1725352300.6274736
1725352300.6454308
1725352300.662261
1725352300.678655
1725352300.6884968
1725352300.7097433
1725352300.761137
1725352300.7616448
1725352300.781919
1725352300.794514
1725352300.8109105
1725352300.8300235
1725352300.8388076
1725352300.860239
1725352300.8722575
1725352300.8922133
1725352300.904172
1725352300.9381511
1725352300.942647
1725352300.956093
1725352300.9789367
1725352300.9928467
1725352301.007366
1725352301.0187495
1725352301.041534
1725352301.0570862
1725352301.0854938
1725352301.0873811
1725352301.1036325
1725352301.1224823
1725352301.1378849
1725352301.156523
1725352301.1680827
1725352301.1915863
1725352301.205716
1725352301.238142
1725352301.2536511
1725352301.2688892
1725352301.2903728
1725352301.3104634
1725352301.3241405
1725352301.3433955
1725352301.3484602
1725352301.3896108
1725352301.4030972
1725352301.4139438
1725352301.4295692
1725352301.4647787
1725352301.5070267
1725352301.5296826
1725352301.5489757
1725352301.555034
1725352301.6162748
1725352301.6270912
1725352301.6656966
1725352301.665823
1725352301.675292
1725352301.6975255
1725352301.71384
1725352301.7278974
1725352301.7411406
1725352301.758137
1725352301.7758498
1725352301.799364
1725352301.8307877
1725352301.8648913
1725352301.8739505
1725352301.8900855
1725352301.9154644
1725352301.9270556
1725352301.9419837
1725352301.9582105
1725352301.9933438
1725352302.0220935
1725352302.0242662
1725352302.0381143
1725352302.0529451
1725352302.0687795
1725352302.0850608
1725352302.1070945
1725352302.1264024
1725352302.1378043
1725352302.1524234
1725352302.1700203
1725352302.1843524
1725352302.201483
1725352302.218338
1725352302.2683947
1725352302.2737503
1725352302.2871428
1725352302.3117974
1725352302.32082
1725352302.3361158
1725352302.352357
1725352302.3742428
1725352302.3891158
1725352302.4033694
1725352302.4419315
1725352302.4725797
1725352302.4853628
1725352302.4988189
1725352302.515965
1725352302.5365238
1725352302.5513313
1725352302.5677269
1725352302.606197
1725352302.6189234
1725352302.6353507
1725352302.64921
1725352302.6913176
1725352302.7336016
1725352302.7349734
1725352302.7533214
1725352302.7888994
1725352302.7990365
1725352302.8147717
1725352302.8458245
1725352302.863863
1725352302.877696
1725352302.8948824
1725352302.915342
1725352302.9314573
1725352302.9649065
1725352302.9666123
1725352302.990195
1725352303.0008957
1725352303.0119915
1725352303.0322876
1725352303.048593
1725352303.062119
1725352303.0796068
1725352303.0934107
1725352303.1196246
1725352303.1340845
1725352303.1707327
1725352303.1791215
1725352303.1927724
1725352303.2089684
1725352303.2355762
1725352303.2481196
1725352303.2633166
1725352303.2996051
1725352303.315637
1725352303.3270051
1725352303.3426356
1725352303.3576279
1725352303.3736427
1725352303.4036233
1725352303.4133034
1725352303.4319506
1725352303.443227
1725352303.4543517
1725352303.4765596
1725352303.5105803
1725352303.5232027
1725352303.5445948
1725352303.5646794
1725352303.5708468
1725352303.5877867
1725352303.6059108
1725352303.6360996
1725352303.6542604
1725352303.6843734
1725352303.6999886
1725352303.7233703
1725352303.738469
1725352303.7535083
1725352303.7699115
1725352303.807095
1725352303.8260868
1725352303.8402436
1725352303.8534338
1725352303.872504
1725352303.8890097
1725352303.9217432
1725352303.9381962
1725352303.958692
1725352303.9746554
1725352303.9925847
1725352304.0016356
1725352304.0204284
1725352304.0375547
1725352304.059291
1725352304.0921602
1725352304.1094027
1725352304.1212957
1725352304.1395183
1725352304.149416
1725352304.1675258
1725352304.1847425
1725352304.199447
1725352304.21917
1725352304.2311447
1725352304.249331
1725352304.2703636
1725352304.282794
1725352304.3002465
1725352304.314459
1725352304.3326252
1725352304.366205
1725352304.3668427
1725352304.3808517
1725352304.402189
1725352304.4150257
1725352304.433941
1725352304.448926
1725352304.4789286
1725352304.496288
1725352304.4999592
1725352304.535331
1725352304.5482998
1725352304.5806835
1725352304.5880723
1725352304.6031947
1725352304.6156306
1725352304.6289272
1725352304.645076
1725352304.6898057
1725352304.697031
1725352304.7104523
1725352304.7267036
1725352304.7595565
1725352304.8022814
1725352304.8218298
1725352304.856545
1725352304.8627431
1725352304.9082372
1725352304.9161732
1725352304.9622858
1725352304.9692159
1725352304.979851
1725352304.9804268
1725352304.9946702
1725352305.0129414
1725352305.0275722
1725352305.046516
1725352305.0585551
1725352305.08089
1725352305.1160989
1725352305.1489449
1725352305.1566672
1725352305.1727712
1725352305.1947074
1725352305.2110393
1725352305.225717
1725352305.2380822
1725352305.2747457
1725352305.2937655
1725352305.311187
1725352305.3198862
1725352305.3364828
1725352305.3538105
1725352305.3696997
1725352305.3933947
1725352305.429802
1725352305.4316852
1725352305.4358797
1725352305.4708972
1725352305.47273
1725352305.4932408
1725352305.5092845
1725352305.5472813
1725352305.5804713
1725352305.5817618
1725352305.5969596
1725352305.616665
1725352305.6305807
1725352305.6521635
1725352305.6673436
1725352305.6856484
1725352305.6990023
1725352305.731332
1725352305.7760255
1725352305.7791681
1725352305.797754
1725352305.8061862
1725352305.8305523
1725352305.8436203
1725352305.8572023
1725352305.8997989
1725352305.9076698
1725352305.9287817
1725352305.94055
1725352305.9821255
1725352306.009477
1725352306.0217283
1725352306.0363836
1725352306.0784054
1725352306.089867
1725352306.1124825
1725352306.1360936
1725352306.154426
1725352306.1757843
1725352306.1855414
1725352306.2068896
1725352306.228388
1725352306.2488163
1725352306.2540874
1725352306.270924
1725352306.2886157
1725352306.3095787
1725352306.3218105
1725352306.3424604
1725352306.3565514
1725352306.3776486
1725352306.3887691
1725352306.4093251
1725352306.4222233
1725352306.4568286
1725352306.4752421
1725352306.4879816
1725352306.5047388
1725352306.5255518
1725352306.5396442
1725352306.5523212
1725352306.5830996
1725352306.6057534
1725352306.6174612
1725352306.6334944
1725352306.6884594
1725352306.6906385
1725352306.6921701
1725352306.7012317
1725352306.7258384
1725352306.7391944
1725352306.748296
1725352306.7642226
1725352306.8012664
1725352306.8205717
1725352306.831475
1725352306.8504453
1725352306.8646955
1725352306.881624
1725352306.8965127
1725352306.9316971
1725352306.9483786
1725352306.9751163
1725352306.990116
1725352307.0291793
1725352307.031681
1725352307.046214
1725352307.061043
1725352307.0944204
1725352307.1188211
1725352307.130014
1725352307.14256
1725352307.1602898
1725352307.177864
1725352307.2091606
1725352307.2331672
1725352307.2569513
1725352307.2607024
1725352307.2746131
1725352307.3066957
1725352307.343418
1725352307.3440058
1725352307.3571694
1725352307.3888433
1725352307.4066064
1725352307.4236457
1725352307.4481528
1725352307.472962
1725352307.4912555
1725352307.4952207
1725352307.5063775
1725352307.5342696
1725352307.5461347
1725352307.554922
1725352307.5733232
1725352307.5929716
1725352307.6055155
1725352307.6247194
1725352307.6384723
1725352307.665959
1725352307.6722472
1725352307.6878638
1725352307.7058825
1725352307.721264
1725352307.7409914
1725352307.75565
1725352307.776415
1725352307.7938325
1725352307.805655
1725352307.8431585
1725352307.8606887
1725352307.8707812
1725352307.8869815
1725352307.9079297
1725352307.9238324
1725352307.9480002
1725352307.9544685
1725352308.0038433
1725352308.008518
1725352308.0191014
1725352308.0380242
1725352308.069164
1725352308.123868
1725352308.1495383
1725352308.1712272
1725352308.1728663
1725352308.2141607
1725352308.2251554
1725352308.274305
1725352308.279296
1725352308.2851734
1725352308.2958844
1725352308.302665
1725352308.3259232
1725352308.3465812
1725352308.3584454
1725352308.3702917
1725352308.3870387
1725352308.426483
1725352308.476708
1725352308.4898582
1725352308.4904287
1725352308.506763
1725352308.5170732
1725352308.5472755
1725352308.5620322
1725352308.5907571
1725352308.6099408
1725352308.6232655
1725352308.6326356
1725352308.6614451
1725352308.675069
1725352308.6803982
1725352308.7252145
1725352308.7279186
1725352308.7348874
1725352308.7457585
1725352308.7654712
1725352308.7802482
1725352308.806233
1725352308.811293
1725352308.8571002
1725352308.8776414
1725352308.884929
1725352308.918006
1725352308.9200141
1725352308.9717104
1725352308.9733305
1725352308.9750636
1725352308.9852593
1725352308.992612
1725352309.0390837
1725352309.0693026
1725352309.0873141
1725352309.1082332
1725352309.1095037
1725352309.1337392
1725352309.159977
1725352309.1770842
1725352309.1967373
1725352309.213865
1725352309.2375562
1725352309.2430456
1725352309.2889628
1725352309.312726
1725352309.3340201
1725352309.351622
1725352309.388472
1725352309.3930504
1725352309.4207418
1725352309.453144
1725352309.469369
1725352309.4907634
1725352309.5001278
1725352309.5190532
1725352309.5412388
1725352309.5585172
1725352309.5671408
1725352309.6026034
1725352309.6050987
1725352309.627199
1725352309.6322794
1725352309.650916
1725352309.6666393
1725352309.686324
1725352309.711107
1725352309.7205632
1725352309.7437258
1725352309.7880318
1725352309.788553
1725352309.8084972
1725352309.822433
1725352309.8313987
1725352309.8582115
1725352309.8688467
1725352309.8992317
1725352309.9126294
1725352309.939362
1725352309.944232
1725352309.9589548
1725352309.9942634
1725352310.0028465
1725352310.0210395
1725352310.036803
1725352310.0482574
1725352310.0572839
1725352310.088847
1725352310.1098764
1725352310.1298254
1725352310.1463847
1725352310.1597755
1725352310.1716905
1725352310.204185
1725352310.2110872
1725352310.2438595
1725352310.2612286
1725352310.29267
1725352310.3004463
1725352310.337694
1725352310.3479345
1725352310.3559206
1725352310.3698575
1725352310.4086332
1725352310.424259
1725352310.4381928
1725352310.4675229
1725352310.477608
1725352310.5258994
1725352310.5284028
1725352310.5724943
1725352310.575402
1725352310.5759861
1725352310.5900795
1725352310.6145265
1725352310.619361
1725352310.6413672
1725352310.6596365
1725352310.690931
1725352310.7038345
1725352310.7176185
1725352310.7364988
1725352310.7590075
1725352310.787298
1725352310.7881181
1725352310.8093874
1725352310.8237138
1725352310.840058
1725352310.862201
1725352310.8748827
1725352310.8861609
1725352310.9087322
1725352310.9176085
1725352310.9376447
1725352310.9563556
1725352310.9673684
1725352310.9833546
1725352311.0177464
1725352311.0191977
1725352311.0599446
1725352311.0755656
1725352311.0768108
1725352311.0853004
1725352311.097289
1725352311.1360967
1725352311.1878068
1725352311.1886654
1725352311.1904135
1725352311.209038
1725352311.2279007
1725352311.2291672
1725352311.2455978
1725352311.2996774
1725352311.3442662
1725352311.344286
1725352311.346964
1725352311.3742933
1725352311.4056597
1725352311.4259653
1725352311.4472682
1725352311.4877803
1725352311.5085657
1725352311.5155919
1725352311.575006
1725352311.5758832
1725352311.5763311
1725352311.601226
1725352311.61872
1725352311.6213474
1725352311.6497293
1725352311.65332
1725352311.6800308
1725352311.6854584
1725352311.7223113
1725352311.7482858
1725352311.776217
1725352311.7796347
1725352311.796808
1725352311.8246403
1725352311.839687
1725352311.846268
1725352311.8892014
1725352311.8976157
1725352311.9059792
1725352311.939091
1725352311.9405835
1725352311.9632077
1725352311.990544
1725352311.9919345
1725352312.014655
1725352312.0329115
1725352312.0510552
1725352312.0668738
1725352312.0909696
1725352312.0930238
1725352312.1092646
1725352312.1574566
1725352312.1758897
1725352312.183625
1725352312.2376497
1725352312.250422
1725352312.252481
1725352312.2539968
1725352312.3365293
1725352312.3388493
1725352312.3458116
1725352312.3737638
1725352312.3745725
1725352312.40452
1725352312.4057987
1725352312.4176588
1725352312.443213
1725352312.472438
1725352312.4742446
1725352312.5318978
1725352312.5336273
1725352312.546056
1725352312.5690494
1725352312.6044338
1725352312.675808
1725352312.6783764
1725352312.6810684
1725352312.711064
1725352312.7307348
1725352312.7323024
1725352312.7675588
1725352312.7827897
1725352312.8014686
1725352312.8087263
1725352312.8306646
1725352312.8663385
1725352312.869483
1725352312.8772237
1725352312.8949058
1725352312.9122286
1725352312.920279
1725352312.9485521
1725352312.9552586
1725352312.978706
1725352312.9966116
1725352313.0099616
1725352313.0230582
1725352313.0448403
1725352313.0916786
1725352313.1142626
1725352313.1285164
1725352313.149644
1725352313.1602461
1725352313.1672091
1725352313.2108288
1725352313.230972
1725352313.2333047
1725352313.2653391
1725352313.2718272
1725352313.3168714
1725352313.3171234
1725352313.3173633
1725352313.3332164
1725352313.3588328
1725352313.3658605
1725352313.3863437
1725352313.4280872
1725352313.4349833
1725352313.5057073
1725352313.505906
1725352313.5059903
1725352313.5166278
1725352313.5349548
1725352313.563114
1725352313.5837138
1725352313.6118455
1725352313.6713505
1725352313.6716049
1725352313.6717339
1725352313.6828516
1725352313.7532148
1725352313.7534444
1725352313.753627
1725352313.7692962
1725352313.7937949
1725352313.7967246
1725352313.8090498
1725352313.8479307
1725352313.8650458
1725352313.8876114
1725352313.9003205
1725352313.9951603
1725352313.995211
1725352313.9952838
1725352313.9953256
1725352313.9953659
1725352314.027529
1725352314.078472
1725352314.0786052
1725352314.078744
1725352314.0788527
1725352314.0902305
1725352314.1126707
1725352314.1223185
1725352314.155036
1725352314.155614
1725352314.1778643
1725352314.201924
1725352314.2125618
1725352314.2421365
1725352314.243444
1725352314.2538729
1725352314.2736454
1725352314.2977107
1725352314.3066168
1725352314.3223152
1725352314.3364193
1725352314.3592281
1725352314.3857512
1725352314.3871658
1725352314.4053817
1725352314.4329941
1725352314.465751
1725352314.473816
1725352314.508012
1725352314.510318
1725352314.524629
1725352314.5321808
1725352314.5577137
1725352314.5754957
1725352314.6061282
1725352314.6233451
1725352314.6349895
1725352314.6459646
1725352314.6802163
1725352314.7240736
1725352314.8531127
1725352314.8597534
1725352314.8610837
1725352314.8638
1725352314.9185665
1725352314.9193113
1725352314.9199638
1725352314.9331498
1725352314.947993
1725352314.9497802
1725352314.9679365
1725352314.9857185
1725352314.9978435
1725352315.0320168
1725352315.0649273
1725352315.0789251
1725352315.101132
1725352315.1220818
1725352315.1321414
1725352315.1574876
1725352315.1634195
1725352315.192368
1725352315.2246516
1725352315.2365978
1725352315.2543287
1725352315.2677455
1725352315.2793736
1725352315.289478
1725352315.3105638
1725352315.335929
1725352315.3533432
1725352315.3699527
1725352315.3950438
1725352315.3966146
1725352315.4879475
1725352315.489558
1725352315.5589366
1725352315.5684772
1725352315.5708878
1725352315.636743
1725352315.6393886
1725352315.6493568
1725352315.6499712
1725352315.6512113
1725352315.65468
1725352315.6736417
1725352315.6960578
1725352315.7298858
1725352315.7318006
1725352315.740444
1725352315.7723806
1725352315.7738004
1725352315.869965
1725352315.8708048
1725352315.87141
1725352315.87375
1725352315.8977919
1725352315.936842
1725352315.9393725
1725352315.9521847
1725352316.006097
1725352316.0101626
1725352316.0369146
1725352316.0765965
1725352316.0781095
1725352316.0854895
1725352316.1031022
1725352316.1449118
1725352316.1466467
1725352316.1592035
1725352316.1808832
1725352316.2002203
1725352316.2095637
1725352316.2246728
1725352316.241403
1725352316.250615
1725352316.2668045
1725352316.2848763
1725352316.3306186
1725352316.3325102
1725352316.3489895
1725352316.3861413
1725352316.388911
1725352316.4007592
1725352316.4296358
1725352316.4589944
1725352316.4601061
1725352316.4666507
1725352316.5183737
1725352316.5340014
1725352316.5348568
1725352316.5560284
1725352316.5644617
1725352316.5877092
1725352316.6218503
1725352316.6236582
1725352316.6494365
1725352316.6771789
1725352316.679139
1725352316.6868477
1725352316.71497
1725352316.7278848
1725352316.7429502
1725352316.774812
1725352316.7794547
1725352316.8083565
1725352316.8103445
1725352316.8442512
1725352316.8655334
1725352316.9066467
1725352316.909256
1725352316.9230118
1725352316.9749901
1725352316.975701
1725352316.9883914
1725352317.0077307
1725352317.035572
1725352317.0721383
1725352317.074477
1725352317.076156
1725352317.104156
1725352317.1317809
1725352317.176694
1725352317.1783402
1725352317.1963806
1725352317.1984575
1725352317.2326272
1725352317.2353559
1725352317.238552
1725352317.2621045
1725352317.2976763
1725352317.3401873
1725352317.340727
1725352317.3426795
1725352317.3704858
1725352317.3715823
1725352317.3898075
1725352317.4125984
1725352317.4382555
1725352317.4532223
1725352317.4571989
1725352317.4829757
1725352317.539348
1725352317.5420923
1725352317.55005
1725352317.55174
1725352317.563008
1725352317.6464624
1725352317.648298
1725352317.649865
1725352317.65081
1725352317.7371635
1725352317.7407906
1725352317.7458568
1725352317.7481697
1725352317.7512095
1725352317.792841
1725352317.7953975
1725352317.8401184
1725352317.8424256
1725352317.8445249
1725352317.8455222
1725352317.8498552
1725352317.8633
1725352317.9244175
1725352317.9253895
1725352317.9254248
1725352317.9365706
1725352317.9732604
1725352318.022202
1725352318.0367472
1725352318.0652206
1725352318.1196287
1725352318.1279068
1725352318.1370342
1725352318.1439662
1725352318.1859512
1725352318.1864588
1725352318.187842
1725352318.2031431
1725352318.255225
1725352318.291244
1725352318.2930582
1725352318.3265142
1725352318.3636546
1725352318.3724182
1725352318.3830647
1725352318.4327674
1725352318.433999
1725352318.4608905
1725352318.5256944
1725352318.5288224
1725352318.5301492
1725352318.5517404
1725352318.5529513
1725352318.579431
1725352318.5808208
1725352318.5993555
1725352318.6007383
1725352318.6285136
1725352318.6681635
1725352318.6833844
1725352318.6849036
1725352318.700463
1725352318.7023687
1725352318.7322755
1725352318.8038645
1725352318.8062162
1725352318.8068724
1725352318.8105159
1725352318.83386
1725352318.8364148
1725352318.8478112
1725352318.893584
1725352318.8998077
1725352318.9013455
1725352318.9516833
1725352318.9836159
1725352318.9836814
1725352319.0378356
1725352319.039267
1725352319.0405872
1725352319.06958
1725352319.0710266
1725352319.1149056
1725352319.1161764
1725352319.125581
1725352319.1498895
1725352319.1897607
1725352319.2490954
1725352319.2518497
1725352319.320922
1725352319.3246543
1725352319.3265064
1725352319.3271074
1725352319.3627083
1725352319.3790638
1725352319.3811216
1725352319.4005952
1725352319.417767
1725352319.4357736
1725352319.4504876
1725352319.4653254
1725352319.4829273
1725352319.5064332
1725352319.5141203
1725352319.5276585
1725352319.5410163
1725352319.5583408
1725352319.6784198
1725352319.6828556
1725352319.6845276
1725352319.6850662
1725352319.6886098
1725352319.6903298
1725352319.7304585
1725352319.7311041
1725352319.7521632
1725352319.7543654
1725352319.789133
1725352319.8256695
1725352319.82794
1725352319.8710568
1725352319.8721375
1725352319.8733416
1725352319.8906238
1725352319.8922265
1725352319.9080944
1725352319.9337587
1725352319.9645216
1725352319.9799278
1725352319.9808455
1725352320.037154
1725352320.0396228
1725352320.0534375
1725352320.0821526
1725352320.083345
1725352320.096212
1725352320.1094348
1725352320.143771
1725352320.1605911
1725352320.176651
1725352320.1986346
1725352320.23474
1725352320.243565
1725352320.264363
1725352320.2800114
1725352320.306816
1725352320.3273323
1725352320.3413324
1725352320.352491
1725352320.3765554
1725352320.3933983
1725352320.4218667
1725352320.445128
1725352320.4569287
1725352320.4887745
1725352320.4907799
1725352320.5088124
1725352320.5269434
1725352320.5614986
1725352320.5631514
1725352320.587368
1725352320.606792
1725352320.6242516
1725352320.6351006
1725352320.6491125
1725352320.7022688
1725352320.7041337
1725352320.7051063
1725352320.718793
1725352320.7470608
1725352320.789331
1725352320.7899623
1725352320.7918196
1725352320.795542
1725352320.863362
1725352320.8634474
1725352320.8654115
1725352320.8858805
1725352320.90157
1725352320.91737
1725352320.9307973
1725352321.0116258
1725352321.01172
1725352321.0163825
1725352321.022819
1725352321.0337734
1725352321.099278
1725352321.1001673
1725352321.153458
1725352321.1636276
1725352321.163692
1725352321.2467806
1725352321.2474763
1725352321.2488446
1725352321.24896
1725352321.2613442
1725352321.3341093
1725352321.3827367
1725352321.3836594
1725352321.4293478
1725352321.4303207
1725352321.4317057
1725352321.472488
1725352321.4738998
1725352321.4787173
1725352321.4954154
1725352321.511819
1725352321.5329134
1725352321.5512986
1725352321.5625324
1725352321.6124742
1725352321.6363897
1725352321.6599023
1725352321.6604614
1725352321.6856756
1725352321.6908
1725352321.7127373
1725352321.730027
1725352321.74304
1725352321.7813876
1725352321.8159528
1725352321.8173196
1725352321.8269708
1725352321.8454466
1725352321.8794844
1725352321.8809526
1725352321.8949533
1725352321.9083574
1725352321.9366395
1725352321.937906
1725352321.9572594
1725352321.980239
1725352321.9903345
1725352322.0138814
1725352322.0551627
1725352322.0848672
1725352322.0855236
1725352322.0926661
1725352322.1153555
1725352322.133606
1725352322.1576493
1725352322.1924143
1725352322.1944063
1725352322.1957653
1725352322.2380054
1725352322.2922702
1725352322.2929418
1725352322.2957022
1725352322.3180985
1725352322.3255095
1725352322.3408005
1725352322.354728
1725352322.4021099
1725352322.439396
1725352322.4409368
1725352322.444763
1725352322.487017
1725352322.513828
1725352322.527886
1725352322.5426786
1725352322.5864522
1725352322.6012094
1725352322.613216
1725352322.6464064
1725352322.6912344
1725352322.6930938
1725352322.6975474
1725352322.7132404
1725352322.7450163
1725352322.74789
1725352322.7643573
1725352322.7817698
1725352322.7971377
1725352322.809977
1725352322.8284776
1725352322.843853
1725352322.8606591
1725352322.882757
1725352322.896313
1725352322.907564
1725352322.9248202
1725352323.017308
1725352323.0223174
1725352323.0419834
1725352323.0426452
1725352323.046462
1725352323.051903
1725352323.0561717
1725352323.1045225
1725352323.1077366
1725352323.1939414
1725352323.195303
1725352323.202307
1725352323.2331614
1725352323.2348342
1725352323.2366807
1725352323.2399025
1725352323.2768385
1725352323.2788935
1725352323.284563
1725352323.3461227
1725352323.3492737
1725352323.409492
1725352323.411251
1725352323.413981
1725352323.4638283
1725352323.4833198
1725352323.4876087
1725352323.5332778
1725352323.5706813
1725352323.5728333
1725352323.5768967
1725352323.6366975
1725352323.6455858
1725352323.6544123
1725352323.6784182
1725352323.7002847
1725352323.7205002
1725352323.7212467
1725352323.723464
1725352323.7259495
1725352323.7544057
1725352323.756835
1725352323.8276184
1725352323.8281796
1725352323.8293915
1725352323.8325074
1725352323.8708797
1725352323.8727372
1725352323.87452
1725352323.9003227
1725352323.91093
1725352323.9648302
1725352323.9658003
1725352324.0257924
1725352324.02778
1725352324.0294328
1725352324.030791
1725352324.0451288
1725352324.0466256
1725352324.0565326
1725352324.0777657
1725352324.084606
1725352324.1348143
1725352324.1361907
1725352324.1527205
1725352324.296266
1725352324.2981513
1725352324.300138
1725352324.3008134
1725352324.330196
1725352324.3307874
1725352324.3317528
1725352324.3338144
1725352324.3342948
1725352324.3447797
1725352324.3483536
1725352324.3786776
1725352324.3794703
1725352324.4466765
1725352324.4485967
1725352324.450676
1725352324.4524417
1725352324.4863515
1725352324.4901521
1725352324.4959166
1725352324.521739
1725352324.531368
1725352324.5773478
1725352324.5972335
1725352324.627262
1725352324.6504853
1725352324.6700163
1725352324.7103767
1725352324.7464194
1725352324.7479825
1725352324.7926755
1725352324.7939196
1725352324.8045805
1725352324.8063176
1725352324.8210633
1725352324.8948956
1725352324.8954663
1725352324.8961513
1725352324.8977902
1725352324.9204104
1725352324.964457
1725352324.9650888
1725352324.9875128
1725352325.005636
1725352325.0381858
1725352325.0544398
1725352325.0556839
1725352325.0877225
1725352325.1044981
1725352325.1132085
1725352325.1414213
1725352325.1423874
1725352325.1623213
1725352325.185082
1725352325.1970975
1725352325.217422
1725352325.23486
1725352325.2592533
1725352325.2714748
1725352325.2977378
1725352325.2985926
1725352325.3141665
1725352325.3842328
1725352325.3871064
1725352325.4029052
1725352325.4041538
1725352325.412751
1725352325.4621303
1725352325.4651527
1725352325.4725125
1725352325.506812
1725352325.5081522
1725352325.5472765
1725352325.5621898
1725352325.5807226
1725352325.5925827
1725352325.6122031
1725352325.632311
1725352325.6430194
1725352325.6995745
1725352325.7019286
1725352325.7143064
1725352325.726566
1725352325.746878
1725352325.782071
1725352325.8162
1725352325.831934
1725352325.85688
1725352325.8878858
1725352325.8931751
1725352325.9125218
1725352325.9604836
1725352325.9717965
1725352325.978307
1725352326.0110924
1725352326.012365
1725352326.0308998
1725352326.0424643
1725352326.0808778
1725352326.0823047
1725352326.112978
1725352326.114914
1725352326.1241612
1725352326.1439762
1725352326.1522567
1725352326.1821492
1725352326.2054453
1725352326.2070575
1725352326.2187011
1725352326.27659
1725352326.2784042
1725352326.2965782
1725352326.3213031
1725352326.3216915
1725352326.340124
1725352326.3528252
1725352326.3883207
1725352326.406729
1725352326.4271762
1725352326.4346313
1725352326.4799812
1725352326.481338
1725352326.495073
1725352326.5027916
1725352326.5310981
1725352326.531669
1725352326.5655828
1725352326.5697467
1725352326.6061182
1725352326.6240172
1725352326.6352446
1725352326.6712468
1725352326.671877
1725352326.719915
1725352326.7330534
1725352326.7448516
1725352326.769668
1725352326.7761195
1725352326.7912705
1725352326.8105729
1725352326.8299158
1725352326.855248
1725352326.881993
1725352326.9147556
1725352326.9172637
1725352326.9270813
1725352326.9431849
1725352326.9780118
1725352326.9992583
1725352327.0465717
1725352327.050123
1725352327.0611315
1725352327.0684967
1725352327.122861
1725352327.1245549
1725352327.1280794
1725352327.1429543
1725352327.145079
1725352327.1843596
1725352327.2247741
1725352327.2318504
1725352327.233462
1725352327.2383058
1725352327.2657475
1725352327.3168707
1725352327.3185282
1725352327.320837
1725352327.3429632
1725352327.3755116
1725352327.376297
1725352327.3937807
1725352327.4013479
1725352327.417789
1725352327.42934
1725352327.4603856
1725352327.462395
1725352327.5265367
1725352327.5306294
1725352327.568752
1725352327.5862668
1725352327.588474
1725352327.589826
1725352327.591645
1725352327.6135535
1725352327.6578
1725352327.6609015
1725352327.6621366
1725352327.697562
1725352327.6981955
1725352327.7272456
1725352327.7530754
1725352327.7546887
1725352327.8029668
1725352327.8054023
1725352327.8057184
1725352327.8201804
1725352327.8598614
1725352327.8957756
1725352327.9953291
1725352327.9960697
1725352328.0966601
1725352328.120921
1725352328.2281916
1725352328.2290695
1725352328.2310567
1725352328.2321632
1725352328.300821
1725352328.301646
1725352328.364668
1725352328.3725896
1725352328.3734243
1725352328.3762977
1725352328.3779385
1725352328.3785746
1725352328.4052958
1725352328.4070957
1725352328.419557
1725352328.4203548
1725352328.4219575
1725352328.4858668
1725352328.4871335
1725352328.4886348
1725352328.4892826
1725352328.4976356
1725352328.562545
1725352328.5642827
1725352328.565287
1725352328.5970607
1725352328.621047
1725352328.6375933
1725352328.638627
1725352328.6395676
1725352328.6413286
1725352328.6769297
1725352328.6969995
1725352328.698441
1725352328.6990588
1725352328.7180538
1725352328.7553594
1725352328.7732584
1725352328.8011558
1725352328.8024414
1725352328.8125234
1725352328.8790646
1725352328.8805113
1725352328.8818462
1725352328.9610908
1725352328.9656224
1725352328.9659793
1725352328.9666224
1725352328.9773057
1725352329.0321805
1725352329.0327144
1725352329.0415616
1725352329.0599892
1725352329.0875666
1725352329.106366
1725352329.1319468
1725352329.1460004
1725352329.187567
1725352329.2053418
1725352329.2054424
1725352329.2285988
1725352329.2818995
1725352329.2834308
1725352329.2862556
1725352329.3634624
1725352329.3658216
1725352329.3804033
1725352329.4019506
1725352329.4037805
1725352329.4061644
1725352329.4213145
1725352329.426076
1725352329.4614773
1725352329.4857917
1725352329.4972558
1725352329.5000775
1725352329.5646777
1725352329.5767734
1725352329.5793676
1725352329.5813034
1725352329.6088636
1725352329.6542299
1725352329.6572485
1725352329.6599255
1725352329.678354
1725352329.7344713
1725352329.7367508
1725352329.7384882
1725352329.7626755
1725352329.780496
1725352329.790951
1725352329.7926874
1725352329.8084242
1725352329.8292625
1725352329.8441892
1725352329.8656185
1725352329.9092357
1725352329.937594
1725352329.939168
1725352329.9728055
1725352329.9735749
1725352329.9900038
1725352330.0055592
1725352330.0265555
1725352330.047091
1725352330.0792487
1725352330.0815432
1725352330.1106791
1725352330.125746
1725352330.1413808
1725352330.2219112
1725352330.293769
1725352330.3153653
1725352330.318359
1725352330.3502557
1725352330.3528543
1725352330.367623
1725352330.424461
1725352330.428307
1725352330.548682
1725352330.6021156
1725352330.6218307
1725352330.6257105
1725352330.6308403
1725352330.7052944
1725352330.713292
1725352330.7163918
1725352330.719405
1725352330.7241871
1725352330.725756
1725352330.7651715
1725352330.767267
1725352330.7876606
1725352330.788599
1725352330.8704157
1725352330.8731995
1725352330.874391
1725352330.946607
1725352330.948884
1725352330.951188
1725352330.9526162
1725352330.959003
1725352330.9604435
1725352331.0756338
1725352331.0792885
1725352331.105293
1725352331.1101112
1725352331.1154017
1725352331.1173837
1725352331.1179178
