2024-09-03 16:26:01
../stream-replay/logs/stuttering-6205.txt
1725351892.069006
1725351892.0694242
1725351892.0707848
1725351892.0713603
1725351892.0723596
1725351892.0744514
1725351892.1018448
1725351892.1030133
1725351892.124909
1725351892.1429443
1725351892.1564758
1725351892.1710243
1725351892.1869512
1725351892.2143924
1725351892.217211
1725351892.2433617
1725351892.2946494
1725351892.2957716
1725351892.2969327
1725351892.302458
1725351892.3508391
1725351892.3518476
1725351892.353697
1725351892.379607
1725351892.4389398
1725351892.441343
1725351892.456495
1725351892.4577413
1725351892.4972844
1725351892.498208
1725351892.4992027
1725351892.5825984
1725351892.6264162
1725351892.627821
1725351892.6278489
1725351892.6281006
1725351892.6287985
1725351892.6866739
1725351892.6990285
1725351892.840888
1725351892.8417513
1725351892.8446474
1725351892.887976
1725351892.8904703
1725351892.890686
1725351892.9103727
1725351892.911465
1725351892.912681
1725351892.9151626
1725351892.9531937
1725351892.9544373
1725351892.9550307
1725351892.956642
1725351893.0107615
1725351893.1720183
1725351893.1726165
1725351893.1747034
1725351893.1757605
1725351893.2655358
1725351893.2665231
1725351893.2673373
1725351893.2699082
1725351893.4211304
1725351893.4230072
1725351893.4266014
1725351893.4273634
1725351893.4995577
1725351893.5021713
1725351893.5027125
1725351893.5031846
1725351893.5522215
1725351893.558949
1725351893.5596855
1725351893.560648
1725351893.5619755
1725351893.6965516
1725351893.713699
1725351893.7157257
1725351893.7162788
1725351893.7882035
1725351893.7886345
1725351893.7901912
1725351893.8607059
1725351893.8689358
1725351893.869512
1725351893.9050744
1725351893.9062934
1725351893.9068666
1725351893.9070406
1725351893.9190123
1725351893.9193203
1725351893.9906926
1725351893.9916198
1725351894.0185905
1725351894.020026
1725351894.0620174
1725351894.0640461
1725351894.0645192
1725351894.1120384
1725351894.113475
1725351894.116202
1725351894.1177056
1725351894.224465
1725351894.225123
1725351894.2260904
1725351894.3120627
1725351894.3121517
1725351894.3129148
1725351894.329807
1725351894.3299198
1725351894.3988798
1725351894.3990119
1725351894.3999052
1725351894.4012263
1725351894.49423
1725351894.4947534
1725351894.4963164
1725351894.6071115
1725351894.6078184
1725351894.617029
1725351894.6182551
1725351894.6967695
1725351894.6977265
1725351894.698773
1725351894.708026
1725351894.8237593
1725351894.9142535
1725351894.9164367
1725351894.9167717
1725351894.9418209
1725351894.9422128
1725351894.9426806
1725351894.9458783
1725351894.9527059
1725351894.9542258
1725351894.9626334
1725351894.998919
1725351895.0035276
1725351895.0037806
1725351895.0137892
1725351895.014477
1725351895.0521288
1725351895.0526402
1725351895.0561388
1725351895.0566275
1725351895.0875373
1725351895.088383
1725351895.1374538
1725351895.1413782
1725351895.141959
1725351895.1591134
1725351895.1598961
1725351895.161299
1725351895.1626832
1725351895.175575
1725351895.1934402
1725351895.1940496
1725351895.1953857
1725351895.2964568
1725351895.2972963
1725351895.3275757
1725351895.32952
1725351895.333805
1725351895.334526
1725351895.3952992
1725351895.3979464
1725351895.3982298
1725351895.4276257
1725351895.4294121
1725351895.4376678
1725351895.4384131
1725351895.4400918
1725351895.4417305
1725351895.4729488
1725351895.4876587
1725351895.488175
1725351895.4901264
1725351895.4909148
1725351895.5740185
1725351895.5741048
1725351895.5791519
1725351895.5926275
1725351895.5937953
1725351895.5942707
1725351895.6019847
1725351895.6020763
1725351895.6199465
1725351895.632904
1725351895.7467265
1725351895.7474988
1725351895.7486727
1725351895.779085
1725351895.782132
1725351895.8001776
1725351895.8010159
1725351895.8016405
1725351895.8363233
1725351895.8373346
1725351895.8382342
1725351895.8440907
1725351896.008858
1725351896.0102036
1725351896.0102284
1725351896.0102875
1725351896.0103195
1725351896.0203223
1725351896.0258553
1725351896.2631028
1725351896.264099
1725351896.276325
1725351896.2767806
1725351896.4291592
1725351896.4316611
1725351896.4320343
1725351896.4352205
1725351896.4459212
1725351896.4468112
1725351896.4486284
1725351896.4848416
1725351896.4861271
1725351896.486516
1725351896.488791
1725351896.5163403
1725351896.52281
1725351896.5237799
1725351896.5245683
1725351896.545462
1725351896.5485568
1725351896.549049
1725351896.5624151
1725351896.563503
1725351896.714117
1725351896.7147129
1725351896.7169187
1725351896.7179317
1725351896.7241666
1725351896.724264
1725351896.7255452
1725351896.7519848
1725351896.7527175
1725351896.8576655
1725351896.9019966
1725351896.9025059
1725351896.90333
1725351896.9088953
1725351897.0164154
1725351897.0177653
1725351897.0264819
1725351897.0288777
1725351897.0290067
1725351897.0291255
1725351897.0292459
1725351897.0310721
1725351897.031365
1725351897.042
1725351897.043459
1725351897.0745914
1725351897.0748055
1725351897.0748882
1725351897.0784283
1725351897.0790918
1725351897.1468062
1725351897.14856
1725351897.1744578
1725351897.1761215
1725351897.2000608
1725351897.3522522
1725351897.3523397
1725351897.3674111
1725351897.3686209
1725351897.3783572
1725351897.3793936
1725351897.380193
1725351897.3942616
1725351897.395532
1725351897.4343405
1725351897.435075
1725351897.4367883
1725351897.4884071
1725351897.4903033
1725351897.4957652
1725351897.586625
1725351897.588211
1725351897.5883482
1725351897.60303
1725351897.6045492
1725351897.6054711
1725351897.6141782
1725351897.6492941
1725351897.6504219
1725351897.7426467
1725351897.7433925
1725351897.7718692
1725351897.7724802
1725351897.7742019
1725351897.8576703
1725351897.8583193
1725351897.9449186
1725351897.9456375
1725351897.9467876
1725351898.0524597
1725351898.0531728
1725351898.0549526
1725351898.0789235
1725351898.0798464
1725351898.0812771
1725351898.246398
1725351898.2473862
1725351898.248446
1725351898.3019874
1725351898.3040433
1725351898.3332422
1725351898.335301
1725351898.3472998
1725351898.3487978
1725351898.349686
1725351898.354946
1725351898.357298
1725351898.3686411
1725351898.3846536
1725351898.387408
1725351898.388074
1725351898.3885844
1725351898.3986988
1725351898.4004185
1725351898.4028373
1725351898.4564002
1725351898.456487
1725351898.4574873
1725351898.4592526
1725351898.4751356
1725351898.4775612
1725351898.489192
1725351898.4903896
1725351898.5050533
1725351898.5806413
1725351898.5829706
1725351898.5989792
1725351898.5995786
1725351898.6494985
1725351898.6507227
1725351898.6573598
1725351898.6579294
1725351898.7092745
1725351898.710555
1725351898.7121384
1725351898.7358212
1725351898.7720459
1725351898.7734962
1725351898.7740989
1725351898.8511925
1725351898.852479
1725351898.8536701
1725351898.8549132
1725351898.8564608
1725351898.8790026
1725351898.9026768
1725351898.90384
1725351898.9178674
1725351899.148828
1725351899.1493819
1725351899.1505082
1725351899.1992083
1725351899.1998973
1725351899.2007449
1725351899.203584
1725351899.226768
1725351899.2276418
1725351899.2285485
1725351899.2571018
1725351899.2581067
1725351899.258815
1725351899.2601523
1725351899.3072984
1725351899.3093383
1725351899.3144937
1725351899.3145208
1725351899.314549
1725351899.3906891
1725351899.4085882
1725351899.4390624
1725351899.4404688
1725351899.4483745
1725351899.4490845
1725351899.5393016
1725351899.5405645
1725351899.5411696
1725351899.542051
1725351899.5439227
1725351899.6076012
1725351899.6088727
1725351899.6105082
1725351899.625585
1725351899.6265004
1725351899.6653063
1725351899.7166393
1725351899.71799
1725351899.7194657
1725351899.744266
1725351899.9534707
1725351899.9541538
1725351899.9553306
1725351900.0116115
1725351900.0126665
1725351900.0147688
1725351900.0501413
1725351900.0507066
1725351900.0514474
1725351900.0532804
1725351900.1175692
1725351900.1183257
1725351900.1212912
1725351900.1223474
1725351900.137483
1725351900.1384895
1725351900.1401072
1725351900.1428003
1725351900.2057562
1725351900.2911944
1725351900.2924366
1725351900.2949982
1725351900.295103
1725351900.348073
1725351900.348806
1725351900.349791
1725351900.3518546
1725351900.356972
1725351900.454288
1725351900.4553297
1725351900.457386
1725351900.534684
1725351900.5368543
1725351900.5379508
1725351900.5408356
1725351900.5425456
1725351900.6952229
1725351900.6960893
1725351900.6971037
1725351900.716722
1725351900.718493
1725351900.7610936
1725351900.761934
1725351900.7636676
1725351900.7662966
1725351900.8346624
1725351900.8353548
1725351900.835871
1725351900.850144
1725351900.850837
1725351900.8522487
1725351900.854725
1725351900.8667114
1725351900.8675842
1725351900.8682506
1725351900.876407
1725351900.8769162
1725351900.8791099
1725351900.9019027
1725351900.9138355
1725351900.9683845
1725351900.971102
1725351901.0855098
1725351901.086472
1725351901.0903113
1725351901.1080282
1725351901.1086671
1725351901.1093946
1725351901.1128948
1725351901.160189
1725351901.1615145
1725351901.16249
1725351901.2339256
1725351901.235064
1725351901.2364035
1725351901.2379456
1725351901.2576027
1725351901.2590756
1725351901.2607646
1725351901.2810316
1725351901.3106267
1725351901.3126523
1725351901.3444655
1725351901.4363434
1725351901.4405994
1725351901.492029
1725351901.4942162
1725351901.4962687
1725351901.5359383
1725351901.5372515
1725351901.5378144
1725351901.5723116
1725351901.5755234
1725351901.5833533
1725351901.5841844
1725351901.6407259
1725351901.6416311
1725351901.6437182
1725351901.683873
1725351901.7123785
1725351901.713189
1725351901.7144842
1725351901.7254431
1725351901.7848952
1725351901.787343
1725351902.0653496
1725351902.2478952
1725351902.2490768
1725351902.2503736
1725351902.353085
1725351902.355256
1725351902.355533
1725351902.3570735
1725351902.359088
1725351902.3596144
1725351902.3827417
1725351902.3840113
1725351902.3854315
1725351902.3867564
1725351902.3881
1725351902.3912754
1725351902.4122632
1725351902.4127898
1725351902.4133546
1725351902.4612715
1725351902.4694152
1725351902.4694934
1725351902.4742703
1725351902.4863846
1725351902.489593
1725351902.4900775
1725351902.527757
1725351902.5287068
1725351902.5373678
1725351902.537431
1725351902.5374892
1725351902.5846114
1725351902.5856738
1725351902.5882978
1725351902.5903344
1725351902.6061296
1725351902.6074245
1725351902.608012
1725351902.6807768
1725351902.7515535
1725351902.7516
1725351902.751617
1725351902.7525735
1725351902.7544327
1725351902.8646848
1725351902.8825445
1725351902.8877559
1725351902.9013417
1725351902.902495
1725351902.9439535
1725351902.944792
1725351902.9462519
1725351902.9479437
1725351902.9502554
1725351902.965772
1725351902.9662793
1725351902.9671402
1725351902.96814
1725351902.9788842
1725351902.9802096
1725351903.0122373
1725351903.0238545
1725351903.0439463
1725351903.0643544
1725351903.074334
1725351903.090373
1725351903.1056242
1725351903.1567113
1725351903.1829069
1725351903.1843958
1725351903.1856055
1725351903.2040157
1725351903.2198699
1725351903.2378416
1725351903.252772
1725351903.2704678
1725351903.3182664
1725351903.318954
1725351903.3209689
1725351903.335574
1725351903.4011717
1725351903.4014804
1725351903.4885502
1725351903.581763
1725351903.583657
1725351903.6178932
1725351903.6189103
1725351903.6200266
1725351903.6208055
1725351903.6236062
1725351903.6238825
1725351903.6305592
1725351903.648609
1725351903.6670883
1725351903.7323117
1725351903.7323895
1725351903.7324355
1725351903.732625
1725351903.7327995
1725351903.7329912
1725351903.7721608
1725351903.7907393
1725351903.7907765
1725351903.837638
1725351903.8436673
1725351903.8759108
1725351903.914993
1725351903.9282725
1725351903.9575398
1725351903.988157
1725351904.008306
1725351904.0759304
1725351904.0760138
1725351904.076762
1725351904.076803
1725351904.1050227
1725351904.2697022
1725351904.2699249
1725351904.2699656
1725351904.2700055
1725351904.2706578
1725351904.2707026
1725351904.2708187
1725351904.2708879
1725351904.270942
1725351904.2711568
1725351904.2713501
1725351904.3109682
1725351904.3110147
1725351904.354934
1725351904.354966
1725351904.3632023
1725351904.3987732
1725351904.4517946
1725351904.4519799
1725351904.4520156
1725351904.5415802
1725351904.5416224
1725351904.5416706
1725351904.5417447
1725351904.5418127
1725351904.6004484
1725351904.609024
1725351904.60909
1725351904.60915
1725351904.6143055
1725351904.6320488
1725351904.6555254
1725351904.691648
1725351904.7060635
1725351904.7138455
1725351904.7359796
1725351904.7507133
1725351904.7699068
1725351904.7854464
1725351904.8186624
1725351904.8341336
1725351904.8510468
1725351904.8669617
1725351904.8988836
1725351904.9153733
1725351904.9336696
1725351904.9501383
1725351905.0029938
1725351905.0166383
1725351905.0388205
1725351905.0402641
1725351905.0554116
1725351905.0998244
1725351905.101536
1725351905.1180625
1725351905.1345708
1725351905.1676385
1725351905.1683595
1725351905.1914964
1725351905.1998625
1725351905.2422109
1725351905.2436266
1725351905.3060277
1725351905.3076546
1725351905.3209996
1725351905.3216221
1725351905.3378224
1725351905.403368
1725351905.403924
1725351905.4040046
1725351905.407906
1725351905.502201
1725351905.5032067
1725351905.5042348
1725351905.513793
1725351905.5143855
1725351905.5158699
1725351905.562384
1725351905.5630276
1725351905.6614466
1725351905.6624172
1725351905.662972
1725351905.664072
1725351905.6809788
1725351905.682273
1725351905.6824496
1725351905.6915212
1725351905.8044016
1725351905.8166242
1725351905.8175235
1725351905.8190453
1725351905.8285308
1725351905.8291523
1725351905.8298564
1725351905.8303344
1725351905.9759922
1725351905.9769163
1725351905.9770143
1725351905.9770787
1725351905.9774876
1725351906.03637
1725351906.040186
1725351906.1847196
1725351906.21712
1725351906.2178164
1725351906.2751882
1725351906.2761915
1725351906.2796936
1725351906.280795
1725351906.2823153
1725351906.287541
1725351906.3036594
1725351906.3135216
1725351906.3965878
1725351906.424961
1725351906.4256296
1725351906.427265
1725351906.4282274
1725351906.4294636
1725351906.431611
1725351906.4594355
1725351906.4926264
1725351906.4942746
1725351906.5122986
1725351906.602891
1725351906.6043515
1725351906.6056385
1725351906.6074882
1725351906.6119063
1725351906.6140666
1725351906.6919692
1725351906.693254
1725351906.6947846
1725351906.702686
1725351906.7027793
1725351906.756232
1725351906.936474
1725351906.9401455
1725351906.9660301
1725351906.967074
1725351906.9682767
1725351906.9688072
1725351907.008365
1725351907.008836
1725351907.034553
1725351907.0353823
1725351907.0373437
1725351907.0817983
1725351907.0824232
1725351907.0832667
1725351907.1235733
1725351907.1256022
1725351907.1920166
1725351907.1923115
1725351907.1930225
1725351907.194169
1725351907.2179837
1725351907.3171668
1725351907.3177054
1725351907.318647
1725351907.3246398
1725351907.333155
1725351907.3925383
1725351907.3930402
1725351907.3940709
1725351907.415463
1725351907.418155
1725351907.4188223
1725351907.457553
1725351907.4594355
1725351907.4766138
1725351907.4774911
1725351907.478604
1725351907.5220122
1725351907.523598
1725351907.5246944
1725351907.6190786
1725351907.6209466
1725351907.6747282
1725351907.6754496
1725351907.6870713
1725351907.690278
1725351907.6952865
1725351907.6961071
1725351907.757234
1725351907.758709
1725351907.760373
1725351907.766218
1725351907.7976396
1725351907.7984145
1725351907.814337
1725351907.9436498
1725351907.9487636
1725351907.9811676
1725351907.9825795
1725351907.9829826
1725351908.0705738
1725351908.0722713
1725351908.0728498
1725351908.0869825
1725351908.088888
1725351908.111798
1725351908.114324
1725351908.1670258
1725351908.1675014
1725351908.1680217
1725351908.1685963
1725351908.233567
1725351908.288668
1725351908.2957735
1725351908.296479
1725351908.2980304
1725351908.3909435
1725351908.39266
1725351908.3944075
1725351908.3982909
1725351908.3998845
1725351908.4452975
1725351908.4469516
1725351908.4475825
1725351908.4609404
1725351908.4610343
1725351908.5516112
1725351908.5520396
1725351908.55386
1725351908.5583935
1725351908.5588987
1725351908.5746787
1725351908.5750813
1725351908.6362932
1725351908.6378424
1725351908.6390023
1725351908.681869
1725351908.6829066
1725351908.6840975
1725351908.708684
1725351908.7467685
1725351908.7492814
1725351908.7499073
1725351908.7575994
1725351908.8508072
1725351908.8519008
1725351908.8533778
1725351908.8673074
1725351908.8690434
1725351908.8704226
1725351908.940949
1725351908.9425383
1725351908.9443183
1725351908.9631827
1725351908.9638946
1725351908.999145
1725351909.10444
1725351909.1075685
1725351909.1448667
1725351909.1454353
1725351909.2357907
1725351909.2368138
1725351909.2651114
1725351909.2812324
1725351909.2812653
1725351909.2812858
1725351909.2813318
1725351909.2843237
1725351909.3765466
1725351909.4247868
1725351909.4254808
1725351909.426457
1725351909.427616
1725351909.4355123
1725351909.471912
1725351909.4720016
1725351909.4743474
1725351909.4757967
1725351909.5200865
1725351909.5214047
1725351909.5240529
1725351909.7507904
1725351909.796981
1725351909.8431232
1725351909.843987
1725351909.8542542
1725351909.8551545
1725351909.8568451
1725351909.8575845
1725351909.8819752
1725351909.8823526
1725351909.9116113
1725351909.9118075
1725351909.9120035
1725351909.9261138
1725351909.9269226
1725351909.9284108
1725351909.93024
1725351909.9633303
1725351909.9641604
1725351909.9658601
1725351910.0371497
1725351910.0376685
1725351910.0381658
1725351910.143314
1725351910.2257862
1725351910.2271628
1725351910.242419
1725351910.244343
1725351910.245657
1725351910.246224
1725351910.2503319
1725351910.4571
1725351910.4582286
1725351910.4643068
1725351910.488961
1725351910.4899974
1725351910.491629
1725351910.492498
1725351910.6378758
1725351910.6393716
1725351910.642533
1725351910.6555374
1725351910.6820514
1725351910.6840994
1725351910.6841874
1725351910.7910173
1725351910.7919428
1725351910.859679
1725351910.86127
1725351910.8619993
1725351910.899956
1725351910.9004333
1725351910.901492
1725351910.9020379
1725351910.90254
1725351910.9153647
1725351910.9847665
1725351910.985671
1725351911.0035815
1725351911.004066
1725351911.004358
1725351911.0051208
1725351911.0226107
1725351911.0250819
1725351911.0285823
1725351911.0550225
1725351911.056972
1725351911.0649986
1725351911.0650873
1725351911.065817
1725351911.118437
1725351911.1197126
1725351911.1235738
1725351911.25377
1725351911.2542622
1725351911.254746
1725351911.257369
1725351911.2651186
1725351911.2673972
1725351911.2681339
1725351911.270053
1725351911.2710195
1725351911.2724597
1725351911.3231854
1725351911.3236644
1725351911.3249247
1725351911.337941
1725351911.341293
1725351911.3424597
1725351911.3652823
1725351911.365944
1725351911.3811662
1725351911.41961
1725351911.4439359
1725351911.4457068
1725351911.4629421
1725351911.5141764
1725351911.5160067
1725351911.57635
1725351911.5779889
1725351911.5796196
1725351911.8025043
1725351911.803781
1725351911.8291757
1725351911.829711
1725351911.8310657
1725351911.9092782
1725351911.910537
1725351911.914297
1725351912.0032291
1725351912.003373
1725351912.0034525
1725351912.1183984
1725351912.119357
1725351912.1797552
1725351912.1805868
1725351912.1813986
1725351912.2201128
1725351912.2203581
1725351912.2212927
1725351912.2325108
1725351912.232884
1725351912.330175
1725351912.3322062
1725351912.3407874
1725351912.3411965
1725351912.3418312
1725351912.342472
1725351912.3672926
1725351912.3679163
1725351912.3907669
1725351912.3916223
1725351912.3926811
1725351912.3930523
1725351912.4563127
1725351912.457363
1725351912.4580574
1725351912.4974728
1725351912.4991932
1725351912.5075064
1725351912.5660694
1725351912.5666988
1725351912.5670264
1725351912.5686378
1725351912.5774815
1725351912.577756
1725351912.6182203
1725351912.8350666
1725351912.83513
1725351912.8351686
1725351912.8381417
1725351912.9347842
1725351913.0437639
1725351913.0450974
1725351913.0645843
1725351913.0669155
1725351913.069779
1725351913.1262383
1725351913.126756
1725351913.1272504
1725351913.1754363
1725351913.1765444
1725351913.1927521
1725351913.193292
1725351913.1949742
1725351913.2190573
1725351913.2379022
1725351913.3177018
1725351913.3252506
1725351913.3324175
1725351913.3400576
1725351913.3409085
1725351913.3421488
1725351913.3582048
1725351913.358895
1725351913.3597372
1725351913.4685464
1725351913.4698436
1725351913.471501
1725351913.4730906
1725351913.4912806
1725351913.4920726
1725351913.5782
1725351913.603989
1725351913.604906
1725351913.6056182
1725351913.6762815
1725351913.6786184
1725351913.679216
1725351913.6968265
1725351913.697516
1725351913.6990101
1725351913.7253675
1725351913.7254546
1725351913.7255528
1725351913.7683022
1725351913.7692678
1725351913.7693634
1725351913.8715198
1725351913.8722403
1725351913.9621286
1725351913.9637
1725351913.9643168
1725351914.0476062
1725351914.0494187
1725351914.0507166
1725351914.0588744
1725351914.059376
1725351914.0856164
1725351914.086711
1725351914.1014206
1725351914.1015432
1725351914.1320896
1725351914.1324515
1725351914.132753
1725351914.1408718
1725351914.1585665
1725351914.1606944
1725351914.1616375
1725351914.2087383
1725351914.2511728
1725351914.2531688
1725351914.2616823
1725351914.2617683
1725351914.2846773
1725351914.2847798
1725351914.2854297
1725351914.2987504
1725351914.3167984
1725351914.4059646
1725351914.4326382
1725351914.4337518
1725351914.4349883
1725351914.517138
1725351914.5187433
1725351914.5191927
1725351914.5210965
1725351914.5782878
1725351914.57977
1725351914.5809166
1725351914.5818133
1725351914.5940595
1725351914.5945942
1725351914.5962353
1725351914.6031554
1725351914.676106
1725351914.678852
1725351914.6996577
1725351914.7004673
1725351914.7017336
1725351914.7301402
1725351914.7737484
1725351914.7767174
1725351914.8766012
1725351914.8777885
1725351915.015479
1725351915.0172033
1725351915.0193934
1725351915.023706
1725351915.0335007
1725351915.059883
1725351915.0606487
1725351915.062007
1725351915.0715716
1725351915.073354
1725351915.1460612
1725351915.1465907
1725351915.2395325
1725351915.2403924
1725351915.2430418
1725351915.3182325
1725351915.3227637
1725351915.4251385
1725351915.4295206
1725351915.430386
1725351915.4327614
1725351915.4403725
1725351915.4410732
1725351915.4417887
1725351915.4436674
1725351915.4442205
1725351915.4959135
1725351915.4982512
1725351915.4994795
1725351915.501597
1725351915.528014
1725351915.5286798
1725351915.5295818
1725351915.5315752
1725351915.5504942
1725351915.553062
1725351915.5821123
1725351915.58376
1725351915.6796935
1725351915.6826565
1725351915.7061968
1725351915.7074049
1725351915.7085278
1725351915.7096117
1725351915.7789588
1725351915.7797947
1725351915.8114486
1725351915.8131082
1725351915.8131378
1725351915.8131886
1725351915.8694458
1725351915.8940978
1725351915.9087515
1725351915.9587507
1725351915.985736
1725351915.9880657
1725351916.0214906
1725351916.0660787
1725351916.0666306
1725351916.0671976
1725351916.067747
1725351916.0815928
1725351916.1009119
1725351916.1948624
1725351916.195689
1725351916.1965284
1725351916.2319531
1725351916.233196
1725351916.2929533
1725351916.2936957
1725351916.3071444
1725351916.3076937
1725351916.3087656
1725351916.3092122
1725351916.3264964
1725351916.376142
1725351916.4825256
1725351916.4831033
1725351916.5118651
1725351916.5123518
1725351916.5135682
1725351916.5899725
1725351916.6062763
1725351916.6074533
1725351916.60797
1725351916.616473
1725351916.6180832
1725351916.6181898
1725351916.757559
1725351916.7722938
1725351916.772433
1725351916.772915
1725351916.8462758
1725351916.8486068
1725351916.8486898
1725351916.8601942
1725351916.8608446
1725351916.8628218
1725351916.890045
1725351916.8909752
1725351916.9032393
1725351916.903444
1725351916.9049466
1725351916.9365056
1725351916.9377863
1725351916.9577749
1725351917.0153058
1725351917.0161085
1725351917.0209095
1725351917.0214434
1725351917.0714076
1725351917.1109688
1725351917.1115742
1725351917.2408597
1725351917.2420368
1725351917.2432005
1725351917.2898757
1725351917.2904248
1725351917.290951
1725351917.4634619
1725351917.4652903
1725351917.4735596
1725351917.4755664
1725351917.5196433
1725351917.5204136
1725351917.5220857
1725351917.5382514
1725351917.538731
1725351917.539616
1725351917.5401154
1725351917.5665402
1725351917.570332
1725351917.5730429
1725351917.644369
1725351917.6456192
1725351917.6578107
1725351917.6586554
1725351917.6595857
1725351917.6764448
1725351917.6777866
1725351917.7420359
1725351917.7428195
1725351917.7429078
1725351917.7438304
1725351917.9262707
1725351917.9263608
1725351918.0682254
1725351918.145304
1725351918.1459699
1725351918.154883
1725351918.1620631
1725351918.1626809
1725351918.169655
1725351918.2442808
1725351918.2443824
1725351918.245391
1725351918.2482316
1725351918.3144848
1725351918.4262545
1725351918.426967
1725351918.4409359
1725351918.4435062
1725351918.4440339
1725351918.4504774
1725351918.4579375
1725351918.4585023
1725351918.4592166
1725351918.45979
1725351918.5055146
1725351918.507047
1725351918.545152
1725351918.5506372
1725351918.648134
1725351918.6491454
1725351918.6500762
1725351918.6573663
1725351918.657757
1725351918.68992
1725351918.6929774
1725351918.6932487
1725351918.795271
1725351918.7958083
1725351918.7964652
1725351918.8256261
1725351918.8261464
1725351918.827098
1725351918.8276927
1725351918.8304498
1725351918.8309462
1725351918.8484635
1725351918.8530889
1725351918.8608093
1725351918.8613052
1725351918.8625405
1725351918.8631346
1725351918.8730454
1725351918.8744586
1725351918.8753264
1725351918.9002964
1725351918.9010863
1725351918.90274
1725351918.9034066
1725351918.910515
1725351918.9702377
1725351918.9722278
1725351918.9738514
1725351919.0009592
1725351919.002121
1725351919.002648
1725351919.0043287
1725351919.0348527
1725351919.0993752
1725351919.1007307
1725351919.1007545
1725351919.106521
1725351919.153571
1725351919.194415
1725351919.208939
1725351919.2247005
1725351919.2256923
1725351919.2758787
1725351919.304826
1725351919.4631069
1725351919.4635246
1725351919.464074
1725351919.4655073
1725351919.4707353
1725351919.4883492
1725351919.4888983
1725351919.4912932
1725351919.4988008
1725351919.4993432
1725351919.5490584
1725351919.5755847
1725351919.5762842
1725351919.5769753
1725351919.5848293
1725351919.585784
1725351919.6074724
1725351919.6189
1725351919.6588023
1725351919.7236445
1725351919.7240648
1725351919.7668617
1725351919.7680252
1725351919.7693572
1725351919.7712767
1725351919.7921247
1725351919.7942352
1725351919.841769
1725351919.8424475
1725351919.9500742
1725351919.950625
1725351919.9511235
1725351919.9518027
1725351919.9687552
1725351920.0012252
1725351920.0016267
1725351920.2281508
1725351920.229551
1725351920.3168511
1725351920.3175166
1725351920.344051
1725351920.375385
1725351920.3754835
1725351920.375575
1725351920.3938286
1725351920.3944938
1725351920.3960862
1725351920.4102116
1725351920.4124255
1725351920.446973
1725351920.4717436
1725351920.4736786
1725351920.4824305
1725351920.4901545
1725351920.490911
1725351920.492299
1725351920.5605702
1725351920.561447
1725351920.5673194
1725351920.5687244
1725351920.570277
1725351920.5762653
1725351920.577428
1725351920.592428
1725351920.6424236
1725351920.64603
1725351920.6551669
1725351920.6567817
1725351920.6806881
1725351920.6815343
1725351920.7161818
1725351920.716994
1725351920.7327776
1725351920.9192855
1725351920.9208016
1725351920.9209023
1725351920.931004
1725351920.9315104
1725351920.9320056
1725351921.0516896
1725351921.0548787
1725351921.0794518
1725351921.080113
1725351921.0806894
1725351921.2590272
1725351921.259786
1725351921.2620816
1725351921.3002985
1725351921.3018787
1725351921.303245
1725351921.3070617
1725351921.4420023
1725351921.4420958
1725351921.4425948
1725351921.5515418
1725351921.5523145
1725351921.5554442
1725351921.6579363
1725351921.659015
1725351921.6651943
1725351921.751228
1725351921.7530384
1725351921.7537558
1725351921.808998
1725351921.8121045
1725351921.885287
1725351921.8859115
1725351921.8866918
1725351921.887208
1725351921.9976425
1725351921.999346
1725351922.0200863
1725351922.0206645
1725351922.0218265
1725351922.1199865
1725351922.120753
1725351922.1434224
1725351922.1519535
1725351922.1548965
1725351922.1573722
1725351922.2346783
1725351922.2352521
1725351922.2374218
1725351922.238893
1725351922.3186586
1725351922.319432
1725351922.320045
1725351922.367722
1725351922.3694937
1725351922.3701038
1725351922.3755686
1725351922.3761854
1725351922.4732897
1725351922.4741986
1725351922.4747827
1725351922.5195189
1725351922.5210764
1725351922.522065
1725351922.5267951
1725351922.5347137
1725351922.5365508
1725351922.5459607
1725351922.5465257
1725351922.5476537
1725351922.5885284
1725351922.590221
1725351922.5907311
1725351922.6041658
1725351922.6046236
1725351922.6051085
1725351922.6161127
1725351922.8469841
1725351922.8482292
1725351922.8483944
1725351922.8484116
1725351922.8485012
1725351922.8687313
1725351922.9470048
1725351922.982601
1725351922.9832242
1725351923.0044913
1725351923.0055082
1725351923.0074255
1725351923.0196626
1725351923.0212002
1725351923.022231
1725351923.0242062
1725351923.0897038
1725351923.090319
1725351923.0904632
1725351923.1054192
1725351923.1054971
1725351923.1437354
1725351923.1445148
1725351923.158005
1725351923.1592665
1725351923.1600838
1725351923.178606
1725351923.1798973
1725351923.1809597
1725351923.2193565
1725351923.2204785
1725351923.2213569
1725351923.2219539
1725351923.223856
1725351923.229921
1725351923.2461991
1725351923.246485
1725351923.2473116
1725351923.2487023
1725351923.2507145
1725351923.2974544
1725351923.3094947
1725351923.3101172
1725351923.3109949
1725351923.329265
1725351923.3296485
1725351923.3302708
1725351923.331954
1725351923.5828931
1725351923.583348
1725351923.701787
1725351923.7025335
1725351923.70385
1725351923.705618
1725351923.7307026
1725351923.7309775
1725351923.7339015
1725351923.735394
1725351923.7817783
1725351923.7820587
1725351923.7831087
1725351923.949868
1725351923.9538393
1725351923.9826846
1725351923.9831967
1725351923.983924
1725351924.0245569
1725351924.0273626
1725351924.0342832
1725351924.035469
1725351924.0362427
1725351924.108612
1725351924.1114783
1725351924.112439
1725351924.1130874
1725351924.1294093
1725351924.130806
1725351924.1326933
1725351924.133455
1725351924.1511333
1725351924.1516256
1725351924.152137
1725351924.1527832
1725351924.1553214
1725351924.1756802
1725351924.1772537
1725351924.1778712
1725351924.211465
1725351924.21155
1725351924.2145302
1725351924.2146053
1725351924.2340908
1725351924.2432995
1725351924.2451203
1725351924.308011
1725351924.309604
1725351924.3110294
1725351924.311829
1725351924.3378358
1725351924.3401697
1725351924.425917
1725351924.4271066
1725351924.4277985
1725351924.701065
1725351924.7027214
1725351924.7029147
1725351924.7591696
1725351924.7603061
1725351924.7904625
1725351924.7930408
1725351924.7938142
1725351924.8299375
1725351924.8304358
1725351924.8309426
1725351924.8454187
1725351924.849129
1725351924.87043
1725351924.8732245
1725351924.902188
1725351924.9027398
1725351924.9061587
1725351924.9070275
1725351924.9443588
1725351924.9463632
1725351924.946853
1725351924.950056
1725351924.9514134
1725351924.9738955
1725351924.9751637
1725351925.0459316
1725351925.0465593
1725351925.0555422
1725351925.065383
1725351925.0657876
1725351925.1350064
1725351925.1497076
1725351925.1519487
1725351925.1524987
1725351925.1530638
1725351925.1538024
1725351925.175639
1725351925.1760457
1725351925.1767886
1725351925.1937177
1725351925.3339021
1725351925.3342433
1725351925.3357599
1725351925.359255
1725351925.3614953
1725351925.3627205
1725351925.391246
1725351925.3922143
1725351925.3936384
1725351925.4373717
1725351925.4374378
1725351925.4374971
1725351925.4755502
1725351925.4925864
1725351925.4936945
1725351925.5020092
1725351925.5382178
1725351925.5394425
1725351925.576357
1725351925.5777366
1725351925.5903573
1725351925.6388013
1725351925.6399322
1725351925.7290604
1725351925.7890148
1725351925.7890508
1725351925.789081
1725351925.7891145
1725351925.792563
1725351925.869875
1725351925.9450138
1725351925.9462
1725351926.0393903
1725351926.0401816
1725351926.0428715
1725351926.046866
1725351926.0801263
1725351926.0821176
1725351926.0833728
1725351926.0858285
1725351926.0877016
1725351926.1265297
1725351926.1270342
1725351926.1303878
1725351926.1864655
1725351926.1867902
1725351926.1877222
1725351926.3957682
1725351926.3986692
1725351926.445408
1725351926.4460201
1725351926.446616
1725351926.4495997
1725351926.4548514
1725351926.4707282
1725351926.4737
1725351926.5403528
1725351926.5409281
1725351926.541508
1725351926.5446088
1725351926.5462182
1725351926.5830455
1725351926.624155
1725351926.6401193
1725351926.640819
1725351926.642088
1725351926.6500056
1725351926.6505103
1725351926.6510463
1725351926.662683
1725351926.663597
1725351926.7546773
1725351926.7589624
1725351926.8108392
1725351926.885422
1725351926.8898757
1725351927.0128284
1725351927.0133016
1725351927.0166137
1725351927.0185332
1725351927.0540872
1725351927.0579662
1725351927.0596807
1725351927.0944657
1725351927.0987923
1725351927.0990448
1725351927.1153457
1725351927.2847795
1725351927.2863736
1725351927.2872782
1725351927.2889307
1725351927.2900078
1725351927.3323352
1725351927.3349369
1725351927.3485823
1725351927.3507626
1725351927.351851
1725351927.3707454
1725351927.3713048
1725351927.3723278
1725351927.3731227
1725351927.4528513
1725351927.455251
1725351927.4569137
1725351927.4848971
1725351927.4865801
1725351927.4872692
1725351927.4898329
1725351927.5351014
1725351927.5382206
1725351927.546138
1725351927.5474167
1725351927.6230586
1725351927.6244445
1725351927.6253386
1725351927.6272364
1725351927.6768122
1725351927.6777582
1725351927.6801918
1725351927.6946716
1725351927.764524
1725351927.764813
1725351927.7668111
1725351927.767417
1725351927.904052
1725351927.9068086
1725351927.9496317
1725351927.9522514
1725351927.9536164
1725351927.9570744
1725351927.957217
1725351927.9857998
1725351927.9883327
1725351927.9906936
1725351928.021612
1725351928.0236158
1725351928.1379542
1725351928.1391778
1725351928.140293
1725351928.1439483
1725351928.2112267
1725351928.2114398
1725351928.2729158
1725351928.2741427
1725351928.2760086
1725351928.2906196
1725351928.4395797
1725351928.4425821
1725351928.4446597
1725351928.5229523
1725351928.5250533
1725351928.5277083
1725351928.5384548
1725351928.5393772
1725351928.5408218
1725351928.543769
1725351928.5447755
1725351928.604234
1725351928.605675
1725351928.6072025
1725351928.6087408
1725351928.6129966
1725351928.6241825
1725351928.626642
1725351928.627703
1725351928.6351671
1725351928.6356862
1725351928.6374466
1725351928.7229526
1725351928.7238128
1725351928.7247295
1725351928.7386289
1725351928.7403097
1725351928.7410944
1725351928.7419882
1725351928.757779
1725351928.7580662
1725351928.8083265
1725351928.809557
1725351928.8104148
1725351928.882183
1725351928.9069648
1725351928.908127
1725351928.9097583
1725351928.911165
1725351928.9498577
1725351928.9511957
1725351928.9522984
1725351929.0821464
1725351929.0830035
1725351929.0830998
1725351929.0831814
1725351929.0832958
1725351929.1218207
1725351929.1540213
1725351929.1722326
1725351929.174643
1725351929.2309165
1725351929.2315624
1725351929.2947466
1725351929.2958276
1725351929.2963588
1725351929.2974007
1725351929.3005672
1725351929.4391491
1725351929.4413888
1725351929.4493296
1725351929.4508157
1725351929.4883432
1725351929.491475
1725351929.5188735
1725351929.5204244
1725351929.5212495
1725351929.5221405
1725351929.5318136
1725351929.533426
1725351929.6184878
1725351929.6205816
1725351929.7007809
1725351929.7020798
1725351929.7037578
1725351929.7766008
1725351929.7782335
1725351929.780158
1725351929.7810786
1725351929.8328238
1725351929.8342593
1725351929.8347337
1725351929.8403234
1725351929.8404384
1725351929.8503594
1725351929.966025
1725351929.9736881
1725351929.9744284
1725351929.9764109
1725351929.9831378
1725351929.9849904
1725351930.004081
1725351930.2120745
1725351930.2131681
1725351930.2144296
1725351930.2159073
1725351930.3205872
1725351930.3217826
1725351930.3242881
1725351930.3278022
1725351930.3952942
1725351930.3977118
1725351930.3983948
1725351930.4024096
1725351930.474234
1725351930.4764304
1725351930.5050197
1725351930.5072033
1725351930.5078223
1725351930.509044
1725351930.509839
1725351930.6418478
1725351930.642356
1725351930.6437767
1725351930.646792
1725351930.657591
1725351930.6584196
1725351930.6592555
1725351930.6785495
1725351930.679134
1725351930.679655
1725351930.6801534
1725351930.6994054
1725351930.8191726
1725351930.8764307
1725351930.8786185
1725351930.9155707
1725351930.916088
1725351930.9168808
1725351931.0048459
1725351931.0072913
1725351931.0238142
1725351931.0243053
1725351931.0245724
1725351931.0268118
1725351931.0529158
1725351931.0555
1725351931.0568333
1725351931.058667
1725351931.0859795
1725351931.0886078
1725351931.090307
1725351931.0908725
1725351931.094992
1725351931.1248355
1725351931.1268282
1725351931.148836
1725351931.162744
1725351931.222928
1725351931.224149
1725351931.224952
1725351931.2428648
1725351931.3014014
1725351931.3043098
1725351931.3470097
1725351931.3493197
1725351931.350276
1725351931.3865874
1725351931.3871453
1725351931.5473626
1725351931.7081988
1725351931.7088535
1725351931.7678921
1725351931.7713513
1725351931.7718966
1725351931.8605425
1725351931.862325
1725351931.8669686
1725351931.9336102
1725351931.9341505
1725351931.9350934
1725351931.9398544
1725351932.0096614
1725351932.0103946
1725351932.011886
1725351932.0145183
1725351932.1192281
1725351932.1200182
1725351932.1206918
1725351932.2662697
1725351932.2675467
1725351932.268535
1725351932.3656116
1725351932.3680196
1725351932.3685648
1725351932.4043813
1725351932.4051595
1725351932.4068875
1725351932.406981
1725351932.4102669
1725351932.4119434
1725351932.5093968
1725351932.5104918
1725351932.5122669
1725351932.5133796
1725351932.5203369
1725351932.5216005
1725351932.8418036
1725351932.8427908
1725351932.8429506
1725351932.891282
1725351932.8916228
1725351932.8920348
1725351932.8958483
1725351932.9235377
1725351932.9259512
1725351932.9262178
1725351932.9266827
1725351933.022574
1725351933.0250607
1725351933.0252461
1725351933.2114115
1725351933.2115862
1725351933.2135756
1725351933.245373
1725351933.4722593
1725351933.4744167
1725351933.6031406
1725351933.604091
1725351933.6056035
1725351933.607097
1725351933.6553738
1725351933.657222
1725351933.6573472
1725351933.6781864
1725351933.6795907
1725351933.68282
1725351933.720406
1725351933.7232182
1725351933.723904
1725351933.8175964
1725351933.8180451
1725351933.8196304
1725351933.8211982
1725351933.873114
1725351933.8748536
1725351933.9231296
1725351933.9234278
1725351933.9237058
1725351933.9254081
1725351933.9845612
1725351933.986183
1725351933.9870913
1725351933.989112
1725351934.04092
1725351934.0426204
1725351934.0431626
1725351934.0645614
1725351934.065279
1725351934.072248
1725351934.1186469
1725351934.119586
1725351934.2611423
1725351934.2620857
1725351934.263558
1725351934.2652442
1725351934.26722
1725351934.2683768
1725351934.3661566
1725351934.370046
1725351934.4402604
1725351934.4409018
1725351934.4418645
1725351934.4582627
1725351934.4961662
1725351934.4965522
1725351934.49833
1725351934.5111196
1725351934.5116835
1725351934.512909
1725351934.514015
1725351934.5264735
1725351934.5342462
1725351934.5352623
1725351934.602159
1725351934.603019
1725351934.6063094
1725351934.619083
1725351934.6199381
1725351934.6219106
1725351934.6366854
1725351934.6989007
1725351934.699178
1725351934.7078817
1725351934.7112105
1725351934.7595172
1725351934.7649555
1725351934.765623
1725351934.7660434
1725351934.766681
1725351934.7683234
1725351934.7697299
1725351934.81673
1725351934.8771696
1725351934.8777196
1725351934.925531
1725351934.9263408
1725351934.9297934
1725351934.9304373
1725351934.957212
1725351934.9591012
1725351934.9604537
1725351935.0189366
1725351935.0214655
1725351935.0222874
1725351935.0238595
1725351935.0700436
1725351935.0724893
1725351935.0742993
1725351935.0750182
1725351935.0756707
1725351935.1772504
1725351935.178487
1725351935.1789832
1725351935.182029
1725351935.1840084
1725351935.3101878
1725351935.3563662
1725351935.3583994
1725351935.3588927
1725351935.3597906
1725351935.4386086
1725351935.4417276
1725351935.4825857
1725351935.4833848
1725351935.4847817
1725351935.4854996
1725351935.491124
1725351935.5335665
1725351935.5351481
1725351935.5372887
1725351935.5438766
1725351935.5446718
1725351935.566057
1725351935.5673327
1725351935.5772943
1725351935.5801988
1725351935.5915263
1725351935.5929627
1725351935.5945005
1725351935.6030836
1725351935.666946
1725351935.6675582
1725351935.6715744
1725351935.6730952
1725351935.8587687
1725351935.8590562
1725351935.8595967
1725351935.9090946
1725351935.9102685
1725351935.9570599
1725351935.9577663
1725351935.9591076
1725351936.0878446
1725351936.0893297
1725351936.090481
1725351936.092168
1725351936.1076686
1725351936.193524
1725351936.1942828
1725351936.195359
1725351936.197538
1725351936.241144
1725351936.2431195
1725351936.2432222
1725351936.2456262
1725351936.3786979
1725351936.3789475
1725351936.3807166
1725351936.4314108
1725351936.4328449
1725351936.4345655
1725351936.5302696
1725351936.5312061
1725351936.532741
1725351936.534203
1725351936.6177514
1725351936.619049
1725351936.8352296
1725351936.8353288
1725351936.8358965
1725351936.8394508
1725351936.9472055
1725351937.0870848
1725351937.09055
1725351937.1062987
1725351937.108955
1725351937.109697
1725351937.1101997
1725351937.1318274
1725351937.1324527
1725351937.1332998
1725351937.2263567
1725351937.2265754
1725351937.2273216
1725351937.2287097
1725351937.265883
1725351937.268992
1725351937.2711036
1725351937.294676
1725351937.2957656
1725351937.2964709
1725351937.2989953
1725351937.3647742
1725351937.3664324
1725351937.3687634
1725351937.4163895
1725351937.4170618
1725351937.4174657
1725351937.4202397
1725351937.451438
1725351937.4532855
1725351937.4540195
1725351937.4856086
1725351937.4867737
1725351937.4901226
1725351937.4904225
1725351937.5344949
1725351937.5349638
1725351937.541036
1725351937.5490007
1725351937.6458719
1725351937.6461687
1725351937.6874628
1725351937.6904938
1725351937.691163
1725351937.6917841
1725351937.6924953
1725351937.7988057
1725351937.833934
1725351937.8350904
1725351937.9227543
1725351937.9240048
1725351937.9250114
1725351937.9265885
1725351937.929403
1725351937.9309304
1725351938.0068347
1725351938.007727
1725351938.0085156
1725351938.0112195
1725351938.0918028
1725351938.0939035
1725351938.0956745
1725351938.2206948
1725351938.2226944
1725351938.2247515
1725351938.226711
1725351938.2280207
1725351938.3477507
1725351938.348622
1725351938.3495896
1725351938.3501866
1725351938.5605943
1725351938.5615573
1725351938.6784308
1725351938.6799355
1725351938.6818807
1725351938.6820014
1725351938.7108645
1725351938.7109513
1725351938.7131755
1725351938.7368789
1725351938.7396722
1725351938.757867
1725351938.7596135
1725351938.772405
1725351938.772893
1725351938.7736175
1725351938.7743704
1725351938.77715
1725351938.7888856
1725351938.7902799
1725351938.8076224
1725351938.808341
1725351938.808837
1725351938.8284488
1725351938.8290532
1725351938.8317504
1725351939.0502462
1725351939.0503535
1725351939.0514262
1725351939.0538242
1725351939.059753
1725351939.060239
1725351939.0630054
1725351939.0917797
1725351939.0926106
1725351939.0954254
1725351939.102538
1725351939.104236
1725351939.165231
1725351939.1657972
1725351939.167622
1725351939.2580435
1725351939.2601087
1725351939.4105089
1725351939.4117587
1725351939.4131703
1725351939.41394
1725351939.419477
1725351939.447873
1725351939.4490392
1725351939.4496267
1725351939.4513612
1725351939.4528706
1725351939.4708202
1725351939.4714866
1725351939.5334933
1725351939.5342033
1725351939.5349736
1725351939.535802
1725351939.5471642
1725351939.548285
1725351939.5493443
1725351939.5514774
1725351939.6191347
1725351939.6197479
1725351939.6202586
1725351939.6236048
1725351939.6421428
1725351939.6433802
1725351939.645193
1725351939.646899
1725351939.6527722
1725351939.6537993
1725351939.6543138
1725351939.6569192
1725351939.6580284
1725351939.6596558
1725351939.8566234
1725351939.8587205
1725351939.860093
1725351939.895398
1725351939.8960629
1725351939.8972363
1725351939.9039462
1725351939.923372
1725351939.9246614
1725351939.926207
1725351939.9278543
1725351939.999061
1725351940.0009665
1725351940.0024405
1725351940.017011
1725351940.1253052
1725351940.1258698
1725351940.1265209
1725351940.1272573
1725351940.1403265
1725351940.1417403
1725351940.2056842
1725351940.2057076
1725351940.2060745
1725351940.208078
1725351940.2411325
1725351940.2886984
1725351940.2902837
1725351940.3218818
1725351940.324228
1725351940.324896
1725351940.3262472
1725351940.327352
1725351940.4222307
1725351940.4242103
1725351940.4256837
1725351940.4725099
1725351940.4739025
1725351940.4744182
1725351940.552199
1725351940.5545928
1725351940.5655203
1725351940.5656328
1725351940.5726032
1725351940.5744708
1725351940.5749693
1725351940.6372874
1725351940.6377432
1725351940.6528578
1725351940.6537044
1725351940.9255326
1725351940.926058
1725351940.926955
1725351940.9314728
1725351940.932382
1725351940.9328585
1725351940.9495313
1725351940.9511354
1725351940.952196
1725351940.967786
1725351940.9684353
1725351940.9688303
1725351940.9876075
1725351941.0032067
1725351941.0040274
1725351941.0063164
1725351941.0441022
1725351941.0446115
1725351941.0455582
1725351941.0463133
1725351941.0671072
1725351941.0671995
1725351941.103586
1725351941.1040688
1725351941.107554
1725351941.163819
1725351941.1653657
1725351941.1680124
1725351941.1748512
1725351941.227213
1725351941.2745392
1725351941.298769
1725351941.2998018
1725351941.4123688
1725351941.414249
1725351941.486605
1725351941.488785
1725351941.5054815
1725351941.5073245
1725351941.5079377
1725351941.5375903
1725351941.5386968
1725351941.5396667
1725351941.560013
1725351941.5609803
1725351941.5618882
1725351941.5802553
1725351941.5816832
1725351941.6274755
1725351941.629357
1725351941.629942
1725351941.6429958
1725351941.6468108
1725351941.6469045
1725351941.6549435
1725351941.656465
1725351941.7095253
1725351941.7101014
1725351941.807593
1725351941.8083148
1725351941.8091588
1725351941.8147676
1725351941.8157134
1725351941.8792088
1725351941.9265888
1725351941.9266818
1725351942.0254881
1725351942.0260177
1725351942.0314703
1725351942.0648985
1725351942.0650098
1725351942.0729973
1725351942.07318
1725351942.0732973
1725351942.0919878
1725351942.0931842
1725351942.1207237
1725351942.1215446
1725351942.122884
1725351942.1252232
1725351942.1259325
1725351942.4014442
1725351942.4030347
1725351942.4089003
1725351942.541116
1725351942.5413067
1725351942.7021158
1725351942.7031286
1725351942.7042553
1725351942.708007
1725351942.738927
1725351942.7402995
1725351942.755458
1725351942.756798
1725351942.7580817
1725351942.8290303
1725351942.8326724
1725351942.8441176
1725351942.8455362
1725351942.8458245
1725351942.9600282
1725351942.963265
1725351942.9643936
1725351942.9667716
1725351942.9731514
1725351942.9747345
1725351942.976516
1725351943.0131955
1725351943.0144796
1725351943.0153148
1725351943.1053808
1725351943.1065943
1725351943.1085691
1725351943.1213882
1725351943.1224492
1725351943.1229417
1725351943.1238241
1725351943.125898
1725351943.1266522
1725351943.1353464
1725351943.1361976
1725351943.1454892
1725351943.1480465
1725351943.1503594
1725351943.150964
1725351943.1516583
1725351943.1520808
1725351943.1534185
1725351943.1825635
1725351943.1840832
1725351943.3743696
1725351943.3750572
1725351943.3758578
1725351943.3796735
1725351943.38034
1725351943.3814752
1725351943.3861206
1725351943.4339693
1725351943.4414883
1725351943.4419222
1725351943.4420063
1725351943.4421186
1725351943.4454415
1725351943.5086873
1725351943.6017108
1725351943.6026332
1725351943.6274023
1725351943.6277034
1725351943.6293962
1725351943.6320267
1725351943.649883
1725351943.650439
1725351943.65166
1725351943.6813402
1725351943.683608
1725351943.6844635
1725351943.6851547
1725351943.700235
1725351943.7044709
1725351943.7050273
1725351943.7058525
1725351943.7095573
1725351943.73326
1725351943.735731
1725351943.7362266
1725351943.7374067
1725351943.7790234
1725351943.7793126
1725351943.8158057
1725351943.8161082
1725351943.8166604
1725351943.886573
1725351943.8867352
1725351943.888889
1725351943.8898983
1725351943.8915114
1725351943.8971357
1725351943.899271
1725351943.8997672
1725351943.937974
1725351943.9736247
1725351943.973739
1725351943.9754498
1725351943.9762108
1725351944.0323725
1725351944.0328658
1725351944.0342607
1725351944.0446372
1725351944.0447154
1725351944.047638
1725351944.0494266
1725351944.0526698
1725351944.0533435
1725351944.0540075
1725351944.054459
1725351944.11168
1725351944.1125329
1725351944.1211088
1725351944.1221313
1725351944.2182617
1725351944.2189155
1725351944.285398
1725351944.2871354
1725351944.28779
1725351944.4293315
1725351944.4323542
1725351944.4340239
1725351944.4475725
1725351944.449549
1725351944.4509661
1725351944.4783168
1725351944.478993
1725351944.480249
1725351944.5038383
1725351944.5075865
1725351944.5081182
1725351944.5775864
1725351944.5776737
1725351944.5783124
1725351944.5783968
1725351944.5858858
1725351944.5984342
1725351944.599362
1725351944.6179733
1725351944.61859
1725351944.6222644
1725351944.6288693
1725351944.6434991
1725351944.644394
1725351944.6458592
1725351944.6918502
1725351944.6938782
1725351944.694697
1725351944.6953485
1725351944.6966088
1725351944.7038348
1725351944.7046194
1725351944.7068481
1725351944.8265646
1725351944.8285658
1725351944.8309393
1725351944.8313441
1725351944.831849
1725351944.853239
1725351944.8547876
1725351944.9062366
1725351944.9684534
1725351944.9694552
1725351944.972677
1725351944.9817169
1725351944.98433
1725351944.984465
1725351945.1095226
1725351945.1097033
1725351945.1103766
1725351945.1875572
1725351945.1876397
1725351945.1877131
1725351945.1919646
1725351945.214788
1725351945.2155974
1725351945.2165723
1725351945.2169666
1725351945.217597
1725351945.2493784
1725351945.2500513
1725351945.2527037
1725351945.2534072
1725351945.2534797
1725351945.2544377
1725351945.280552
1725351945.2806265
1725351945.2806985
1725351945.309616
1725351945.3097043
1725351945.309798
1725351945.309871
1725351945.3455048
1725351945.3457837
1725351945.3463547
1725351945.3473191
1725351945.3570368
1725351945.3592317
1725351945.3596272
1725351945.36004
1725351945.3964581
1725351945.3968658
1725351945.3982215
1725351945.400971
1725351945.476551
1725351945.4766347
1725351945.4773407
1725351945.4780316
1725351945.4812415
1725351945.4816964
1725351945.4829814
1725351945.5553863
1725351945.5554726
1725351945.59708
1725351945.598838
1725351945.5994992
1725351945.5997987
1725351945.5999963
1725351945.6002436
1725351945.6038342
1725351945.6050782
1725351945.6686447
1725351945.6710274
1725351945.67798
1725351945.682854
1725351945.7599692
1725351945.7978344
1725351945.8430316
1725351945.8519917
1725351945.8526165
1725351945.8726947
1725351945.8735502
1725351945.9313533
1725351945.932014
1725351945.9323688
1725351945.9543223
1725351946.0281625
1725351946.0301402
1725351946.0311053
1725351946.045186
1725351946.1159382
1725351946.1162405
1725351946.117452
1725351946.2237973
1725351946.2241328
1725351946.2245047
1725351946.2257712
1725351946.2261534
1725351946.252165
1725351946.2526767
1725351946.2569063
1725351946.379147
1725351946.379915
1725351946.380618
1725351946.3809621
1725351946.3850193
1725351946.3850815
1725351946.3851423
1725351946.4318292
1725351946.4583137
1725351946.4596686
1725351946.4599652
1725351946.4602635
1725351946.5401874
1725351946.540255
1725351946.618085
1725351946.6341057
1725351946.6341784
1725351946.634241
1725351946.634296
1725351946.6343534
1725351946.6486125
1725351946.6493242
1725351946.682935
1725351946.717763
1725351946.835412
1725351946.8357856
1725351946.8360953
1725351946.876359
1725351946.877088
1725351946.8780591
1725351946.9173713
1725351947.0896783
1725351947.098856
1725351947.0991213
1725351947.09989
1725351947.1012402
1725351947.1020312
1725351947.1495583
1725351947.1505804
1725351947.151051
1725351947.151373
1725351947.1519947
1725351947.1835473
1725351947.1837957
1725351947.2120948
1725351947.214124
1725351947.232828
1725351947.2553658
1725351947.3010423
1725351947.3012934
1725351947.301636
1725351947.3019373
1725351947.3521457
1725351947.3565383
1725351947.356696
1725351947.379893
1725351947.4734902
1725351947.482968
1725351947.4831836
1725351947.5075843
1725351947.550059
1725351947.5640357
1725351947.5649922
1725351947.6064327
1725351947.614109
1725351947.6142926
1725351947.6229618
1725351947.7549524
1725351947.755185
1725351947.755756
1725351947.756967
1725351947.7626164
1725351947.7628188
1725351947.7632985
1725351947.765111
1725351947.8351047
1725351947.8365722
1725351947.8791459
1725351947.9039123
1725351947.904357
1725351947.9045618
1725351947.952177
1725351947.9526978
1725351947.996712
1725351947.9991853
1725351948.0454798
1725351948.0459793
1725351948.0466855
1725351948.2428405
1725351948.2432044
1725351948.2441206
1725351948.245345
1725351948.2504928
1725351948.2505732
1725351948.2512052
1725351948.2519476
1725351948.3579636
1725351948.3587482
1725351948.40207
1725351948.4023411
1725351948.402397
1725351948.4035225
1725351948.4048135
1725351948.407649
1725351948.4081695
1725351948.4084969
1725351948.4087303
1725351948.437923
1725351948.4465208
1725351948.5161734
1725351948.5170217
1725351948.5179815
1725351948.518837
1725351948.61443
1725351948.614641
1725351948.6261837
1725351948.6263742
1725351948.6323812
1725351948.6331286
1725351948.6419988
1725351948.642202
1725351948.7556055
1725351948.756882
1725351948.7569396
1725351948.7575533
1725351948.7576091
1725351948.7594163
1725351948.7603583
1725351948.769336
1725351948.8463285
1725351948.84694
1725351948.848779
1725351948.918285
1725351948.918704
1725351948.920462
1725351949.0369575
1725351949.0371385
1725351949.0376987
1725351949.0579796
1725351949.0580456
1725351949.073702
1725351949.1749182
1725351949.1758564
1725351949.178033
1725351949.179974
1725351949.1818354
1725351949.2124078
1725351949.2357957
1725351949.2582612
1725351949.348744
1725351949.3489704
1725351949.349488
1725351949.349736
1725351949.357636
1725351949.4261906
1725351949.4265087
1725351949.427024
1725351949.4676118
1725351949.4681172
1725351949.5024512
1725351949.503655
1725351949.5081747
1725351949.5089214
1725351949.5672529
1725351949.567459
1725351949.609452
1725351949.6519387
1725351949.69038
1725351949.6908634
1725351949.6913807
1725351949.704083
1725351949.704685
1725351949.704834
1725351949.705418
1725351949.745926
1725351949.753695
1725351949.7545025
1725351949.775491
1725351949.8713048
1725351949.872001
1725351949.8736818
1725351949.9067218
1725351949.9157674
1725351949.9165714
1725351949.9166288
1725351949.936469
1725351949.9820802
1725351949.9822056
1725351949.9826775
1725351950.021298
1725351950.0214531
1725351950.0588176
1725351950.0621772
1725351950.136985
1725351950.1371055
1725351950.1377645
1725351950.1381123
1725351950.1490498
1725351950.194531
1725351950.2055254
1725351950.2243626
1725351950.2245214
1725351950.2673774
1725351950.3124814
1725351950.337944
1725351950.3461628
1725351950.3462934
1725351950.4000864
1725351950.4455113
1725351950.4456754
1725351950.51383
1725351950.5141554
1725351950.514286
1725351950.5144105
1725351950.6065478
1725351950.6068134
1725351950.6080906
1725351950.6081462
1725351950.608419
1725351950.6087065
1725351950.6089942
1725351950.676765
1725351950.6769645
1725351950.6772618
1725351950.67762
1725351950.7775178
1725351950.7780209
1725351950.7781994
1725351950.7783084
1725351950.7784743
1725351950.8183677
1725351950.8184106
1725351950.8424625
1725351950.8940327
1725351951.0822475
1725351951.0823934
1725351951.0825186
1725351951.0826862
1725351951.082984
1725351951.0831327
1725351951.0832715
1725351951.0835874
1725351951.0836966
1725351951.0838609
1725351951.0843024
1725351951.084446
1725351951.1124034
1725351951.1342854
1725351951.19149
1725351951.229664
1725351951.2298334
1725351951.2301147
1725351951.2302797
1725351951.2304163
1725351951.2872245
1725351951.298211
1725351951.2997613
1725351951.381976
1725351951.3825085
1725351951.3825655
1725351951.382595
1725351951.3835337
1725351951.472199
1725351951.4723883
1725351951.4728224
1725351951.4728768
1725351951.6373715
1725351951.6375387
1725351951.637699
1725351951.6382155
1725351951.6383898
1725351951.6387618
1725351951.6389098
1725351951.6390529
1725351951.6574404
1725351951.6937249
1725351951.7453995
1725351951.7470813
1725351951.7549062
1725351951.7661688
1725351951.7664733
1725351951.766801
1725351951.7824888
1725351951.7921891
1725351951.8130066
1725351951.8326225
1725351951.8517213
1725351951.8590288
1725351951.8738644
1725351951.9069786
