2024-09-03 16:37:07
../stream-replay/logs/stuttering-6208.txt
1725352454.1568704
1725352454.1590652
1725352454.1844895
1725352454.2453504
1725352454.3232892
1725352454.3565521
1725352454.357173
1725352454.3642101
1725352454.3966079
1725352454.3970742
1725352454.4706693
1725352454.4714804
1725352454.4901772
1725352454.492456
1725352454.5329995
1725352454.534392
1725352454.5371568
1725352454.5604198
1725352454.604553
1725352454.6050324
1725352454.6056223
1725352454.6635761
1725352454.6750696
1725352454.6758492
1725352454.6767247
1725352454.6998093
1725352454.7023048
1725352454.939644
1725352454.9408016
1725352454.948924
1725352454.9909163
1725352454.991564
1725352454.9920974
1725352455.1122317
1725352455.1145718
1725352455.114601
1725352455.114625
1725352455.1147234
1725352455.18931
1725352455.3238182
1725352455.3834975
1725352455.40986
1725352455.4288847
1725352455.4315875
1725352455.4326966
1725352455.492183
1725352455.4926395
1725352455.493375
1725352455.607692
1725352455.73408
1725352455.740849
1725352455.812331
1725352455.81277
1725352455.8145435
1725352455.8637857
1725352455.8647468
1725352455.865428
1725352455.8836386
1725352455.8843093
1725352455.9016154
1725352455.9026017
1725352455.9517536
1725352455.9534223
1725352455.9638734
1725352455.9646666
1725352455.9652066
1725352455.9820862
1725352455.9825687
1725352455.98917
1725352455.9896672
1725352455.9964094
1725352456.006385
1725352456.0071657
1725352456.0941942
1725352456.0949128
1725352456.1167502
1725352456.2281613
1725352456.2573535
1725352456.33279
1725352456.3345168
1725352456.4879935
1725352456.489794
1725352456.4980378
1725352456.4987304
1725352456.5006292
1725352456.5407135
1725352456.590778
1725352456.5912356
1725352456.5918386
1725352456.592878
1725352456.6462522
1725352456.7215424
1725352456.7244768
1725352456.7261393
1725352456.7609155
1725352456.7613494
1725352456.7848673
1725352456.8116043
1725352456.8157394
1725352456.8162014
1725352456.8416767
1725352456.8646522
1725352456.938125
1725352456.9387112
1725352456.941206
1725352456.94166
1725352456.942109
1725352457.0941038
1725352457.1338205
1725352457.234386
1725352457.2350726
1725352457.236146
1725352457.258048
1725352457.303153
1725352457.3045094
1725352457.3557355
1725352457.3566384
1725352457.4161477
1725352457.4169915
1725352457.4176612
1725352457.4299834
1725352457.5059993
1725352457.506511
1725352457.547098
1725352457.5491228
1725352457.5519981
1725352457.6561985
1725352457.8210585
1725352457.8221946
1725352457.823237
1725352457.8659258
1725352457.9538352
1725352457.9548988
1725352458.0149508
1725352458.0159028
1725352458.1020985
1725352458.1041741
1725352458.115088
1725352458.1159427
1725352458.1935353
1725352458.2075963
1725352458.3497381
1725352458.351728
1725352458.353328
1725352458.3623152
1725352458.439549
1725352458.4404101
1725352458.5687313
1725352458.5717657
1725352458.5859752
1725352458.5875158
1725352458.6180668
1725352458.6236854
1725352458.6268704
1725352458.742945
1725352458.7853281
1725352458.826819
1725352458.8273978
1725352458.967595
1725352458.9681265
1725352458.9825678
1725352459.0394368
1725352459.114543
1725352459.115753
1725352459.244911
1725352459.3071086
1725352459.3091424
1725352459.3105352
1725352459.3592954
1725352459.360052
1725352459.3608131
1725352459.3690424
1725352459.3746042
1725352459.375966
1725352459.4279466
1725352459.428686
1725352459.4315178
1725352459.5431623
1725352459.543649
1725352459.5444036
1725352459.550469
1725352459.550984
1725352459.551433
1725352459.5580316
1725352459.5660918
1725352459.6116223
1725352459.6121347
1725352459.6126277
1725352459.6131508
1725352459.6361315
1725352459.6367104
1725352459.9765894
1725352459.9771063
1725352460.0514827
1725352460.059884
1725352460.07007
1725352460.0721648
1725352460.1365612
1725352460.1370225
1725352460.1381912
1725352460.1632257
1725352460.2026155
1725352460.2295277
1725352460.230124
1725352460.2301521
1725352460.230175
1725352460.2302918
1725352460.345933
1725352460.4311316
1725352460.4494777
1725352460.4515283
1725352460.4539328
1725352460.518311
1725352460.519545
1725352460.5211682
1725352460.5481076
1725352460.548787
1725352460.5493429
1725352460.6568341
1725352460.6578653
1725352460.6591973
1725352460.6788578
1725352460.6801436
1725352460.6960773
1725352460.7835996
1725352460.7843652
1725352460.7875159
1725352460.789087
1725352460.8343601
1725352460.8348467
1725352460.8353379
1725352460.8550663
1725352460.8668265
1725352461.0895205
1725352461.0903716
1725352461.0909324
1725352461.1591325
1725352461.1672862
1725352461.1677446
1725352461.16846
1725352461.174987
1725352461.1758885
1725352461.176748
1725352461.2104094
1725352461.2115536
1725352461.2176712
1725352461.3177505
1725352461.3212712
1725352461.3634524
1725352461.5025566
1725352461.5471053
1725352461.548078
1725352461.560347
1725352461.5610325
1725352461.6891203
1725352461.7126613
1725352461.860428
1725352461.8610904
1725352461.8615663
1725352461.8966625
1725352461.8973866
1725352461.9854548
1725352461.988996
1725352462.0040944
1725352462.0053215
1725352462.0834813
1725352462.1342626
1725352462.1351833
1725352462.1460311
1725352462.2513409
1725352462.253096
1725352462.3254006
1725352462.3258893
1725352462.3276744
1725352462.3381174
1725352462.346045
1725352462.3468642
1725352462.3688831
1725352462.4002268
1725352462.401102
1725352462.401841
1725352462.4024246
1725352462.4029484
1725352462.4372802
1725352462.4379613
1725352462.4386795
1725352462.444844
1725352462.460385
1725352462.4670827
1725352462.4681323
1725352462.4753416
1725352462.4774745
1725352462.484221
1725352462.484656
1725352462.5002189
1725352462.502882
1725352462.522956
1725352462.5332654
1725352462.533754
1725352462.5343468
1725352462.5349357
1725352462.5583317
1725352462.5736804
1725352462.574495
1725352462.5815904
1725352462.5821369
1725352462.5830004
1725352462.589972
1725352462.590555
1725352462.5988297
1725352462.6277063
1725352462.628401
1725352462.6530168
1725352462.6538262
1725352462.6544266
1725352462.6563194
1725352462.6878812
1725352462.6906695
1725352462.7039595
1725352462.7119627
1725352462.712674
1725352462.7137558
1725352462.7145255
1725352462.727498
1725352462.747419
1725352462.7565808
1725352462.758218
1725352462.7632148
1725352462.779507
1725352462.7802098
1725352462.7812123
1725352462.8009174
1725352462.8020709
1725352462.812182
1725352462.8130598
1725352462.8239653
1725352462.8251784
1725352462.8258984
1725352462.836992
1725352462.8384483
1725352462.84652
1725352462.8480926
1725352462.8485503
1725352462.849015
1725352462.8564286
1725352462.8570604
1725352462.857519
1725352462.8721554
1725352462.8726885
1725352462.8733764
1725352462.8806152
1725352462.881291
1725352462.894656
1725352462.8976853
1725352462.898143
1725352462.8989916
1725352462.9058528
1725352462.9126468
1725352462.9131083
1725352462.9206228
1725352462.9210758
1725352462.9215782
1725352462.9308052
1725352462.9309063
1725352462.9309976
1725352462.9316645
1725352462.9737425
1725352462.974601
1725352463.0362
1725352463.0368483
1725352463.03738
1725352463.050425
1725352463.0564845
1725352463.0588703
1725352463.0608437
1725352463.0609345
1725352463.0610137
1725352463.0612204
1725352463.0739658
1725352463.1360986
1725352463.1681871
1725352463.1687803
1725352463.1706865
1725352463.1771665
1725352463.183203
1725352463.195712
1725352463.2011175
1725352463.2017245
1725352463.2033055
1725352463.207856
1725352463.215226
1725352463.215521
1725352463.2185047
1725352463.2198973
1725352463.2585583
1725352463.26035
1725352463.2768247
1725352463.282287
1725352463.3223207
1725352463.3228161
1725352463.3239872
1725352463.3242795
1725352463.3423674
1725352463.3481965
1725352463.34883
1725352463.3578503
1725352463.3599277
1725352463.3607082
1725352463.3786893
1725352463.379104
1725352463.3796506
1725352463.3838174
1725352463.390531
1725352463.4253552
1725352463.425674
1725352463.4262915
1725352463.4268644
1725352463.4674823
1725352463.4915187
1725352463.4929214
1725352463.4938514
1725352463.5156376
1725352463.5175738
1725352463.518476
1725352463.5277398
1725352463.583221
1725352463.5846534
1725352463.5920126
1725352463.5973783
1725352463.5982025
1725352463.5990744
1725352463.6058526
1725352463.6067133
1725352463.6099253
1725352463.6631908
1725352463.690438
1725352463.7203214
1725352463.7206163
1725352463.7566614
1725352463.7583241
1725352463.7701805
1725352463.8342626
1725352463.9008622
1725352463.9166577
1725352463.9171214
1725352463.917815
1725352463.9238582
1725352463.9364672
1725352463.9378996
1725352463.9435632
1725352463.9796925
1725352463.9805913
1725352463.9966571
1725352463.9971604
1725352463.9978342
1725352463.9983473
1725352464.0084155
1725352464.0090573
1725352464.0256996
1725352464.0294518
1725352464.030283
1725352464.0766187
1725352464.077792
1725352464.0785682
1725352464.0821896
1725352464.0826187
1725352464.1117785
1725352464.1135626
1725352464.1218338
1725352464.1373923
1725352464.13803
1725352464.1385067
1725352464.140296
1725352464.1496599
1725352464.1503959
1725352464.1593752
1725352464.2179625
1725352464.218424
1725352464.218981
1725352464.234799
1725352464.2483902
1725352464.250119
1725352464.2639215
1725352464.2789335
1725352464.2799711
1725352464.3029757
1725352464.3087118
1725352464.3091583
1725352464.3187304
1725352464.319818
1725352464.36644
1725352464.3798273
1725352464.38076
1725352464.3812344
1725352464.389414
1725352464.389977
1725352464.405995
1725352464.4372022
1725352464.4378078
1725352464.4384007
1725352464.4401374
1725352464.4473343
1725352464.4496908
1725352464.5002172
1725352464.5412865
1725352464.6715403
1725352464.6720002
1725352464.6736846
1725352464.7463512
1725352464.7467809
1725352464.7476153
1725352464.774691
1725352464.8012064
1725352464.8026333
1725352464.832901
1725352464.8343272
1725352464.8355792
1725352464.8365824
1725352464.8998764
1725352464.9007277
1725352465.0669878
1725352465.1039364
1725352465.1044083
1725352465.1057441
1725352465.1746764
1725352465.1755247
1725352465.1762054
1725352465.4196587
1725352465.4202433
1725352465.4207432
1725352465.6082118
1725352465.6111732
1725352465.611884
1725352465.613052
1725352465.6818802
1725352465.7101934
1725352465.711216
1725352465.844744
1725352465.8456764
1725352465.9548674
1725352465.9552186
1725352465.9756026
1725352465.9855266
1725352465.995924
1725352465.9960122
1725352465.996106
1725352466.1850774
1725352466.197184
1725352466.688918
1725352466.690764
1725352466.9138858
1725352466.9264865
1725352466.9281921
1725352466.9295306
1725352466.946171
1725352466.9466922
1725352466.9471996
1725352466.9650013
1725352466.9663568
1725352466.9672475
1725352467.001849
1725352467.034147
1725352467.0353935
1725352467.0787594
1725352467.0794127
1725352467.080395
1725352467.0928392
1725352467.09358
1725352467.0942576
1725352467.0965908
1725352467.1102054
1725352467.117883
1725352467.1184149
1725352467.1205215
1725352467.1214383
1725352467.164085
1725352467.164947
1725352467.1659677
1725352467.4046786
1725352467.4100215
1725352467.4134216
1725352467.4141154
1725352467.7118976
1725352467.7529259
1725352467.7755153
1725352468.0079591
1725352468.0498173
1725352468.050888
1725352468.065763
1725352468.0691504
1725352468.0698931
1725352468.0704308
1725352468.0879054
1725352468.0883355
1725352468.136104
1725352468.1374505
1725352468.1379247
1725352468.1891868
1725352468.272886
1725352468.2808037
1725352468.2816272
1725352468.287134
1725352468.287771
1725352468.2885222
1725352468.303488
1725352468.3110974
1725352468.3292127
1725352468.3298404
1725352468.3383741
1725352468.379666
1725352468.3804212
1725352468.3809612
1725352468.3895557
1725352468.4264677
1725352468.4272456
1725352468.4283595
1725352468.4904163
1725352468.4914167
1725352468.5023117
1725352468.5038276
1725352468.504596
1725352468.5100079
1725352468.5105228
1725352468.5322785
1725352468.5977309
1725352468.598149
1725352468.5994046
1725352468.7288835
1725352468.7327282
1725352468.73463
1725352468.8240635
1725352468.8246064
1725352468.829238
1725352468.8421848
1725352468.8435411
1725352468.8482363
1725352468.8555288
1725352468.936956
1725352468.9374075
1725352468.9443247
1725352468.9457302
1725352469.373202
1725352469.3832202
1725352469.3847961
1725352469.4038148
1725352469.4045548
1725352469.4108472
1725352469.4121914
1725352469.4363947
1725352469.6303082
1725352469.6309085
1725352469.6345932
1725352469.7050943
1725352469.7167492
1725352469.7175188
1725352469.7186654
1725352469.7348669
1725352469.7511616
1725352469.81571
1725352469.8219416
1725352469.822802
1725352469.823511
1725352469.832768
1725352469.9382842
1725352469.9470181
1725352469.9562645
1725352469.9567516
1725352469.9572515
1725352469.9577217
1725352469.9758885
1725352470.0226564
1725352470.1813917
1725352470.1828098
1725352470.1833634
1725352470.31808
1725352470.3185103
1725352470.3351638
1725352470.589438
1725352470.5919359
1725352470.5924904
1725352470.598451
1725352470.6135333
1725352470.6398842
1725352470.6411092
1725352470.642013
1725352470.6889205
1725352470.6906962
1725352470.7010102
1725352470.7016928
1725352470.730173
1725352470.7316828
1725352470.7758482
1725352470.7766235
1725352470.8354259
1725352470.836222
1725352470.8374264
1725352470.9108448
1725352470.917961
1725352470.918418
1725352470.9205503
1725352470.9211235
1725352470.921585
1725352470.9497736
1725352470.9816597
1725352470.9826286
1725352471.0406475
1725352471.1193678
1725352471.120002
1725352471.1209548
1725352471.1217127
1725352471.4116194
1725352471.4116442
1725352471.411662
1725352471.4117093
1725352471.451028
1725352471.5414433
1725352471.6192858
1725352471.7766602
1725352471.778425
1725352471.8317575
1725352471.8323944
1725352471.833712
1725352471.9037182
1725352471.9045172
1725352472.0989783
1725352472.2194197
1725352472.2207017
1725352472.2367842
1725352472.238405
1725352472.319301
1725352472.5047545
1725352472.575126
1725352472.5776985
1725352472.5957558
1725352472.597213
1725352472.6735015
1725352472.675267
1725352472.6757212
1725352472.6980696
1725352472.6996095
1725352472.7081301
1725352472.7295244
1725352472.748744
1725352472.7497969
1725352472.7592254
1725352472.7739286
1725352472.7743642
1725352472.8152044
1725352472.8357127
1725352472.8373795
1725352472.9449596
1725352472.9457421
1725352472.9472752
1725352473.1600115
1725352473.205042
1725352473.2158558
1725352473.2163732
1725352473.2248662
1725352473.2262285
1725352473.2358289
1725352473.2365038
1725352473.237289
1725352473.3122597
1725352473.34496
1725352473.3456714
1725352473.3465624
1725352473.3522184
1725352473.3535843
1725352473.48368
1725352473.5159786
1725352473.5171552
1725352473.5186787
1725352473.519485
1725352473.5542116
1725352473.5547051
1725352473.599253
1725352473.6028097
1725352473.603326
1725352473.6743846
1725352473.6806614
1725352473.7181747
1725352473.7202559
1725352473.7207773
1725352473.732307
1725352473.7329054
1725352473.7484334
1725352473.7496727
1725352473.7515767
1725352473.7707942
1725352473.7920003
1725352473.793369
1725352473.7997131
1725352473.8003237
1725352473.812839
1725352473.8281646
1725352473.8292856
1725352473.8433864
1725352473.9729965
1725352473.9735966
1725352474.0709293
1725352474.162367
1725352474.1632597
1725352474.1832473
1725352474.1840096
1725352474.223436
1725352474.2245638
1725352474.2253675
1725352474.2762606
1725352474.276921
1725352474.2773993
1725352474.5979733
1725352474.653097
1725352474.6670918
1725352474.6777978
1725352474.6783178
1725352474.692453
1725352474.6929362
1725352474.6936736
1725352474.7802253
1725352474.788046
1725352474.7886972
1725352474.9443195
1725352474.9448903
1725352474.9494991
1725352474.9504418
1725352474.982247
1725352474.9888933
1725352475.0312014
1725352475.0650463
1725352475.0655093
1725352475.0659773
1725352475.0666218
1725352475.1725707
1725352475.1794338
1725352475.1838233
1725352475.184309
1725352475.2038326
1725352475.2049675
1725352475.205718
1725352475.2691574
1725352475.2946339
1725352475.2953281
1725352475.3049877
1725352475.3055217
1725352475.3952518
1725352475.397146
1725352475.3976135
1725352475.404582
1725352475.455961
1725352475.456829
1725352475.4573107
1725352475.4588082
1725352475.4766798
1725352475.5396736
1725352475.560523
1725352475.5657308
1725352475.5665696
1725352475.567164
1725352475.6028345
1725352475.6033318
1725352475.6038067
1725352475.6042674
1725352475.6531065
1725352475.6699514
1725352475.67124
1725352475.6724508
1725352475.6734579
1725352475.6741073
1725352475.6751156
1725352475.67559
1725352475.6931126
1725352475.6943123
1725352475.6952834
1725352475.6972198
1725352475.926261
1725352475.9313962
1725352476.0745268
1725352476.075018
1725352476.1151948
1725352476.1565263
1725352476.2151353
1725352476.215237
1725352476.215322
1725352476.215437
1725352476.2353303
1725352476.3156054
1725352476.4356236
1725352476.4843776
1725352476.5130744
1725352476.5150392
1725352476.5158532
1725352476.6040335
1725352476.604639
1725352476.6055565
1725352476.6159832
1725352476.6897023
1725352476.690252
1725352476.6908634
1725352476.6916406
1725352476.9468966
1725352476.9624424
1725352476.9636488
1725352476.9756215
1725352476.9778337
1725352476.9786847
1725352476.9791765
1725352477.000507
1725352477.0107281
1725352477.0121434
1725352477.0142777
1725352477.05915
1725352477.0599198
1725352477.0654495
1725352477.104816
1725352477.1051154
1725352477.1055505
1725352477.130221
1725352477.1306071
1725352477.1311407
1725352477.1316469
1725352477.30092
1725352477.302678
1725352477.416653
1725352477.483069
1725352477.4844284
1725352477.5615356
1725352477.60361
1725352477.6156898
1725352477.6396024
1725352477.6402779
1725352477.6414003
1725352477.655002
1725352477.6833298
1725352477.7004595
1725352477.701338
1725352477.7019706
1725352477.787501
1725352477.912629
1725352477.9138205
1725352477.9383276
1725352477.9398313
1725352477.9403715
1725352477.940969
1725352477.9417512
1725352477.9695616
1725352477.9711967
1725352478.0094018
1725352478.0098605
1725352478.0182016
1725352478.0340512
1725352478.0439885
1725352478.0444958
1725352478.0564268
1725352478.2168505
1725352478.2748048
1725352478.2762973
1725352478.356157
1725352478.3570528
1725352478.4102354
1725352478.4109519
1725352478.4115274
1725352478.4216554
1725352478.4571993
1725352478.4657266
1725352478.5048056
1725352478.5161586
1725352478.5473342
1725352478.5479383
1725352478.550025
1725352478.561117
1725352478.5625405
1725352478.5967274
1725352478.597654
1725352478.5981247
1725352478.631608
1725352478.673144
1725352478.7040386
1725352478.70492
1725352478.7256773
1725352478.7458956
1725352478.7869759
1725352478.7874882
1725352478.9172723
1725352478.918033
1725352478.9223034
1725352478.9464564
1725352478.9850214
1725352479.02166
1725352479.0222483
1725352479.0345056
1725352479.0363758
1725352479.1364443
1725352479.1373787
1725352479.1694624
1725352479.170872
1725352479.1808317
1725352479.1813557
1725352479.1825542
1725352479.2232127
1725352479.2540011
1725352479.255651
1725352479.2702727
1725352479.3472698
1725352479.3477619
1725352479.3485448
1725352479.365551
1725352479.4373105
1725352479.5228662
1725352479.5685723
1725352479.5692346
1725352479.8538163
1725352479.8541222
1725352479.8550608
1725352479.857754
1725352479.900091
1725352479.9007497
1725352479.912273
1725352479.9127371
1725352479.91334
1725352479.9384
1725352479.9389334
1725352479.9400582
1725352479.9427884
1725352479.9435577
1725352479.95726
1725352479.9584439
1725352480.0668018
1725352480.066916
1725352480.067023
1725352480.1538436
1725352480.1545818
1725352480.1654377
1725352480.166221
1725352480.1667495
1725352480.1680326
1725352480.1825554
1725352480.1833842
1725352480.1847734
1725352480.1976173
1725352480.21659
1725352480.2203426
1725352480.2208858
1725352480.2525017
1725352480.2533479
1725352480.2934206
1725352480.294007
1725352480.3073761
1725352480.3184779
1725352480.3235235
1725352480.3235507
1725352480.3236425
1725352480.326553
1725352480.3509974
1725352480.38808
1725352480.4065044
1725352480.4079456
1725352480.469263
1725352480.564213
1725352480.5646713
1725352480.5655277
1725352480.6097984
1725352480.6102386
1725352480.650997
1725352480.6516998
1725352480.6694632
1725352480.669922
1725352480.76381
1725352480.8406818
1725352480.8507547
1725352480.859733
1725352480.8609307
1725352480.8617253
1725352480.876855
1725352480.8773327
1725352480.8788588
1725352480.8941312
1725352480.9739347
1725352480.9748595
1725352480.981786
1725352480.982797
1725352481.0280619
1725352481.0959566
1725352481.0966947
1725352481.1118922
1725352481.130521
1725352481.1310844
1725352481.131602
1725352481.20198
1725352481.20267
1725352481.2712672
1725352481.3117454
1725352481.3124025
1725352481.3152356
1725352481.3158329
1725352481.3251283
1725352481.3260171
1725352481.37905
1725352481.3886747
1725352481.3891075
1725352481.5002818
1725352481.539067
1725352481.5400157
1725352481.5409236
1725352481.6092956
1725352481.614216
1725352481.6796527
1725352481.6898832
1725352481.6916926
1725352481.7180922
1725352481.7185402
1725352481.7460837
1725352481.7879353
1725352481.8039107
1725352481.8804705
1725352481.8824215
1725352481.9425936
1725352481.9481862
1725352481.9728956
1725352481.9734042
1725352481.9738815
1725352481.9748127
1725352481.9752462
1725352482.0200903
1725352482.0211158
1725352482.3261287
1725352482.3430395
1725352482.3435156
1725352482.3661196
1725352482.366572
1725352482.3670585
1725352482.3675866
1725352482.384685
1725352482.401561
1725352482.4021778
1725352482.407871
1725352482.409087
1725352482.4176443
1725352482.4183793
1725352482.4531825
1725352482.4609997
1725352482.5860393
1725352482.602468
1725352482.628203
1725352482.7686198
1725352482.8078902
1725352482.809995
1725352482.8109303
1725352482.828508
1725352482.837444
1725352482.9667914
1725352483.1599545
1725352483.1604803
1725352483.234913
1725352483.2359471
1725352483.236841
1725352483.3844776
1725352483.3859527
1725352483.5124166
1725352483.5155258
1725352483.5456152
1725352483.546111
1725352483.5528386
1725352483.5533104
1725352483.593165
1725352483.6012828
1725352483.6171353
1725352483.6175928
1725352483.6180649
1725352483.6194124
1725352483.643696
1725352483.6868937
1725352483.6944716
1725352483.6953063
1725352483.6958838
1725352483.9477232
1725352483.9487221
1725352483.9913676
1725352483.992098
1725352483.993096
1725352484.0113657
1725352484.013315
1725352484.0142956
1725352484.158921
1725352484.1602936
1725352484.161202
1725352484.1821387
1725352484.2353718
1725352484.2361567
1725352484.236603
1725352484.2479024
1725352484.2499669
1725352484.2649376
1725352484.2654467
1725352484.2659228
1725352484.2663765
1725352484.2683022
1725352484.3551629
1725352484.3556345
1725352484.3560915
1725352484.3725655
1725352484.5137644
1725352484.5158753
1725352484.5627809
1725352484.609274
1725352484.6100214
1725352484.6107142
1725352484.61361
1725352484.6152072
1725352484.630511
1725352484.6318202
1725352484.6318474
1725352484.631871
1725352484.631931
1725352484.6400583
1725352484.697137
1725352484.867553
1725352484.8683655
1725352485.0067952
1725352485.0177386
1725352485.1842065
1725352485.1850867
1725352485.279146
1725352485.3548727
1725352485.3557549
1725352485.3715265
1725352485.4872372
1725352485.4953477
1725352485.5154762
1725352485.516661
1725352485.517232
1725352485.5712605
1725352485.609444
1725352485.6125166
1725352485.724164
1725352485.7251453
1725352485.7395852
1725352485.7416837
1725352485.7521925
1725352485.7534502
1725352485.7542753
1725352485.8058498
1725352485.8079603
1725352485.8137424
1725352485.8151443
1725352485.920416
1725352485.9210465
1725352485.9874363
1725352486.1065574
1725352486.1858566
1725352486.3821528
1725352486.4485807
1725352486.4498937
1725352486.540878
1725352486.5872855
1725352486.5887778
1725352486.6917744
1725352486.6923966
1725352486.7029881
1725352486.7034564
1725352486.7039063
1725352486.761071
1725352486.775817
1725352486.8603718
1725352486.9540339
1725352487.0418801
1725352487.0423594
1725352487.10321
1725352487.1229117
1725352487.1569288
1725352487.1575725
1725352487.3559432
1725352487.35699
1725352487.3583581
1725352487.3709443
1725352487.433318
1725352487.5054338
1725352487.507468
1725352487.5389285
1725352487.5404408
1725352487.5409033
1725352487.5480132
1725352487.7700396
1725352487.7718031
1725352487.7878063
1725352487.8156717
1725352487.8172987
1725352487.8364308
1725352487.836885
1725352487.984287
1725352487.992643
1725352487.9937716
1725352487.9942875
1725352488.006319
1725352488.006816
1725352488.0390823
1725352488.0572147
1725352488.0582254
1725352488.0590396
1725352488.0597644
1725352488.1068506
1725352488.1073284
1725352488.1452036
1725352488.148274
1725352488.1936095
1725352488.1980307
1725352488.2003284
1725352488.3414316
1725352488.3489752
1725352488.3498318
1725352488.3509226
1725352488.5860894
1725352488.6301095
1725352488.7057397
1725352488.7075706
1725352488.7084436
1725352488.7093043
1725352488.825295
1725352488.901973
1725352488.90346
1725352488.9042811
1725352488.9475906
1725352488.9483242
1725352489.0958402
1725352489.0969932
1725352489.1366873
1725352489.1383033
1725352489.3028743
1725352489.3034043
1725352489.3038669
1725352489.3236961
1725352489.3260665
1725352489.326507
1725352489.4135454
1725352489.414056
1725352489.4149618
1725352489.4177296
1725352489.482509
1725352489.4831564
1725352489.4839792
1725352489.57485
1725352489.575713
1725352489.6565094
1725352489.65696
1725352489.6586874
1725352489.6656854
1725352489.666717
1725352489.6672926
1725352489.6782823
1725352489.6908724
1725352489.6937475
1725352489.6946645
1725352489.6958196
1725352489.6968477
1725352489.6977196
1725352489.703133
1725352489.7038875
1725352489.7043912
1725352489.7124412
1725352489.7136152
1725352489.777955
1725352489.780975
1725352489.7816975
1725352489.8362463
1725352489.8371553
1725352489.8381004
1725352489.9682114
1725352489.9699757
1725352489.9699976
1725352489.9706423
1725352489.9740908
1725352489.9846268
1725352490.2715623
1725352490.3362002
1725352490.338913
1725352490.5222018
1725352490.5225577
1725352490.5390728
1725352490.5395741
1725352490.59555
1725352490.6052954
1725352490.608216
1725352490.6161861
1725352490.6310487
1725352490.631572
1725352490.663306
1725352490.6939526
1725352490.6948156
1725352490.7064414
1725352490.7773647
1725352490.7873273
1725352490.794613
1725352490.8320332
1725352490.8326724
1725352490.8335447
1725352490.88186
1725352490.991641
1725352490.9923377
1725352490.9933095
1725352490.9974933
1725352491.0289319
1725352491.0296967
1725352491.0304546
1725352491.033499
1725352491.0821064
1725352491.1136825
1725352491.118287
1725352491.2047083
1725352491.205364
1725352491.2058582
1725352491.2181962
1725352491.2188592
1725352491.2412534
1725352491.243001
1725352491.3267715
1725352491.328756
1725352491.3312705
1725352491.372351
1725352491.3743093
1725352491.3803375
1725352491.3817115
1725352491.5401816
1725352491.5435781
1725352491.5440512
1725352491.5445447
1725352491.5897803
1725352491.5916586
1725352491.604683
1725352491.6056237
1725352491.7815201
1725352491.9194026
1725352491.9211469
1725352492.134831
1725352492.184324
1725352492.1848526
1725352492.1861908
1725352492.2031522
1725352492.2038417
1725352492.2046435
1725352492.4407225
1725352492.4772956
1725352492.4792583
1725352492.4797451
1725352492.6065507
1725352492.6076598
1725352492.608436
1725352492.6266215
1725352492.6550095
1725352492.656002
1725352492.7983294
1725352492.79897
1725352492.7995386
1725352492.8829556
1725352492.884141
1725352492.9993343
1725352493.1119957
1725352493.1142273
1725352493.1214201
1725352493.12251
1725352493.174908
1725352493.176506
1725352493.203565
1725352493.2043207
1725352493.2834644
1725352493.3872662
1725352493.7114122
1725352493.7114444
1725352493.71147
1725352493.7115114
1725352493.7297246
1725352494.1091511
1725352494.1223786
1725352494.1235647
1725352494.2436023
1725352494.2440357
1725352494.4392178
1725352494.5836027
1725352494.7089412
1725352494.7495565
1725352494.8500519
1725352494.8675642
1725352494.868462
1725352494.8689063
1725352494.9076686
1725352494.9196863
1725352494.920595
1725352494.94251
1725352494.9431217
1725352494.9690943
1725352495.0441794
1725352495.044848
1725352495.0456567
1725352495.0511098
1725352495.0529835
1725352495.1214857
1725352495.1233733
1725352495.2113614
1725352495.212988
1725352495.2147775
1725352495.2161727
1725352495.3850987
1725352495.395368
1725352495.3961716
1725352495.3967717
1725352495.3972754
1725352495.4799128
1725352495.4803472
1725352495.4810421
1725352495.543872
1725352495.5501235
1725352495.5506158
1725352495.6418617
1725352495.7154322
1725352495.7313569
1725352495.8309753
1725352495.8321452
1725352495.833221
1725352495.8336716
1725352495.9472294
1725352496.0234337
1725352496.0293326
1725352496.0297725
1725352496.097278
1725352496.158446
1725352496.1590564
1725352496.161927
1725352496.1635969
1725352496.1704242
1725352496.1714113
1725352496.177679
1725352496.2215817
1725352496.314387
1725352496.315642
1725352496.3380766
1725352496.3390007
1725352496.3404639
1725352496.348967
1725352496.349403
1725352496.3776615
1725352496.3784845
1725352496.3895264
1725352496.3948739
1725352496.3955824
1725352496.4113517
1725352496.4118419
1725352496.4122896
1725352496.4127612
1725352496.499741
1725352496.5009973
1725352496.7640653
1725352496.7725277
1725352496.7993958
1725352496.8014996
1725352496.8079708
1725352496.8090882
1725352496.812608
1725352496.8131251
1725352496.813633
1725352496.8161187
1725352496.8233638
1725352496.8238099
1725352496.8242598
1725352497.061144
1725352497.1087265
1725352497.325234
1725352497.3257854
1725352497.3798878
1725352497.5041404
1725352497.5155652
1725352497.6422014
1725352497.6427386
1725352497.643711
1725352497.6441755
1725352497.65485
1725352497.6562243
1725352497.6868825
1725352497.68736
1725352497.706397
1725352497.7069833
1725352497.7728946
1725352497.7736862
1725352497.790332
1725352497.8812354
1725352497.906195
1725352498.0464597
1725352498.048149
1725352498.0873642
1725352498.0881596
1725352498.1262002
1725352498.1764092
1725352498.1769328
1725352498.1776614
1725352498.1840696
1725352498.1850443
1725352498.2322054
1725352498.2738793
1725352498.2746403
1725352498.2903748
1725352498.291091
1725352498.2917092
1725352498.3075452
1725352498.3098874
1725352498.3160317
1725352498.334255
1725352498.335394
1725352498.3592854
1725352498.3600507
1725352498.3641684
1725352498.3778434
1725352498.378294
1725352498.4041047
1725352498.4065878
1725352498.4074597
1725352498.417214
1725352498.4178994
1725352498.424468
1725352498.4435947
1725352498.4440503
1725352498.4445622
1725352498.475465
1725352498.5006258
1725352498.507098
1725352498.5071263
1725352498.5071502
1725352498.5072227
1725352498.5303633
1725352498.5324569
1725352498.5546167
1725352498.5552964
1725352498.5795958
1725352498.5804758
1725352498.581522
1725352498.5828905
1725352498.5998414
1725352498.601913
1725352498.6030936
1725352498.61788
1725352498.6191185
1725352498.6211052
1725352498.622361
1725352498.630984
1725352498.7201371
1725352498.7817392
1725352498.792217
1725352498.794615
1725352498.795556
1725352498.8306425
1725352498.8314476
1725352498.8418858
1725352498.8425694
1725352498.8432841
1725352498.8900537
1725352498.9052174
1725352498.9404366
1725352498.9412546
1725352499.0114908
1725352499.012591
1725352499.0134106
1725352499.0320742
1725352499.035186
1725352499.036495
1725352499.0506163
1725352499.109548
1725352499.1099842
1725352499.110471
1725352499.120186
1725352499.1206355
1725352499.1439784
1725352499.226561
1725352499.2281723
1725352499.2623782
1725352499.2637503
1725352499.3238926
1725352499.3246214
1725352499.4514055
1725352499.4531229
1725352499.4531784
1725352499.453202
1725352499.453267
1725352499.6043882
1725352499.627869
1725352499.6656375
1725352499.8010929
1725352499.8295982
1725352499.830598
1725352499.8705199
1725352499.906215
1725352499.9631262
1725352499.9643512
1725352499.964858
1725352500.015116
1725352500.0212858
1725352500.1632752
1725352500.1642563
1725352500.1739125
1725352500.1746662
1725352500.3056734
1725352500.328678
1725352500.3405602
1725352500.3417807
1725352500.3517323
1725352500.353319
1725352500.364474
1725352500.365274
1725352500.3691769
1725352500.380431
1725352500.445029
1725352500.445671
1725352500.4550033
1725352500.5130823
1725352500.6018589
1725352500.6026993
1725352500.6035352
1725352500.6089041
1725352500.8631897
1725352500.9764643
1725352501.0389276
1725352501.0397952
1725352501.04032
1725352501.069821
1725352501.0708234
1725352501.0714855
1725352501.1401763
1725352501.272187
1725352501.2766955
1725352501.2873275
1725352501.2883847
1725352501.4347572
1725352501.5156655
1725352501.5514965
1725352501.5521808
1725352501.787177
1725352501.7877307
1725352501.8579185
1725352501.860629
1725352501.8670785
1725352502.043851
1725352502.0508144
1725352502.1637595
1725352502.2784188
1725352502.3000586
1725352502.3011162
1725352502.30321
1725352502.304967
1725352502.3695028
1725352502.5036423
1725352502.5045414
1725352502.543061
1725352502.583835
1725352502.5843282
1725352502.5948927
1725352502.5953414
1725352502.5962615
1725352502.643629
1725352502.653069
1725352502.657165
1725352502.657563
1725352502.8681254
1725352502.888616
1725352502.8893619
1725352502.9527957
1725352503.0009
1725352503.0017993
1725352503.0159216
1725352503.0186656
1725352503.019494
1725352503.0807328
1725352503.0814354
1725352503.0860069
1725352503.086872
1725352503.0899944
1725352503.1185825
1725352503.1196291
1725352503.1207967
1725352503.134979
1725352503.1481457
1725352503.3525867
1725352503.4421022
1725352503.4428146
1725352503.4432817
1725352503.4477503
1725352503.4684231
1725352503.492529
1725352503.4934528
1725352503.4939077
1725352503.5763001
1725352503.580339
1725352503.591459
1725352503.6652737
1725352503.6704772
1725352503.6710484
1725352503.6984265
1725352503.6996503
1725352503.703454
1725352503.7118616
1725352503.869693
1725352503.900061
1725352503.9005752
1725352503.928424
1725352503.9345114
1725352503.9349816
1725352503.9379094
1725352503.97789
1725352503.990929
1725352504.0213485
1725352504.02193
1725352504.022392
1725352504.0315678
1725352504.0320275
1725352504.0429783
1725352504.0435421
1725352504.0440161
1725352504.0444796
1725352504.172081
1725352504.1725101
1725352504.2993112
1725352504.3501894
1725352504.482257
1725352504.4825654
1725352504.5244637
1725352504.5354211
1725352504.535863
1725352504.579642
1725352504.5811262
1725352504.6373754
1725352504.6380248
1725352504.6383886
1725352504.6561959
1725352504.6569722
1725352504.6793675
1725352504.7463992
1725352504.7464833
1725352504.7465944
1725352504.8347528
1725352505.1973178
1725352505.1978831
1725352505.2178628
1725352505.2975626
1725352505.2988222
1725352505.3142407
1725352505.3155246
1725352505.430775
1725352505.4309316
1725352505.6343195
1725352505.635099
1725352505.7071903
1725352505.9095638
1725352505.913113
1725352505.914356
1725352505.9169226
1725352505.9184163
1725352505.9192736
1725352505.920229
1725352505.9493232
1725352505.9502606
1725352505.9870937
1725352505.9875848
1725352505.9882457
1725352506.0306056
1725352506.0321321
1725352506.0328398
1725352506.0335712
1725352506.1208675
1725352506.1214883
1725352506.1549625
1725352506.1563923
1725352506.1568463
1725352506.161557
1725352506.1853943
1725352506.1978161
1725352506.2176409
1725352506.2597444
1725352506.2637467
1725352506.2652764
1725352506.265816
1725352506.2676568
1725352506.3210583
1725352506.3992932
1725352506.4002588
1725352506.4010236
1725352506.452279
1725352506.4610672
1725352506.536753
1725352506.5889618
1725352506.6285422
1725352506.7019129
1725352506.7241464
1725352506.724602
1725352506.726123
1725352506.8555026
1725352506.8849137
1725352506.8858545
1725352506.9709892
1725352506.9717698
1725352506.9723263
1725352507.028561
1725352507.029309
1725352507.0307434
1725352507.0339885
1725352507.0466943
1725352507.0471985
1725352507.0855603
1725352507.0863168
1725352507.086873
1725352507.1039624
1725352507.3457847
1725352507.3528163
1725352507.5443654
1725352507.5450547
1725352507.545778
1725352507.5909681
1725352507.8839602
1725352507.8844633
1725352508.0199566
1725352508.0204113
1725352508.0604582
1725352508.1319356
1725352508.1332386
1725352508.1533597
1725352508.3284678
1725352508.3392959
1725352508.3421867
1725352508.3443217
1725352508.347333
1725352508.4012418
1725352508.4020386
1725352508.402795
1725352508.4126945
1725352508.4397016
1725352508.4401526
1725352508.4406748
1725352508.4708378
1725352508.4717917
1725352508.529585
1725352508.532174
1725352508.5608819
1725352508.601403
1725352508.676257
1725352508.6807785
1725352508.7041576
1725352508.763771
1725352508.7768722
1725352508.7774239
1725352508.81998
1725352508.869237
1725352508.8706179
1725352508.897384
1725352508.8978388
1725352508.8984017
1725352508.9100091
1725352508.9231331
1725352508.9239757
1725352508.9246058
1725352509.059574
1725352509.0600896
1725352509.0629625
1725352509.0644069
1725352509.0695806
1725352509.3985422
1725352509.41009
1725352509.4216187
1725352509.4225395
1725352509.4685676
1725352509.469301
1725352509.5490153
1725352509.5561492
1725352509.5876694
1725352509.6594598
1725352509.6600592
1725352509.6608849
1725352509.7973905
1725352509.879064
1725352510.0231507
1725352510.0235925
1725352510.0245857
1725352510.0307186
1725352510.0315757
1725352510.0534904
1725352510.1516325
1725352510.1549568
1725352510.1552718
1725352510.1562035
1725352510.196393
1725352510.1971078
1725352510.2034628
1725352510.2057903
1725352510.3546126
1725352510.3551896
1725352510.3959596
1725352510.464016
1725352510.464431
1725352510.4654865
1725352510.466267
1725352510.4889317
1725352510.49073
1725352510.4911575
1725352510.5312805
1725352510.5344768
1725352510.535676
1725352510.701808
1725352510.7127476
1725352510.7221544
1725352510.723643
1725352510.7331614
1725352510.7336488
1725352510.747232
1725352510.7476978
1725352510.7481933
1725352510.7486284
1725352510.7549386
1725352510.7555454
1725352510.8648963
1725352510.8793998
1725352510.8799565
1725352510.910523
1725352510.9112806
1725352510.9117463
1725352510.912287
1725352510.9566014
1725352511.0016732
1725352511.096054
1725352511.0960867
1725352511.0961094
1725352511.0961568
1725352511.1065462
1725352511.1336281
1725352511.2040327
1725352511.2431152
1725352511.4416997
1725352511.4421306
1725352511.4700184
1725352511.4704819
1725352511.4739058
1725352511.7210197
1725352511.7486353
1725352511.7493377
1725352511.9394188
1725352511.9404852
1725352511.941152
1725352512.0306244
1725352512.031547
1725352512.0331316
1725352512.0651772
1725352512.0885916
1725352512.173655
1725352512.1742072
1725352512.1747246
1725352512.2602546
1725352512.268492
1725352512.2707498
1725352512.271771
1725352512.2768965
1725352512.3343596
1725352512.3352025
1725352512.345753
1725352512.3467371
1725352512.3472836
1725352512.4106016
1725352512.4832795
1725352512.484328
1725352512.494945
1725352512.5366583
1725352512.537493
1725352512.5381098
1725352512.6519601
1725352512.6524277
1725352512.7544062
1725352512.804791
1725352512.8267982
1725352512.8275712
1725352512.8284807
1725352512.9692543
1725352512.9900975
1725352513.1851401
1725352513.1855626
1725352513.1877034
1725352513.2612555
1725352513.308606
1725352513.3090425
1725352513.3195357
1725352513.32603
1725352513.397267
1725352513.398421
1725352513.4435115
1725352513.4444401
1725352513.444892
1725352513.4468656
1725352513.4509666
1725352513.4749115
1725352513.4999206
1725352513.5010097
1725352513.501502
1725352513.5307436
1725352513.5743
1725352513.580901
1725352513.5836103
1725352513.6059296
1725352513.8533947
1725352514.0288734
1725352514.0294652
1725352514.0569365
1725352514.0673468
1725352514.0679977
1725352514.06855
1725352514.3218544
1725352514.3356154
1725352514.3392856
1725352514.3398225
1725352514.3801272
1725352514.4994667
1725352514.5114446
1725352514.5504487
1725352514.803867
1725352515.0185301
1725352515.019592
1725352515.0663652
1725352515.287826
1725352515.2966812
1725352515.298686
1725352515.3128726
1725352515.3205502
1725352515.3309758
1725352515.335028
1725352515.3356578
1725352515.3362653
1725352515.4541008
1725352515.4909356
1725352515.601705
1725352515.6021905
1725352515.6373804
1725352515.6423335
1725352515.6428137
1725352515.652016
1725352515.6545951
1725352515.694528
1725352515.869401
1725352515.8725607
1725352515.8733974
1725352515.9316027
1725352515.932427
1725352515.9343653
1725352515.939734
1725352515.991962
1725352515.9941242
1725352515.9957476
1725352515.9963713
1725352516.0586343
1725352516.0595956
1725352516.1012096
1725352516.1037705
1725352516.2159288
1725352516.2167938
1725352516.2181418
1725352516.2576246
1725352516.258075
1725352516.5409682
1725352516.561195
1725352516.5619442
1725352516.5631354
1725352516.5842416
1725352516.5865011
1725352516.6429465
1725352516.6444235
1725352516.645415
1725352516.6927361
1725352516.6936448
1725352516.6970072
1725352516.75363
1725352516.8990133
1725352516.8995938
1725352516.909264
1725352516.9111857
1725352516.9348776
1725352517.0777242
1725352517.1317773
1725352517.2357266
1725352517.252955
1725352517.2536714
1725352517.260373
1725352517.308042
1725352517.3085139
1725352517.3093793
1725352517.381851
1725352517.410603
1725352517.4111164
1725352517.4125059
1725352517.4498873
1725352517.4672337
1725352517.504698
1725352517.5054445
1725352517.624822
1725352517.783194
1725352517.7841816
1725352517.7851663
1725352517.7929876
1725352517.7935405
1725352517.8447971
1725352517.8488946
1725352517.897696
1725352517.8984666
1725352517.8989747
1725352517.9169683
1725352517.9946833
1725352518.0073004
1725352518.0261986
1725352518.0288036
1725352518.0289
1725352518.0289845
1725352518.0290976
1725352518.1338727
1725352518.2129674
1725352518.5125086
1725352518.51304
1725352518.530555
1725352518.5313828
1725352518.532084
1725352518.5429127
1725352518.6019614
1725352518.6027255
1725352518.603955
1725352518.6996884
1725352518.7060263
1725352518.7656314
1725352518.766181
1725352518.7768025
1725352518.7773328
1725352518.7780874
1725352518.9594986
1725352519.0638819
1725352519.0856485
1725352519.0864773
1725352519.08719
1725352519.0939484
1725352519.094619
1725352519.100299
1725352519.154735
1725352519.1552982
1725352519.1557925
1725352519.1719432
1725352519.274751
1725352519.4233396
1725352519.4256706
1725352519.543829
1725352519.5576506
1725352519.6524436
1725352519.652904
1725352519.6615987
1725352519.6620488
1725352519.7224333
1725352519.8285332
1725352519.8303988
1725352519.8548043
1725352519.855854
1725352519.8670259
1725352519.9331908
1725352520.0256298
1725352520.0273354
1725352520.0693438
1725352520.0700457
1725352520.4439523
1725352520.4441724
1725352520.4498057
1725352520.46028
1725352520.589865
1725352520.5965102
1725352520.5975149
1725352520.6134546
1725352520.6139357
1725352520.614427
1725352520.616666
1725352520.8163805
1725352520.8170748
1725352520.8531752
1725352520.8544457
1725352520.8618355
1725352520.9027898
1725352520.9129252
1725352520.9188495
1725352520.9286432
1725352520.9388022
1725352520.938923
1725352520.9481626
1725352520.9486687
1725352520.963123
1725352520.96361
1725352520.9869735
1725352520.9894793
1725352520.9908445
1725352521.1199083
1725352521.1203861
1725352521.1265628
1725352521.1275527
1725352521.2058992
1725352521.2078133
1725352521.3284075
1725352521.3859797
1725352521.3871143
1725352521.5546732
1725352521.569767
1725352521.6542091
1725352521.6584208
1725352521.7476268
1725352521.7483382
1725352521.7489767
1725352521.7839093
1725352521.814224
1725352521.8864381
1725352521.990828
1725352522.04131
1725352522.0427585
1725352522.1427126
1725352522.143183
1725352522.1835332
1725352522.2621403
1725352522.2628288
1725352522.28846
1725352522.325341
1725352522.3722305
1725352522.3732128
1725352522.4009497
1725352522.4710898
1725352522.4716413
1725352522.4724662
1725352522.5019007
1725352522.502662
1725352522.5704122
1725352522.656581
1725352522.6578276
1725352522.6588805
1725352522.7105014
1725352522.7121363
1725352522.7190938
1725352522.7213442
1725352522.8417416
1725352522.842456
1725352522.8431518
1725352522.8531823
1725352522.86757
1725352522.9115634
1725352522.9123385
1725352523.0983913
1725352523.1005661
1725352523.1026044
1725352523.274209
1725352523.2759707
1725352523.2872798
1725352523.3075583
1725352523.408713
1725352523.4094832
1725352523.4370701
1725352523.4689329
1725352523.4693692
1725352523.4725273
1725352523.479339
1725352523.5233014
1725352523.5785046
1725352523.5792077
1725352523.5800495
1725352523.6233904
1725352523.6272743
1725352523.6763823
1725352523.6770115
1725352523.7410257
1725352523.7420015
1725352523.8325713
1725352523.9103448
1725352523.9289198
1725352524.0271232
1725352524.0278683
1725352524.6154563
1725352524.6564643
1725352524.8156
1725352524.817676
1725352524.8181446
1725352524.8422334
1725352524.922584
1725352524.9235728
1725352524.9330943
1725352524.9568615
1725352525.0289745
1725352525.0296154
1725352525.0306416
1725352525.0409498
1725352525.0935109
1725352525.0956924
1725352525.1590157
1725352525.1692674
1725352525.1705952
1725352525.2984717
1725352525.2990134
1725352525.2998462
1725352525.5501568
1725352525.5579183
1725352525.5579448
1725352525.557968
1725352525.5580432
1725352525.602275
1725352525.7218714
1725352525.7486758
1725352525.7724583
1725352525.7771614
1725352525.7780223
1725352525.7894995
1725352525.7908092
1725352525.8833096
1725352525.9718184
1725352525.9885387
1725352525.9898832
1725352526.1380968
1725352526.1396468
1725352526.1408257
1725352526.2389898
1725352526.2449236
1725352526.257012
1725352526.283212
1725352526.2849123
1725352526.2922475
1725352526.2928529
1725352526.2937121
1725352526.3243835
1725352526.3367095
1725352526.3377314
1725352526.3580287
1725352526.359547
1725352526.3729362
1725352526.3734655
1725352526.4184048
1725352526.419368
1725352526.5576534
1725352526.5585701
1725352526.7505615
1725352526.7515101
1725352526.7519994
1725352526.9635983
1725352526.984534
1725352526.9852827
1725352526.9859946
1725352527.1311846
1725352527.155814
1725352527.2164202
1725352527.2169073
1725352527.2173696
1725352527.253496
1725352527.2539961
1725352527.254726
1725352527.3921494
1725352527.502272
1725352527.6241496
1725352527.6263201
1725352527.6644437
1725352527.794691
1725352527.7985508
1725352528.0235033
1725352528.0243173
1725352528.0251162
1725352528.1200578
1725352528.1257565
1725352528.13033
1725352528.1718411
1725352528.2654994
1725352528.265934
1725352528.2733974
1725352528.3047364
1725352528.3134139
1725352528.313986
1725352528.314619
1725352528.319485
1725352528.3207812
1725352528.3212504
1725352528.3344278
1725352528.335461
1725352528.3854246
1725352528.3863986
1725352528.4381132
1725352528.4460878
1725352528.569021
1725352528.6198683
1725352528.673487
1725352528.724683
1725352528.747123
1725352528.7476203
1725352528.7485752
1725352528.785321
1725352528.785986
1725352528.7871118
1725352528.8392155
1725352528.83977
1725352528.8490322
1725352528.8634903
1725352528.8643117
1725352528.8650088
1725352528.8886273
1725352528.9684963
1725352528.9784353
1725352528.989662
1725352529.0438843
1725352529.0723739
1725352529.0730257
1725352529.1134508
1725352529.1482787
1725352529.2854128
1725352529.287473
1725352529.2921088
1725352529.2941155
1725352529.295324
1725352529.2978501
1725352529.299299
1725352529.299768
1725352529.3214746
1725352529.3221738
1725352529.3834271
1725352529.3852496
1725352529.4230456
1725352529.4248729
1725352529.4280658
1725352529.4301832
1725352529.4308827
1725352529.465286
1725352529.474178
1725352529.4828975
1725352529.4837978
1725352529.4859896
1725352529.4865842
1725352529.4870925
1725352529.5350406
1725352529.535754
1725352529.5361993
1725352529.5367906
1725352529.5513868
1725352529.5526886
1725352529.5764709
1725352529.5804849
1725352529.5809615
1725352529.5814965
1725352529.6706946
1725352529.8039026
1725352529.9105754
1725352529.9146729
1725352529.9153438
1725352529.9663239
1725352529.9669585
1725352529.9700296
1725352529.9709122
1725352529.9745812
1725352529.9751933
1725352529.9758723
1725352529.983291
1725352529.9840353
1725352529.984673
1725352529.9934797
1725352530.0296998
1725352530.030625
1725352530.031465
1725352530.0341573
1725352530.0394037
1725352530.040119
1725352530.0408196
1725352530.0562172
1725352530.0577698
1725352530.0577977
1725352530.0578249
1725352530.0579095
1725352530.0656002
1725352530.0722039
1725352530.1486664
1725352530.1500566
1725352530.1825457
1725352530.1848
1725352530.2141294
1725352530.215336
1725352530.221358
1725352530.2221887
1725352530.2557726
1725352530.3422217
1725352530.343847
1725352530.404804
1725352530.4068303
1725352530.4119675
1725352530.41349
1725352530.4877977
1725352530.4885151
1725352530.489127
1725352530.4895828
1725352530.491833
1725352530.4999082
1725352530.5007412
1725352530.5092602
1725352530.5124338
1725352530.517641
1725352530.5196588
1725352530.5204813
1725352530.5218534
1725352530.536251
1725352530.5367572
1725352530.553076
1725352530.5759077
1725352530.5772629
1725352530.5779448
1725352530.5849743
1725352530.592807
1725352530.593506
1725352530.6095605
1725352530.6683965
1725352530.6697874
1725352530.7891152
1725352530.8848422
1725352530.8861377
1725352530.9334342
1725352531.10009
1725352531.101092
1725352531.16906
1725352531.1694918
1725352531.1848269
1725352531.2247143
1725352531.4394882
1725352531.44798
1725352531.4493952
1725352531.44985
1725352531.508159
1725352531.5222998
1725352531.5472615
1725352531.6687002
1725352531.6699302
1725352531.7817562
1725352531.8877742
1725352531.9941487
1725352531.99525
1725352532.0284278
1725352532.0646951
1725352532.065151
1725352532.0660243
1725352532.0891602
1725352532.0896587
1725352532.0907595
1725352532.0984535
1725352532.1403346
1725352532.1410348
1725352532.1634583
1725352532.1640043
1725352532.1796875
1725352532.319539
1725352532.3301969
1725352532.3316858
1725352532.3721778
1725352532.3730214
1725352532.4809287
1725352532.4815166
1725352532.4828773
1725352532.5032165
1725352532.588252
1725352532.5890002
1725352532.5895202
1725352532.6400504
1725352532.6676052
1725352532.668365
1725352532.67223
1725352532.700633
1725352532.7017586
1725352532.7461197
1725352532.7466033
1725352532.7477036
1725352532.7764804
1725352532.8427203
1725352532.84379
1725352533.4737792
1725352533.5216591
1725352533.5474982
1725352533.550046
1725352533.5895786
1725352533.7031345
1725352533.7035556
1725352533.752852
1725352533.7597733
1725352533.7644956
1725352533.76508
1725352533.9154267
1725352533.9165628
1725352533.9253018
1725352534.0381112
1725352534.039451
1725352534.0463734
1725352534.047014
1725352534.122281
1725352534.122883
1725352534.123714
1725352534.1560242
1725352534.1744292
1725352534.175234
1725352534.1763957
1725352534.185783
1725352534.230661
1725352534.2315423
1725352534.428389
1725352534.5021987
1725352534.5036201
1725352534.5117059
1725352534.5130115
1725352534.611714
1725352534.6134276
1725352534.646737
1725352534.6484542
1725352534.6784637
1725352534.679934
1725352534.6815841
1725352534.6832643
1725352534.6850202
1725352534.6964486
1725352534.697169
1725352534.7043738
1725352534.7263386
1725352534.728898
1725352534.729402
1725352534.7431986
1725352534.7447646
1725352534.746639
1725352534.747478
1725352534.765508
1725352534.7740808
1725352534.774114
1725352534.7741368
1725352534.7741926
1725352534.9288607
1725352535.0812945
1725352535.146392
1725352535.176655
1725352535.1779778
1725352535.2463648
1725352535.2480772
1725352535.2492878
1725352535.301791
1725352535.3106153
1725352535.3113303
1725352535.318275
1725352535.320347
1725352535.3217003
1725352535.323752
1725352535.3289483
1725352535.4322133
1725352535.482825
1725352535.4837015
1725352535.5733917
1725352535.575105
1725352535.6073003
1725352535.6087792
1725352535.6113005
1725352535.7002048
1725352535.7017553
1725352535.721808
1725352535.9073696
1725352535.908306
1725352535.9088051
1725352535.9115834
1725352535.9651325
1725352536.3065526
1725352536.3163714
1725352536.3184144
1725352536.357307
1725352536.4514194
1725352536.4908853
1725352536.4913504
1725352536.5791104
1725352536.6305947
1725352536.6993866
1725352536.7456045
1725352536.7463198
1725352536.747318
1725352536.7480025
1725352536.8807125
1725352536.8899941
1725352536.8928134
1725352536.9216435
1725352536.9299679
1725352536.9307146
1725352536.9319434
1725352537.0724669
1725352537.0735774
1725352537.2309175
1725352537.233199
1725352537.3116512
1725352537.3138263
1725352537.3487275
1725352537.3497186
1725352537.427889
1725352537.5718436
1725352537.5725515
1725352537.58236
1725352537.5830932
1725352537.5922356
1725352537.5931077
1725352537.5942414
1725352537.6054251
1725352537.6107602
1725352537.6395895
1725352537.6688914
1725352537.6694796
1725352537.670784
1725352537.7416337
1725352537.7435231
1725352537.7701137
1725352537.7712796
1725352537.8239505
1725352537.8245878
1725352537.8266208
1725352537.8272607
1725352537.8386753
1725352537.8424675
1725352537.8429463
1725352537.8499885
1725352537.9342885
1725352537.9492435
1725352537.9501567
1725352538.0650153
1725352538.0665202
1725352538.1507173
1725352538.1516485
1725352538.1523979
1725352538.170218
1725352538.3414714
1725352538.3431644
1725352538.5253294
1725352538.5260108
1725352538.5611243
1725352538.605861
1725352538.6062937
1725352538.6350167
1725352538.6789625
1725352538.6798372
1725352538.7967749
1725352538.8119156
1725352538.8192902
1725352538.8197026
1725352538.84399
1725352538.881308
1725352538.883742
1725352538.936731
1725352538.9372394
1725352538.937738
1725352539.011701
1725352539.0121915
1725352539.012974
1725352539.0900483
1725352539.0905812
1725352539.1325543
1725352539.1343622
1725352539.1773164
1725352539.1784444
1725352539.1977534
1725352539.1999543
1725352539.2617583
1725352539.2627778
1725352539.3024108
1725352539.3454845
1725352539.5501182
1725352539.5511355
1725352539.5614357
1725352539.5711458
1725352539.637956
1725352539.6389396
1725352539.654117
1725352539.671147
1725352539.67714
1725352539.67789
1725352539.6864188
1725352539.6869388
1725352539.7440941
1725352539.7779224
1725352539.7784042
1725352539.7789233
1725352539.791766
1725352539.8082364
1725352539.8197515
1725352539.8202183
1725352539.8271914
1725352539.829931
1725352539.8305328
1725352539.8480473
1725352539.861145
1725352539.861603
1725352539.9751003
1725352539.9758859
1725352540.0161717
1725352540.016708
1725352540.113747
1725352540.1144571
1725352540.1149883
1725352540.1315198
1725352540.1457767
1725352540.146269
1725352540.2246916
1725352540.226542
1725352540.2267923
1725352540.2269852
1725352540.3475306
1725352540.4428928
1725352540.4612682
1725352540.5021036
1725352540.511374
1725352540.5119367
1725352540.5423105
1725352540.5759602
1725352540.5763676
1725352540.8097727
1725352540.8098013
1725352540.809826
1725352540.8243067
1725352540.8265429
1725352540.9210289
1725352541.2737992
1725352541.2743576
1725352541.275307
1725352541.3057423
1725352541.3065135
1725352541.3072562
1725352541.3518052
1725352541.3523092
1725352541.5359375
1725352541.5486279
1725352541.549095
1725352541.5495305
1725352541.5834227
1725352541.58395
1725352541.584798
1725352541.6231782
1725352541.6236453
1725352541.6412547
1725352541.6451697
1725352541.6456451
1725352541.6461022
1725352541.6466005
1725352541.6509414
1725352541.735838
1725352541.7894747
1725352541.79803
1725352541.7985916
1725352542.0215175
1725352542.0222232
1725352542.0923579
1725352542.179547
1725352542.19583
1725352542.2287252
1725352542.2291648
1725352542.2622218
1725352542.2626288
1725352542.425823
1725352542.4263997
1725352542.4278467
1725352542.4292734
1725352542.465597
1725352542.492228
1725352542.4950845
1725352542.570279
1725352542.589255
1725352542.5897293
1725352542.5903907
1725352542.5920384
1725352542.5924892
1725352542.5928946
1725352542.7169442
1725352542.8796985
1725352542.8804302
1725352542.881745
1725352542.9251747
1725352542.9256523
1725352542.9565744
1725352542.95738
1725352542.9581575
1725352542.9602408
1725352542.962456
1725352542.9631722
1725352542.983886
1725352543.0246625
1725352543.033185
1725352543.0338593
1725352543.041226
1725352543.0469952
1725352543.0473537
1725352543.0803268
1725352543.080667
1725352543.0810084
1725352543.081357
1725352543.083405
1725352543.0838506
1725352543.0842438
1725352543.1485724
1725352543.1498063
1725352543.313739
1725352543.3144681
1725352543.3321457
1725352543.3722575
1725352543.39213
1725352543.394228
1725352543.4063423
1725352543.4618814
1725352543.4620183
1725352543.4626958
1725352543.4990513
1725352543.540056
1725352543.5715356
1725352543.571756
1725352543.5752845
1725352543.5755486
1725352543.6112525
1725352543.6116261
1725352543.680902
1725352543.6873467
1725352543.689899
1725352543.6913302
1725352543.7269948
1725352543.727201
1725352543.7286205
1725352543.7364388
1725352543.7389295
1725352543.7404795
1725352543.7500958
1725352543.7509
1725352543.7572987
1725352543.7576113
1725352543.7578595
1725352543.758132
1725352543.770383
1725352543.7706008
1725352543.7713304
1725352543.7735088
1725352543.7770407
1725352543.777757
1725352543.778048
1725352543.7783892
1725352543.7786784
1725352543.7792819
1725352543.8259435
1725352543.827411
1725352543.851035
1725352543.854701
1725352543.8549328
1725352543.8789709
1725352543.879446
1725352543.8803284
1725352543.889656
1725352543.889928
1725352543.899985
1725352543.9002008
1725352543.9005585
1725352543.9008267
1725352543.903051
1725352543.903565
1725352543.9091096
1725352543.9438705
1725352543.94924
1725352543.9745347
1725352543.975102
1725352543.9930012
1725352543.9933162
1725352543.993563
1725352543.993766
1725352543.9939559
1725352543.9944477
1725352543.9946349
1725352543.9948814
1725352544.07487
1725352544.0752635
1725352544.075674
1725352544.0758543
1725352544.07605
1725352544.0762327
1725352544.1710672
1725352544.2115386
1725352544.2295887
1725352544.229802
1725352544.279805
1725352544.288015
1725352544.297156
1725352544.2985382
1725352544.3286853
1725352544.3294523
1725352544.3562953
1725352544.3582966
1725352544.3913884
1725352544.3994644
1725352544.5178983
1725352544.518068
1725352544.5184007
1725352544.5269163
1725352544.5400233
1725352544.5402076
1725352544.5405664
1725352544.5407684
1725352544.6024494
1725352544.6028004
1725352544.60321
1725352544.6034007
1725352544.6038144
1725352544.6135724
1725352544.6550877
1725352544.655394
1725352544.655614
1725352544.7102008
1725352544.7181437
1725352544.7183216
1725352544.7596967
1725352544.7600353
1725352544.7780652
1725352544.7781796
1725352544.778302
1725352544.7784693
1725352544.7785776
1725352544.7787778
1725352544.7790775
1725352544.8185937
1725352544.9114807
1725352544.9117072
1725352545.082256
1725352545.0822866
1725352545.0823147
1725352545.082346
1725352545.082681
1725352545.083532
1725352545.092515
1725352545.1183403
1725352545.1349165
1725352545.1363106
1725352545.1569612
1725352545.160984
1725352545.2017488
1725352545.2639863
1725352545.2652948
1725352545.2751098
1725352545.2765162
1725352545.303616
1725352545.3207135
1725352545.3208582
1725352545.3209739
1725352545.321115
1725352545.3212318
1725352545.3213522
1725352545.321546
1725352545.3222206
1725352545.3223166
1725352545.322382
1725352545.322438
1725352545.3757665
1725352545.376079
1725352545.3871956
1725352545.3873203
1725352545.3874555
1725352545.3876505
1725352545.3884234
1725352545.3889208
1725352545.3890655
1725352545.3892288
1725352545.3894286
1725352545.3895476
1725352545.3896995
1725352545.3899488
1725352545.3902416
1725352545.3905177
1725352545.3991802
1725352545.412674
1725352545.4409244
1725352545.4494596
1725352545.4495869
1725352545.4501438
1725352545.459134
1725352545.4592817
1725352545.4596012
1725352545.476441
1725352545.4765809
1725352545.4767065
1725352545.4768417
1725352545.4770129
1725352545.4771245
1725352545.477474
1725352545.4775295
1725352545.4775898
1725352545.4776511
1725352545.4777098
1725352545.4777827
1725352545.5173223
1725352545.5174584
1725352545.5175917
1725352545.5176418
1725352545.5292888
1725352545.5418828
1725352545.5450537
1725352545.5623379
1725352545.5631778
1725352545.5632305
1725352545.563303
1725352545.5698724
1725352545.569985
1725352545.5700545
1725352545.5701182
1725352545.5701766
1725352545.5702355
1725352545.570295
1725352545.5703664
1725352545.5704446
1725352545.5705638
1725352545.5706255
1725352545.570729
1725352545.5707877
1725352545.5708554
1725352545.596071
1725352545.5964446
1725352545.596505
1725352545.5966647
1725352545.5967872
1725352545.5968678
1725352545.5969293
1725352545.597054
1725352545.59711
1725352545.5971818
1725352545.5972452
1725352545.5973217
1725352545.5974393
1725352545.5987732
1725352545.598831
1725352545.5989702
1725352545.5990193
1725352545.5990818
1725352545.5991857
1725352545.599438
1725352545.5995164
1725352545.5995765
1725352545.599637
1725352545.5996974
1725352545.599768
1725352545.5998485
1725352545.6467366
1725352545.649205
1725352545.6901088
1725352545.6928072
1725352545.7397482
1725352545.748397
1725352545.748736
1725352545.7489545
1725352545.7518637
1725352545.7589352
1725352545.771916
1725352545.774619
1725352545.799239
1725352545.801288
1725352545.8117194
1725352545.822817
1725352545.8228705
1725352545.8230772
1725352545.823136
1725352545.8231971
1725352545.8233502
1725352545.824192
1725352545.8242414
1725352545.8242996
1725352545.8243613
1725352545.824549
1725352545.8319159
1725352545.8335066
1725352545.8340263
1725352545.835779
1725352545.8358338
1725352545.8360844
1725352545.8366888
1725352545.8566577
1725352545.8571045
1725352545.857177
1725352545.8572242
1725352545.8710241
1725352545.871087
1725352545.871149
1725352545.8712084
1725352545.8712714
1725352545.871332
1725352545.891678
1725352545.8918009
1725352545.8918638
1725352545.8919234
1725352545.8919852
1725352545.892075
1725352545.8921535
1725352545.8922791
1725352545.89234
1725352545.892421
1725352545.8926368
1725352545.8926952
1725352545.8927717
1725352545.8928764
1725352545.8929381
1725352545.8930438
1725352545.8931384
1725352545.893306
1725352545.8934133
1725352545.8936324
1725352545.8943136
1725352545.8954563
1725352545.896872
1725352545.9253407
1725352545.9327042
1725352545.9500442
1725352545.9500725
1725352545.9751463
1725352546.045207
1725352546.110744
1725352546.2335815
1725352546.23519
1725352546.2522943
1725352546.308975
1725352546.5245025
1725352546.5254054
1725352546.5623014
1725352546.5846663
1725352546.5862067
1725352546.61932
1725352546.6640909
1725352546.7032044
1725352546.7046263
1725352546.7283964
1725352546.7306635
1725352546.731578
1725352546.739671
1725352546.8304286
1725352546.8690293
1725352546.8744156
1725352547.1270564
1725352547.1284297
1725352547.1308742
1725352547.142874
1725352547.1465814
1725352547.2138824
1725352547.2613115
1725352547.2655342
1725352547.2667434
1725352547.3359802
1725352547.3637962
1725352547.3731737
1725352547.3783958
1725352547.3849697
1725352547.432294
1725352547.433751
1725352547.451331
1725352547.4540796
1725352547.4566972
1725352547.5107436
1725352547.5146773
1725352547.6738987
1725352547.7115188
1725352547.71304
1725352547.8637886
1725352547.8646858
1725352547.9759884
1725352547.9774733
1725352548.0499685
1725352548.4121113
1725352548.4229302
1725352548.4241962
1725352548.4515402
1725352548.6203246
1725352548.7046893
1725352548.732408
1725352548.93426
1725352548.93691
1725352548.940444
1725352549.1005063
1725352549.121999
1725352549.123537
1725352549.1276596
1725352549.3033142
1725352549.3109734
1725352549.3419328
1725352549.5210679
1725352549.9581604
1725352550.1567905
1725352550.542129
1725352550.5642147
1725352550.6943178
1725352550.7865765
1725352550.9704638
1725352551.0257185
1725352551.2448673
1725352551.2617123
1725352551.2677562
1725352551.2717366
1725352551.2960036
1725352551.2980866
1725352551.3459191
1725352551.3921683
1725352551.3956277
1725352551.4363124
1725352551.4993923
1725352551.5016165
1725352551.5145717
1725352551.6194892
1725352551.676394
1725352551.7934952
1725352551.887725
1725352551.9254103
1725352552.1153646
1725352552.1217782
1725352552.1244302
1725352552.187991
1725352552.19573
1725352552.2711544
1725352552.3425932
1725352552.345634
1725352552.360395
1725352552.3829405
1725352552.3868346
1725352552.4264052
1725352552.427785
1725352552.475635
1725352552.518604
1725352552.5277653
1725352552.590481
1725352552.6242015
1725352552.7267737
1725352552.753694
1725352552.8257709
1725352552.8272336
1725352552.8286498
1725352552.830553
1725352552.8318772
1725352552.907412
1725352552.9897382
1725352553.0653365
1725352553.1404154
1725352553.147529
1725352553.1635497
1725352553.2272923
1725352553.243125
1725352553.2505887
1725352553.2706735
1725352553.2879841
1725352553.2911382
1725352553.2958252
1725352553.3162377
1725352553.3598547
1725352553.3774207
1725352553.4619212
1725352553.4880586
1725352553.5023804
1725352553.5050204
1725352553.5065536
1725352553.5144713
1725352553.5286558
1725352553.5341136
1725352553.6276786
1725352553.6445599
1725352553.6491673
1725352553.6514747
1725352553.6559062
1725352553.6571357
1725352553.6587586
1725352553.6733184
1725352553.6929986
1725352553.7039983
1725352553.7291055
1725352553.7373407
1725352553.767637
1725352553.782794
1725352553.7977731
1725352553.8154466
1725352553.8251085
1725352553.877379
1725352553.9048502
1725352553.9061034
1725352553.9714255
1725352554.003208
1725352554.0188663
1725352554.0546951
1725352554.0572867
1725352554.0768096
1725352554.0813944
1725352554.1072917
1725352554.121141
1725352554.1291566
1725352554.1664977
1725352554.1910396
1725352554.1936707
1725352554.2098088
1725352554.236508
1725352554.274911
1725352554.2800152
1725352554.2893372
1725352554.3054118
1725352554.307507
1725352554.3517623
1725352554.3630002
1725352554.384426
1725352554.4032612
1725352554.4069464
1725352554.428538
1725352554.4509826
1725352554.4543939
1725352554.5065176
1725352554.5092134
1725352554.5270529
1725352554.551679
1725352554.5859702
1725352554.5892544
1725352554.5919821
1725352554.6184237
1725352554.651472
1725352554.654628
1725352554.6606002
1725352554.6873453
1725352554.6911287
1725352554.7319398
1725352554.7335947
1725352554.765008
1725352554.7676234
1725352554.856733
1725352554.907475
1725352554.9155734
1725352554.9532633
1725352554.9560008
1725352554.9592085
1725352554.967459
1725352554.9819634
1725352555.0037978
1725352555.0146244
1725352555.021209
1725352555.026278
1725352555.0455
1725352555.0468135
1725352555.118438
1725352555.1611168
1725352555.1791909
1725352555.18179
1725352555.1991923
1725352555.2019148
1725352555.2355442
1725352555.2401521
1725352555.2604058
1725352555.2661073
1725352555.2957845
1725352555.353101
1725352555.4226255
1725352555.4373763
1725352555.4397774
1725352555.442604
1725352555.480819
1725352555.530824
1725352555.5763953
1725352555.6209617
1725352555.6439154
1725352555.6555583
1725352555.6580732
1725352555.682415
1725352555.7212808
1725352555.7227118
1725352555.8388174
1725352555.8572588
1725352555.8586154
1725352555.8962467
1725352555.9297018
1725352555.9336548
1725352556.0057724
1725352556.0137548
1725352556.0157647
1725352556.0172143
1725352556.02087
1725352556.0233567
1725352556.1010838
1725352556.2482488
1725352556.2914164
1725352556.3130825
1725352556.3274677
1725352556.3607137
1725352556.3785815
1725352556.3813179
1725352556.4252176
1725352556.4278889
1725352556.4953518
1725352556.7394755
1725352556.807889
1725352556.8096325
1725352556.8336997
1725352556.8365257
1725352556.8390696
1725352556.840424
1725352556.9445245
1725352556.965927
1725352556.9691281
1725352557.0397346
1725352557.0788417
1725352557.0803983
1725352557.0822728
1725352557.1340592
1725352557.1355793
1725352557.1366773
1725352557.1591198
1725352557.275036
1725352557.2802854
1725352557.2943845
1725352557.2966375
1725352557.3040738
1725352557.308665
1725352557.3100572
1725352557.3693323
1725352557.3799765
1725352557.706998
1725352557.7599947
1725352557.9019787
1725352557.9056025
1725352557.932394
1725352557.953612
1725352557.957446
1725352558.0073407
1725352558.0998855
1725352558.127217
1725352558.2373934
1725352558.2730567
1725352558.300354
1725352558.3096097
1725352558.314147
1725352558.3907666
1725352558.6074243
1725352558.6525342
1725352558.6679761
1725352558.6735888
1725352558.7124765
1725352558.942452
1725352559.113758
1725352559.2098682
1725352559.2129214
1725352559.2408862
1725352559.3206625
1725352559.323158
1725352559.3262258
1725352559.3385136
1725352559.3415496
1725352559.3472908
1725352559.3661473
1725352559.3674152
1725352559.3688588
1725352559.70522
1725352559.7111442
1725352559.726539
1725352559.726569
1725352559.7682981
1725352560.1507907
1725352560.2192564
1725352560.222136
1725352560.2600155
1725352560.337232
1725352560.5504181
1725352560.552853
1725352560.5988965
1725352560.60151
1725352560.6093152
1725352560.6269915
1725352560.6292064
1725352560.839722
1725352560.9180639
1725352560.96576
1725352560.9942257
1725352561.0352232
1725352561.048335
1725352561.0689018
1725352561.071958
1725352561.1514618
1725352561.155911
1725352561.1942997
1725352561.1959379
1725352561.2273936
1725352561.273991
1725352561.2756124
1725352561.277434
1725352561.3045428
1725352561.3059382
1725352561.384447
1725352561.4445837
1725352561.4478781
1725352561.4561892
1725352561.4589596
1725352561.4617863
1725352561.5294695
1725352561.5309188
1725352561.5581872
1725352561.5653102
1725352561.567797
1725352561.6813583
1725352561.696671
1725352561.71756
1725352561.7322712
1725352561.7350845
1725352562.046705
1725352562.0599313
1725352562.0745072
1725352562.0792832
1725352562.0962696
1725352562.1043165
1725352562.1818433
1725352562.1867611
1725352562.2443604
1725352562.3247647
1725352562.3272603
1725352562.3521664
1725352562.3535597
1725352562.3567162
1725352562.3675866
1725352562.375786
1725352562.3798892
1725352562.38984
1725352562.39516
1725352562.482685
1725352562.643028
1725352562.6917076
1725352562.6932251
1725352562.7106268
1725352562.7133868
1725352562.7977605
1725352562.8081295
1725352562.8184404
1725352562.8208768
1725352562.8666313
1725352562.8681378
1725352562.8694654
1725352562.8947904
1725352562.9505017
1725352563.0064423
1725352563.0142446
1725352563.0179627
1725352563.0268612
1725352563.0342593
1725352563.0355628
1725352563.0516508
1725352563.0528286
1725352563.0829322
1725352563.0845404
1725352563.0946321
1725352563.0989766
1725352563.1313934
1725352563.141006
1725352563.1783571
1725352563.1826448
1725352563.2057717
1725352563.2382123
1725352563.30435
1725352563.3072138
1725352563.308906
1725352563.3546014
1725352563.3644204
1725352563.3901029
1725352563.4179492
1725352563.4304068
1725352563.4771023
1725352563.4800017
1725352563.5333805
1725352563.5643685
1725352563.593413
1725352563.6255748
1725352563.6308644
1725352563.6337535
1725352563.7475903
1725352563.7587264
1725352563.7600865
1725352563.7632926
1725352563.7681022
1725352563.769574
1725352563.820831
1725352563.8272698
1725352563.8332891
1725352563.8399475
1725352563.8567812
1725352563.8663528
1725352563.9142833
1725352563.9652967
1725352563.9687128
1725352564.0404742
1725352564.0424445
1725352564.058626
1725352564.0665152
1725352564.0690222
1725352564.0969164
1725352564.1037636
1725352564.125323
1725352564.1842234
1725352564.2562592
1725352564.259261
1725352564.26078
1725352564.283364
1725352564.2852068
1725352564.3177018
1725352564.3218088
1725352564.3373494
1725352564.3531895
1725352564.3559966
1725352564.3650324
1725352564.366809
1725352564.4307837
1725352564.4332147
1725352564.447105
1725352564.450908
1725352564.4782069
1725352564.508054
1725352564.521294
1725352564.5326784
1725352564.5626864
1725352564.5651374
1725352564.590196
1725352564.5942545
1725352564.620733
1725352564.6439404
1725352564.7334187
1725352564.7360897
1725352564.7469902
1725352564.7815554
1725352564.7990544
1725352564.8560116
1725352564.8579123
1725352564.8607051
1725352564.9239488
1725352564.945682
1725352565.0845063
1725352565.1061347
1725352565.1459932
1725352565.192437
1725352565.1992247
1725352565.2034833
1725352565.2670171
1725352565.3337803
1725352565.4507675
1725352565.5564315
1725352565.607182
1725352565.7416332
1725352566.0533345
1725352566.0877962
1725352566.2746367
1725352566.452495
1725352566.45392
1725352566.7032478
1725352566.7265959
1725352566.7551844
1725352567.1081934
1725352567.1615539
1725352567.1632767
1725352567.165686
1725352567.1804266
1725352567.186529
1725352567.1911676
1725352567.2585444
1725352567.262786
1725352567.2862434
1725352567.376197
1725352567.3840353
1725352567.4017498
1725352567.4075077
1725352567.4603598
1725352567.4754195
1725352567.4771452
1725352567.497433
1725352567.500947
1725352567.5025039
1725352567.528791
1725352567.535336
1725352567.5371845
1725352567.622077
1725352567.6241195
1725352567.6402454
1725352567.6427684
1725352567.6955438
1725352567.7414415
1725352567.8175855
1725352567.8345532
1725352567.8606741
1725352567.9525955
1725352568.128205
1725352568.1629558
1725352568.1871283
1725352568.2268052
1725352568.344862
1725352568.3791149
1725352568.3813155
1725352568.3935602
1725352568.6234784
1725352568.8734715
1725352568.8789752
1725352568.9572678
1725352569.017792
1725352569.0229948
1725352569.0287943
1725352569.0314467
1725352569.0365715
1725352569.220927
1725352569.2442687
1725352569.248346
1725352569.2498207
1725352569.3344038
1725352569.3628035
1725352569.602955
1725352569.605528
1725352569.607468
1725352569.6807647
1725352569.7430124
1725352569.9576066
1725352570.0266666
1725352570.0280476
1725352570.033061
1725352570.0551937
1725352570.0621974
1725352570.3011591
1725352570.3410084
1725352570.3430274
1725352570.3456714
1725352570.3894646
1725352570.392546
1725352570.4121583
1725352570.4666083
1725352570.758332
1725352570.7598689
1725352570.7625475
1725352570.7679186
1725352570.8104198
1725352570.9670527
1725352570.9909532
1725352571.0438285
1725352571.1353056
1725352571.1893244
1725352571.2155871
1725352571.227092
1725352571.2465994
1725352571.2748055
1725352571.2765677
1725352571.2779574
1725352571.2974102
1725352571.368343
1725352571.4110043
1725352571.4347436
1725352571.4534976
1725352571.45505
1725352571.4870229
1725352571.4884982
1725352571.4904401
1725352571.5121264
1725352571.5486152
1725352571.5505002
1725352571.6681983
1725352571.6766095
1725352571.6951585
1725352571.7447665
1725352571.7484794
1725352571.8176455
1725352571.8251624
1725352571.906491
1725352571.9599645
1725352571.9638038
1725352571.9842691
1725352571.987133
1725352571.992681
1725352572.0152879
1725352572.0406115
1725352572.0500367
1725352572.062681
1725352572.1708567
1725352572.2111022
1725352572.2327323
1725352572.2392411
1725352572.2593217
1725352572.3014557
1725352572.3039505
1725352572.3143003
1725352572.3506763
1725352572.3522317
1725352572.4032984
1725352572.4156435
1725352572.42384
1725352572.440461
1725352572.451917
1725352572.4557896
1725352572.4739707
1725352572.4784887
1725352572.521574
1725352572.5503244
1725352572.5805612
1725352572.5908332
1725352572.623857
1725352572.6765025
1725352572.7411613
1725352572.750705
1725352572.8094223
1725352572.8102589
1725352572.8145561
1725352572.9155562
1725352572.917442
1725352572.9635751
1725352573.0279624
1725352573.0292404
1725352573.0462673
1725352573.1324465
1725352573.1456368
1725352573.1492176
1725352573.169874
1725352573.171253
1725352573.1726074
1725352573.1826022
1725352573.2050085
1725352573.2095375
1725352573.24668
1725352573.2516334
1725352573.253592
1725352573.2800238
1725352573.367932
1725352573.401817
1725352573.4168348
1725352573.4216797
1725352573.4247544
1725352573.486907
1725352573.4910178
1725352573.530569
1725352573.537587
1725352573.5402617
1725352573.5417747
1725352573.5568824
1725352573.5578554
1725352573.5601337
1725352573.6062276
1725352573.6272752
1725352573.6333227
1725352573.6490145
1725352573.6518734
1725352573.6623688
1725352573.8089561
1725352573.883238
1725352573.8848395
1725352573.8862445
1725352573.8891308
1725352573.91172
1725352573.9829228
1725352574.0375967
1725352574.0516453
1725352574.0654867
1725352574.1256897
1725352574.130746
1725352574.1460593
1725352574.14734
1725352574.1487777
1725352574.1737964
1725352574.2705302
1725352574.2797768
1725352574.2894535
1725352574.3120549
1725352574.3567984
1725352574.408092
1725352574.4164102
1725352574.4824228
1725352574.5077
1725352574.5114753
1725352574.5212293
1725352574.5446582
1725352574.548638
1725352574.5909686
1725352574.6554093
1725352574.6606596
1725352574.7460377
1725352574.75611
1725352574.7601032
1725352574.799054
1725352574.8328388
1725352574.8350692
1725352574.8455539
1725352574.8729868
1725352574.9220397
1725352574.9576616
1725352574.9735284
1725352574.983391
1725352574.987448
1725352575.1779525
1725352575.259697
1725352575.3101392
1725352575.3338313
1725352575.337898
1725352575.4403093
1725352575.4653106
1725352575.4666839
1725352575.477543
1725352575.4809933
1725352575.5651662
1725352575.6469915
1725352575.8542368
1725352575.8547294
1725352575.8749204
1725352575.8849814
1725352575.8875098
1725352575.8943503
1725352575.897626
1725352576.0193071
1725352576.0332358
1725352576.0626335
1725352576.1576672
1725352576.1810405
1725352576.320886
1725352576.3220108
1725352576.3236399
1725352576.3514602
1725352576.3535113
1725352576.366037
1725352576.434549
1725352576.4621105
1725352576.4980152
1725352576.5282133
1725352576.529693
1725352576.5333545
1725352576.5917654
1725352576.5962915
1725352576.625651
1725352576.628896
1725352576.6365395
1725352576.6644194
1725352576.7245915
1725352576.7279966
1725352576.7374437
1725352576.7388556
1725352576.7643454
1725352576.799896
1725352576.8013694
1725352576.8236344
1725352576.8330815
1725352576.8464408
1725352576.848116
1725352576.863013
1725352576.8761516
1725352576.8954246
1725352576.9107497
1725352576.9553971
1725352576.968886
1725352576.972291
1725352577.0569537
1725352577.0662584
1725352577.3891232
1725352577.4500835
1725352577.459134
1725352577.5651827
1725352577.5673275
1725352577.5781853
1725352577.599452
1725352577.6001625
1725352578.0510688
1725352578.0634031
1725352578.067128
1725352578.244779
1725352578.3962333
1725352578.4375353
1725352578.4559584
1725352578.4644887
1725352578.4683483
1725352578.4761872
1725352578.5146189
1725352578.5173092
1725352578.5289004
1725352578.531975
1725352578.5635328
1725352578.5693192
1725352578.5949383
1725352578.5967753
1725352578.599227
1725352578.6934097
1725352578.7277393
1725352578.770544
1725352578.8673506
1725352578.8695045
1725352578.8725445
1725352578.9073339
1725352578.9120753
1725352578.9490316
1725352578.9594767
1725352578.9668415
1725352579.0029137
1725352579.0041654
1725352579.0800705
1725352579.082694
1725352579.0854125
1725352579.098318
1725352579.1017816
1725352579.1478915
1725352579.1512055
1725352579.1711102
1725352579.1849725
1725352579.1991978
1725352579.201333
1725352579.2277699
1725352579.2327743
1725352579.255006
1725352579.2580302
1725352579.2591736
1725352579.303773
1725352579.3382351
1725352579.366534
1725352579.3692784
1725352579.372062
1725352579.421462
1725352579.4382997
1725352579.4431121
1725352579.574369
1725352579.5774457
1725352579.625146
1725352579.6452868
1725352579.6465702
1725352579.67577
1725352579.7961423
1725352579.859398
1725352580.3612742
1725352580.3747559
1725352580.4758592
1725352580.4772146
1725352580.5018303
1725352580.505124
1725352580.5084615
1725352580.6503363
1725352580.6520045
1725352580.6535585
1725352580.656563
1725352580.68053
1725352580.6826904
1725352580.6849365
1725352580.6871083
1725352580.7160273
1725352580.7172751
1725352580.7370698
1725352580.7384908
1725352580.7995656
1725352580.8023167
1725352580.8036714
1725352580.8136258
1725352580.8796175
1725352580.8927689
1725352580.8950844
1725352580.9768417
1725352580.9773552
1725352580.9894335
1725352581.0048244
1725352581.0609925
1725352581.1080072
1725352581.1107392
1725352581.1772552
1725352581.1776288
1725352581.177906
1725352581.191418
1725352581.193996
1725352581.2073486
1725352581.2083778
1725352581.226628
1725352581.2278209
1725352581.2911196
1725352581.3333805
1725352581.3370085
1725352581.3603628
1725352581.4213772
1725352581.4217439
1725352581.4219346
1725352581.4221263
1725352581.4299455
1725352581.4458039
1725352581.4485564
1725352581.5858033
1725352581.58595
1725352581.5864239
1725352581.5865948
1725352581.5872972
1725352581.6437454
1725352581.645999
1725352581.6498864
1725352581.686225
1725352581.6868703
1725352581.6871793
1725352581.7301335
1725352581.7438865
1725352581.745586
1725352581.7581213
1725352581.7603827
1725352581.7956855
1725352581.797387
1725352581.8123372
1725352581.8574204
1725352581.929595
1725352581.9306326
1725352581.9378953
1725352581.9399512
1725352581.9485052
1725352581.9503646
1725352582.0528147
1725352582.0543685
1725352582.0550373
1725352582.055283
1725352582.060419
1725352582.0853746
1725352582.2247071
1725352582.2283857
1725352582.3461523
1725352582.374631
1725352582.4002223
1725352582.455518
1725352582.4640412
1725352582.4802582
1725352582.4961705
1725352582.7342126
1725352582.7575865
1725352582.7754993
1725352582.7777054
1725352582.7807698
1725352582.783374
1725352582.786066
1725352582.7982721
1725352582.801137
1725352582.8711243
1725352582.8851607
1725352582.8873346
1725352582.938312
1725352582.959069
1725352582.9598851
1725352582.9901123
1725352583.0248942
1725352583.0431113
1725352583.0435965
1725352583.0440562
1725352583.0445094
1725352583.3535032
1725352583.390311
1725352583.3988197
1725352583.5762682
1725352583.582282
1725352583.6005557
1725352583.6017852
1725352583.6237786
1725352583.6976857
1725352583.7206757
1725352583.90853
1725352584.012837
1725352584.0348182
1725352584.0496416
1725352584.0505598
1725352584.0985634
1725352584.1083038
1725352584.1287222
