2024-09-03 18:09:20
../stream-replay/logs/stuttering-6206.txt
1725358009.5878417
1725358009.5891588
1725358009.6103437
1725358009.611542
1725358009.6119726
1725358009.714535
1725358009.7152448
1725358009.8146124
1725358009.8155084
1725358009.815983
1725358009.8164592
1725358009.8461509
1725358009.8465931
1725358009.8473787
1725358009.8478234
1725358009.8522375
1725358009.8779492
1725358009.878609
1725358009.8792143
1725358009.8796678
1725358009.890744
1725358009.9747932
1725358009.9752014
1725358009.9756446
1725358010.217539
1725358010.274158
1725358010.4769325
1725358010.4773853
1725358010.4782176
1725358010.616703
1725358010.617155
1725358010.6177878
1725358011.0252914
1725358011.0258524
1725358011.025878
1725358011.0258982
1725358011.025966
1725358011.0790982
1725358011.0947278
1725358011.1769361
1725358011.1819546
1725358011.1829202
1725358011.2652164
1725358011.265703
1725358011.2661839
1725358011.2797444
1725358011.2803707
1725358011.280827
1725358011.3043194
1725358011.3049107
1725358011.3216486
1725358011.3221
1725358011.3225458
1725358011.4055376
1725358011.4952593
1725358011.4957392
1725358011.4961996
1725358011.539226
1725358011.5396612
1725358011.540109
1725358011.5405843
1725358011.5513537
1725358011.5624774
1725358011.5631013
1725358011.5636294
1725358011.5705135
1725358011.5710864
1725358011.571527
1725358011.5719774
1725358011.6207354
1725358011.6222115
1725358011.6228414
1725358011.6351554
1725358011.6356106
1725358011.6361704
1725358011.6513855
1725358011.660687
1725358011.666174
1725358011.6667857
1725358011.6764538
1725358011.6769545
1725358011.6774077
1725358011.7095811
1725358011.7100205
1725358011.7104535
1725358011.8205166
1725358011.8217726
1725358011.9303145
1725358011.931107
1725358012.0120304
1725358012.0124583
1725358012.0131872
1725358012.0258517
1725358012.0268826
1725358012.1046114
1725358012.1061785
1725358012.106664
1725358012.1178386
1725358012.1811395
1725358012.1938512
1725358012.1942973
1725358012.3267462
1725358012.327877
1725358012.387216
1725358012.3882234
1725358012.3886883
1725358012.5470324
1725358012.547455
1725358012.5484388
1725358012.5654254
1725358012.5662887
1725358012.821954
1725358012.822443
1725358012.8233876
1725358012.8599274
1725358012.860369
1725358012.8608012
1725358012.8614058
1725358012.9563596
1725358013.0061095
1725358013.006837
1725358013.0503075
1725358013.0508492
1725358013.0513124
1725358013.1591094
1725358013.1601248
1725358013.4000523
1725358013.400569
1725358013.4016097
1725358013.8221886
1725358013.8226073
1725358013.823091
1725358013.8439384
1725358014.0297124
1725358014.030234
1725358014.172824
1725358014.1733081
1725358014.1738377
1725358014.1742895
1725358014.455294
1725358014.4560363
1725358014.4922385
1725358014.5282445
1725358014.529271
1725358014.552113
1725358014.5526664
1725358014.5531166
1725358014.55357
1725358014.5777736
1725358014.579114
1725358014.5806248
1725358014.6204839
1725358014.6209362
1725358014.6859436
1725358014.788458
1725358014.7889726
1725358014.812654
1725358014.8129976
1725358014.8134358
1725358014.8560283
1725358014.857001
1725358015.0086727
1725358015.0091257
1725358015.014298
1725358015.1674187
1725358015.1682959
1725358015.1936548
1725358015.1941242
1725358015.1949368
1725358015.285634
1725358015.2863328
1725358015.4525747
1725358015.4530253
1725358015.4534826
1725358015.5166655
1725358015.517476
1725358015.5180337
1725358015.5292544
1725358015.5297968
1725358015.5306308
1725358015.6002438
1725358015.6006746
1725358015.6011477
1725358015.6022055
1725358015.691413
1725358015.6920722
1725358015.7758512
1725358015.7762887
1725358015.7767303
1725358016.0902658
1725358016.0907142
1725358016.0916584
1725358016.191072
1725358016.1919985
1725358016.218272
1725358016.2188125
1725358016.219348
1725358016.2283304
1725358016.228764
1725358016.2292988
1725358016.3116221
1725358016.5319736
1725358016.5320015
1725358016.5320218
1725358016.5320716
1725358016.533372
1725358016.5533957
1725358016.666323
1725358016.6670547
1725358016.7126076
1725358016.7133963
1725358016.7138782
1725358016.7224116
1725358016.7230234
1725358016.7234657
1725358016.744947
1725358016.745752
1725358016.7475538
1725358016.7480218
1725358016.7485695
1725358016.802754
1725358016.803988
1725358016.8535156
1725358016.8539858
1725358016.8693898
1725358016.8698802
1725358016.8704016
1725358017.0049932
1725358017.0054376
1725358017.0061953
1725358017.1794126
1725358017.1802783
1725358017.2014976
1725358017.2019618
1725358017.2024097
1725358017.4253972
1725358017.425832
1725358017.4266965
1725358017.4577472
1725358017.4583867
1725358017.4591007
1725358017.4643533
1725358017.464797
1725358017.4652364
1725358017.605554
1725358017.6272752
1725358017.6278193
1725358017.6284857
1725358017.6425962
1725358017.6431303
1725358017.6436229
1725358017.8265393
1725358017.8270004
1725358017.827442
1725358017.8432484
1725358017.8439248
1725358017.8443859
1725358017.855127
1725358017.8558593
1725358017.8563
1725358017.866589
1725358017.8674736
1725358017.8773568
1725358017.8777947
1725358017.8783517
1725358017.9343872
1725358017.9357314
1725358017.9633515
1725358017.963792
1725358018.0306878
1725358018.0316093
1725358018.0775435
1725358018.078113
1725358018.0785813
1725358018.0921454
1725358018.0925837
1725358018.093094
1725358018.1644616
1725358018.1651902
1725358018.2510839
1725358018.2518506
1725358018.2525027
1725358018.2783377
1725358018.2790325
1725358018.2794816
1725358018.285117
1725358018.285697
1725358018.2865427
1725358018.2935505
1725358018.2941065
1725358018.4524918
1725358018.4534318
1725358018.4538503
1725358018.4665494
1725358018.4671445
1725358018.4846168
1725358018.4856522
1725358018.502737
1725358018.5032215
1725358018.5038216
1725358018.504277
1725358018.7232838
1725358018.7237654
1725358018.7508333
1725358018.7513647
1725358018.7518396
1725358018.758484
1725358018.758984
1725358018.75946
1725358018.7598977
1725358018.9002106
1725358018.9010606
1725358018.9070792
1725358018.9691334
1725358018.9703913
1725358018.970875
1725358019.0188694
1725358019.019443
1725358019.0203166
1725358019.0224137
1725358019.2001097
1725358019.2373104
1725358019.2378159
1725358019.2382576
1725358019.2387865
1725358019.2451706
1725358019.2799556
1725358019.2804124
1725358019.2968569
1725358019.297302
1725358019.2977421
1725358019.3112903
1725358019.3121395
1725358019.331024
1725358019.331484
1725358019.4502146
1725358019.4509792
1725358019.4518929
1725358019.5006237
1725358019.5013347
1725358019.5038078
1725358019.548061
1725358019.548586
1725358019.5490525
1725358019.5951064
1725358019.595544
1725358019.5959868
1725358019.5964346
1725358019.7585974
1725358019.7747862
1725358019.775274
1725358019.7759025
1725358020.1025155
1725358020.1030273
1725358020.1039937
1725358020.1044497
1725358020.113959
1725358020.114572
1725358020.1868968
1725358020.224288
1725358020.2247734
1725358020.2252197
1725358020.2257369
1725358020.2261865
1725358020.3298986
1725358020.3306792
1725358020.4246793
1725358020.4252772
1725358020.4259953
1725358020.4406626
1725358020.4410996
1725358020.4417803
1725358020.6245182
1725358020.7062654
1725358020.7062943
1725358020.7063162
1725358020.7063644
1725358020.7485018
1725358020.7589743
1725358020.9529939
1725358020.960386
1725358020.9613826
1725358021.0393026
1725358021.039783
1725358021.0402575
1725358021.0539355
1725358021.054375
1725358021.0549116
1725358021.1283307
1725358021.1288602
1725358021.12959
1725358021.3327231
1725358021.3331661
1725358021.438196
1725358021.439975
1725358021.443816
1725358021.4443216
1725358021.444824
1725358021.4610217
1725358021.46149
1725358021.4619224
1725358021.6873653
1725358021.6882126
1725358021.6945045
1725358021.6950178
1725358021.69555
1725358021.695991
1725358021.835256
1725358021.8356903
1725358021.8362944
1725358021.939249
1725358021.9397712
1725358021.940249
1725358022.1135573
1725358022.1139917
1725358022.2484095
1725358022.2569063
1725358022.3006115
1725358022.301171
1725358022.4719162
1725358022.4726422
1725358022.4731343
1725358022.4735982
1725358022.5017433
1725358022.5025864
1725358022.503089
1725358022.5836365
1725358022.5983434
1725358022.5988424
1725358022.5993116
1725358022.599756
1725358022.634762
1725358022.6355157
1725358022.642881
1725358022.6439114
1725358022.6838112
1725358022.6842766
1725358022.6847231
1725358022.737269
1725358022.8535635
1725358022.854014
1725358022.8545287
1725358023.0168548
1725358023.0176299
1725358023.0335226
1725358023.0344584
1725358023.0349886
1725358023.0354412
1725358023.217343
1725358023.2183814
1725358023.3197176
1725358023.3202348
1725358023.3206918
1725358023.3877332
1725358023.3883524
1725358023.388792
1725358023.5984416
1725358023.5992558
1725358023.6825447
1725358023.6833491
1725358023.6839604
1725358023.98558
1725358023.986558
1725358023.9890087
1725358023.9896338
1725358023.9958436
1725358023.9967523
1725358024.0410318
1725358024.0415332
1725358024.042224
1725358024.2282934
1725358024.2287366
1725358024.229536
1725358024.3086777
1725358024.3092134
1725358024.3096864
1725358024.3135922
1725358024.3140497
1725358024.3144948
1725358024.33494
1725358024.3357384
1725358024.4322457
1725358024.4334204
1725358024.57014
1725358024.5706327
1725358024.5711725
1725358024.5819993
1725358024.5824363
1725358024.5833764
1725358024.8577404
1725358024.85963
1725358024.8648996
1725358024.8653862
1725358024.865888
1725358024.8664758
1725358024.8750253
1725358024.888871
1725358024.8893714
1725358024.8900218
1725358024.9104295
1725358024.9109867
1725358024.9117754
1725358025.116461
1725358025.198512
1725358025.198984
1725358025.1997116
1725358025.200156
1725358025.4224815
1725358025.4229913
1725358025.4580228
1725358025.4588223
1725358025.476779
1725358025.4772651
1725358025.4778175
1725358025.4784696
1725358025.9612415
1725358025.9618864
1725358025.9623384
1725358026.4431791
1725358026.4444869
1725358026.4756825
1725358026.4761543
1725358026.4765937
1725358026.4772525
1725358026.4820154
1725358026.4825106
1725358026.650611
1725358026.6515203
1725358026.6521406
1725358026.6982145
1725358026.698685
1725358026.6993957
1725358026.69991
1725358026.7737806
1725358026.7744138
1725358026.7812245
1725358026.7823474
1725358026.8123083
1725358026.8127835
1725358026.8134177
1725358026.820344
1725358026.8208117
1725358027.0331018
1725358027.0448456
1725358027.045671
1725358027.0456948
1725358027.045716
1725358027.045786
1725358027.104175
1725358027.2876248
1725358027.5390396
1725358027.5397203
1725358027.5405655
1725358027.5724735
1725358027.5730722
1725358027.5735984
1725358027.5784388
1725358027.5790257
1725358027.579525
1725358027.6437893
1725358027.8009531
1725358027.8014493
1725358027.8019075
1725358027.8028696
1725358027.9131563
1725358027.9160128
1725358027.9412205
1725358027.9416795
1725358027.9421718
1725358027.942617
1725358028.0308383
1725358028.0312629
1725358028.0320077
1725358028.0380838
1725358028.039652
1725358028.1352556
1725358028.135789
1725358028.1362317
1725358028.1992931
1725358028.1997907
1725358028.2002373
1725358028.2058585
1725358028.206392
1725358028.2409313
1725358028.2672954
1725358028.2677333
1725358028.2681823
1725358028.2996447
1725358028.351017
1725358028.351627
1725358028.3521123
1725358028.3828754
1725358028.383333
1725358028.3837786
1725358028.3842313
1725358028.4304163
1725358028.4308848
1725358028.4426422
1725358028.4432476
1725358028.464463
1725358028.4649024
1725358028.4653482
1725358028.4657857
1725358028.4742546
1725358028.474967
1725358028.6146228
1725358028.6151004
1725358028.6155431
1725358028.6592712
1725358028.666625
1725358028.667614
1725358028.7120843
1725358028.7125242
1725358028.7778637
1725358028.778657
1725358028.8170762
1725358028.8176737
1725358028.8182874
1725358028.8188016
1725358028.8285577
1725358028.8297067
1725358028.8417816
1725358028.8426375
1725358028.8914373
1725358028.8919234
1725358028.892607
1725358028.8930788
1725358028.8974257
1725358028.8978553
1725358028.8982863
1725358029.2758405
1725358029.276736
1725358029.313475
1725358029.313966
1725358029.325216
1725358029.3874626
1725358029.387909
1725358029.3883364
1725358029.4835443
1725358029.4844725
1725358029.5002112
1725358029.5006964
1725358029.5013194
1725358029.5017676
1725358029.6631117
1725358029.6639946
1725358029.7761164
1725358029.7766416
1725358029.7771118
1725358029.7839696
1725358029.7844265
1725358029.7848732
1725358029.7900841
1725358029.7909179
1725358029.8018742
1725358029.803403
1725358029.8727012
1725358029.873505
1725358030.1257277
1725358030.1261606
1725358030.1266084
1725358030.36176
1725358030.363179
1725358030.3705075
1725358030.3710318
1725358030.4106874
1725358030.411157
1725358030.4116063
1725358030.476703
1725358030.4776855
1725358030.4810388
1725358030.4814806
1725358030.4995959
1725358030.5001068
1725358030.504275
1725358030.5569644
1725358030.5580397
1725358030.713965
1725358030.7145128
1725358030.7153783
1725358030.8633938
1725358030.8638291
1725358030.864568
1725358031.067912
1725358031.0684369
1725358031.0689151
1725358031.075644
1725358031.0761578
1725358031.2551985
1725358031.2556674
1725358031.2561097
1725358031.3958874
1725358031.396412
1725358031.3968928
1725358031.5201998
1725358031.5206168
1725358031.5210612
1725358031.5215442
1725358031.554977
1725358031.5561974
1725358031.5958347
1725358031.5963476
1725358031.5968075
1725358031.5972576
1725358031.6920462
1725358031.6934786
1725358031.6939425
1725358031.6943827
1725358031.7726216
1725358031.7733827
1725358031.7795599
1725358031.7802544
1725358031.7893107
1725358031.789785
1725358031.7902377
1725358031.7910821
1725358031.8219829
1725358032.0428474
1725358032.043408
1725358032.0434349
1725358032.043456
1725358032.043522
1725358032.2373781
1725358032.312908
1725358032.3240778
1725358032.324789
1725358032.375202
1725358032.375768
1725358032.4234147
1725358032.4241078
1725358032.4247327
1725358032.4376242
1725358032.4380684
1725358032.4389496
1725358032.5991485
1725358032.5996428
1725358032.6001205
1725358032.6530664
1725358032.6541777
1725358032.70654
1725358032.7073073
1725358032.712543
1725358032.7129838
1725358032.713509
1725358032.7139478
1725358032.7796469
1725358032.7807817
1725358032.9081883
1725358032.909074
1725358032.9098983
1725358032.9701743
1725358032.9706278
1725358032.971266
1725358032.9909365
1725358032.9915445
1725358032.992376
1725358033.0750263
1725358033.075716
1725358033.0761843
1725358033.0803754
1725358033.0808012
1725358033.0953393
1725358033.1115477
1725358033.1275754
1725358033.1280599
1725358033.1285367
1725358033.237228
1725358033.2385602
1725358033.2390926
1725358033.2395241
1725358033.239964
1725358033.2658095
1725358033.283632
1725358033.2840765
1725358033.3346431
1725358033.358826
1725358033.399466
1725358033.408188
1725358033.4086587
1725358033.5074093
1725358033.5472
1725358033.5477018
1725358033.5481768
1725358033.5486171
1725358033.5511525
1725358033.579598
1725358033.5801117
1725358033.5805435
1725358033.6364005
1725358033.6373775
1725358033.6494749
1725358033.649957
1725358033.6504138
1725358033.6625614
1725358033.6630473
1725358033.663483
1725358034.049335
1725358034.0499609
1725358034.0499902
1725358034.0500095
1725358034.0500784
1725358034.183032
1725358034.1916056
1725358034.2008913
1725358034.227477
1725358034.2282856
1725358034.2288544
1725358034.2356687
1725358034.2361438
1725358034.2831068
1725358034.2835438
1725358034.2839873
1725358034.3105373
1725358034.311097
1725358034.3363638
1725358034.3596857
1725358034.360119
1725358034.39481
1725358034.396281
1725358034.3969207
1725358034.4930062
1725358034.4935977
1725358034.494043
1725358034.6500504
1725358034.65049
1725358034.651314
1725358034.7716243
1725358034.7724843
1725358034.92958
1725358034.93001
1725358034.9304514
1725358034.9383566
1725358034.9388564
1725358034.970941
1725358034.9717088
1725358034.9722643
1725358035.0720701
1725358035.072516
1725358035.0731957
1725358035.0901232
1725358035.1896126
1725358035.2468302
1725358035.2473752
1725358035.247872
1725358035.263528
1725358035.2642844
1725358035.2647295
1725358035.2791739
1725358035.2796361
1725358035.339634
1725358035.340071
1725358035.340515
1725358035.340959
1725358035.387551
1725358035.3884826
1725358035.4281156
1725358035.4291039
1725358035.429796
1725358035.483972
1725358035.4846258
1725358035.571966
1725358035.6402476
1725358035.6424103
1725358035.6429026
1725358035.6524158
1725358035.6534438
1725358035.8424907
1725358035.8430307
1725358035.8435316
1725358035.8439684
1725358035.8722215
1725358035.8726294
1725358035.8972514
1725358035.8981054
1725358036.0559132
1725358036.18738
1725358036.1878521
1725358036.1883125
1725358036.1958418
1725358036.196256
1725358036.1968193
1725358036.2451928
1725358036.3028655
1725358036.3035853
1725358036.3041596
1725358036.349061
1725358036.3496878
1725358036.350124
1725358036.3589802
1725358036.3598206
1725358036.401932
1725358036.402568
1725358036.403307
1725358036.4799502
1725358036.4803658
1725358036.480808
1725358036.5509558
1725358036.5516875
1725358036.552208
1725358036.5744867
1725358036.5752316
1725358036.575693
1725358036.6465497
1725358036.647374
1725358036.6485922
1725358036.6544108
1725358036.6550288
1725358036.6660829
1725358036.7270896
1725358036.7275221
1725358036.7279642
1725358036.772024
1725358036.7727828
1725358036.8930762
1725358036.8940895
1725358036.89942
1725358036.9085495
1725358036.9089987
1725358036.9097316
1725358036.9399903
1725358036.9410899
1725358037.0334399
1725358037.0339117
1725358037.0343604
1725358037.0348918
1725358037.0634084
1725358037.1379933
1725358037.1391413
1725358037.1416535
1725358037.22752
1725358037.2643526
1725358037.2652755
1725358037.2855463
1725358037.318265
1725358037.319042
1725358037.4543076
1725358037.454851
1725358037.4553394
1725358037.6363022
1725358037.6367378
1725358037.6371837
1725358037.6682227
1725358037.6690001
1725358037.6695805
1725358038.0377855
1725358038.0384
1725358038.0389342
1725358038.0762255
1725358038.076662
1725358038.077424
1725358038.1057453
1725358038.1063604
1725358038.3363075
1725358038.3367102
1725358038.3376014
1725358038.3382845
1725358038.5470958
1725358038.5475094
1725358038.6424177
1725358038.6607091
1725358038.6611557
1725358038.661615
1725358038.665082
1725358038.6655343
1725358038.705658
1725358038.7062304
1725358038.7062552
1725358038.7062771
1725358038.706346
1725358038.9470181
1725358038.977446
1725358039.0923793
1725358039.0931668
1725358039.226959
1725358039.2274997
1725358039.2280023
1725358039.3884928
1725358039.388917
1725358039.3944824
1725358039.4838767
1725358039.4844234
1725358039.485518
1725358039.5932581
1725358039.5945482
1725358040.068579
1725358040.0691128
1725358040.1350803
1725358040.1355414
1725358040.1360219
1725358040.1365483
1725358040.1758416
1725358040.1766737
1725358040.3863745
1725358040.3870134
1725358040.5210738
1725358040.5215628
1725358040.5220287
1725358040.5228555
1725358040.6616719
1725358040.6621034
1725358040.6635964
1725358040.6668258
1725358040.6757417
1725358040.6761978
1725358040.7287736
1725358040.729297
1725358040.9742343
1725358040.9821503
1725358040.9981785
1725358040.9986374
1725358040.9991922
1725358041.133826
1725358041.1342578
1725358041.1578748
1725358041.2042007
1725358041.2048993
1725358041.2053728
1725358041.2280345
1725358041.2407637
1725358041.2412267
1725358041.242005
1725358041.4662783
1725358041.4667814
1725358041.4776843
1725358041.4781244
1725358041.478571
1725358041.4791312
1725358041.6268573
1725358041.6273057
1725358041.6521776
1725358041.6530364
1725358041.6538801
1725358041.6543648
1725358041.7164755
1725358041.7171478
1725358041.7175848
1725358041.7182202
1725358041.8944094
1725358041.9116745
1725358041.9117
1725358041.9117203
1725358041.9117815
1725358041.9557912
1725358041.9646103
1725358042.2528627
1725358042.2536573
1725358042.254371
1725358042.2632248
1725358042.2638288
1725358042.2643266
1725358042.2796783
1725358042.2802331
1725358042.3247595
1725358042.4226005
1725358042.4231958
1725358042.4236615
1725358042.4280796
1725358042.4289927
1725358042.5281687
1725358042.5389473
1725358042.5394213
1725358042.5398755
1725358042.641272
1725358042.6417065
1725358042.6421456
1725358042.6540184
1725358042.654915
1725358042.6581285
1725358042.6586554
1725358042.6916442
1725358042.692085
1725358042.6925464
1725358042.7201207
1725358042.7206063
1725358042.721582
1725358042.8253422
1725358042.825779
1725358042.8905215
1725358042.89099
1725358042.9101112
1725358042.9501495
1725358042.9507604
1725358042.9874182
1725358042.9879527
1725358042.988401
1725358043.028435
1725358043.028908
1725358043.0294738
1725358043.4431338
1725358043.4444911
1725358043.5010526
1725358043.501558
1725358043.502068
1725358043.6364508
1725358043.6368582
1725358043.638124
1725358043.7980094
1725358043.799303
1725358043.8079603
1725358043.808566
1725358043.809007
1725358043.9239633
1725358043.9918504
1725358043.9922771
1725358044.0117981
1725358044.034615
1725358044.1510646
1725358044.1516898
1725358044.1524916
1725358044.1584876
1725358044.158959
1725358044.1595132
1725358044.159953
1725358044.2255092
1725358044.2581842
1725358044.2588227
1725358044.259636
1725358044.2636075
1725358044.2641053
1725358044.2645502
1725358044.2676928
1725358044.2681305
1725358044.2947314
1725358044.2957416
1725358044.3156798
1725358044.3162148
1725358044.429762
1725358044.4304569
1725358044.4309392
1725358044.5059683
1725358044.5071785
1725358044.514726
1725358044.5154781
1725358044.515965
1725358044.5243065
1725358044.5250597
1725358044.525503
1725358044.8799465
1725358044.880733
1725358044.8817937
1725358044.917332
1725358044.9177854
1725358044.9182494
1725358044.9236505
1725358044.9240837
1725358044.9248228
1725358045.0742204
1725358045.0747943
1725358045.0865731
1725358045.0871675
1725358045.0923731
1725358045.0928302
1725358045.093291
1725358045.0980055
1725358045.099186
1725358045.315886
1725358045.410248
1725358045.4113224
1725358045.4537368
1725358045.570236
1725358045.5707474
1725358045.5712197
1725358045.5716667
1725358045.6249454
1725358045.6257365
1725358045.6899714
1725358045.6913002
1725358045.7017565
1725358045.7022107
1725358045.702789
1725358045.7378957
1725358045.7383373
1725358045.9078202
1725358045.9086075
1725358045.9091187
1725358045.942941
1725358045.9433973
1725358045.943862
1725358046.010185
1725358046.0106223
1725358046.035855
1725358046.036417
1725358046.0368967
1725358046.1235669
1725358046.1240005
1725358046.1244457
1725358046.1349025
1725358046.1353865
1725358046.136139
1725358046.1888456
1725358046.189356
1725358046.1899996
1725358046.2629104
1725358046.2633429
1725358046.2637858
1725358046.264227
1725358046.3023129
1725358046.3029666
1725358046.3037183
1725358046.3340223
1725358046.334588
1725358046.3351579
1725358046.381004
1725358046.381468
1725358046.3819082
1725358046.399937
1725358046.448029
1725358046.4486992
1725358046.4487243
1725358046.4487445
1725358046.448842
1725358046.6783645
1725358047.0184932
1725358047.090803
1725358047.0916197
1725358047.0961
1725358047.096588
1725358047.2289143
1725358047.229555
1725358047.230006
1725358047.4357862
1725358047.4365044
1725358047.5400484
1725358047.5407653
1725358047.5412574
1725358047.6645625
1725358047.837582
1725358047.838045
1725358047.8389468
1725358047.855625
1725358047.856062
1725358047.8565068
1725358047.8570778
1725358047.9708087
1725358047.9716983
1725358047.9722548
1725358047.972748
1725358048.1797771
1725358048.1802762
1725358048.2810948
1725358048.2815456
1725358048.2819788
1725358048.2996862
1725358048.3323336
1725358048.366656
1725358048.3671622
1725358048.3682377
1725358048.5527217
1725358048.5531564
1725358048.5920005
1725358048.5925286
1725358048.6359193
1725358048.683461
1725358048.6839137
1725358048.684372
1725358048.6848211
1725358048.6852572
1725358048.7577348
1725358048.7581773
1725358048.9955008
1725358048.9959226
1725358048.9964123
1725358049.0072544
1725358049.0077922
1725358049.008299
1725358049.1637554
1725358049.1641796
1725358049.1647272
1725358049.221271
1725358049.4283974
1725358049.5308998
1725358049.531473
1725358049.5757127
1725358049.5761497
1725358049.5765998
1725358049.5770347
1725358049.63282
1725358049.6559699
1725358049.6564448
1725358049.6570659
1725358049.6575687
1725358049.6652048
1725358049.7177553
1725358049.7185235
1725358049.719087
1725358049.7748616
1725358049.775297
1725358049.8186533
1725358049.8191159
1725358050.0140455
1725358050.016988
1725358050.0832405
1725358050.0836735
1725358050.46957
1725358050.4703882
1725358050.4709644
1725358050.4811058
1725358050.4815636
1725358050.4820037
1725358050.58349
1725358050.5845168
1725358050.655122
1725358050.65568
1725358050.682667
1725358050.6831846
1725358050.6836405
1725358050.6874273
1725358050.6878572
1725358050.7945776
1725358050.7954123
1725358050.8805804
1725358050.8811345
1725358050.882232
1725358050.935647
1725358050.936092
1725358050.9365363
1725358050.9972353
1725358050.9979594
1725358051.027274
1725358051.027824
1725358051.0285015
1725358051.0601184
1725358051.060556
1725358051.0613286
1725358051.0621154
1725358051.081526
1725358051.082058
1725358051.1256185
1725358051.1261153
1725358051.1265724
1725358051.1282144
1725358051.1286488
1725358051.1787515
1725358051.1796322
1725358051.180192
1725358051.2380416
1725358051.2388546
1725358051.2458124
1725358051.2462552
1725358051.2467885
1725358051.296055
1725358051.35563
1725358051.3560855
1725358051.3565526
1725358051.437036
1725358051.438205
1725358051.4518688
1725358051.4528708
1725358051.4597735
1725358051.4901133
1725358051.4905558
1725358051.4910955
1725358051.5447786
1725358051.5463142
1725358051.552831
1725358051.5533226
1725358051.5542197
1725358051.554676
1725358051.5669277
1725358051.5673635
1725358051.575908
1725358051.576712
1725358051.5772445
1725358051.6190605
1725358051.6195219
1725358051.6199834
1725358051.6263022
1725358051.6267886
1725358051.8351688
1725358051.8363485
1725358051.8876936
1725358051.88851
1725358051.8886547
1725358051.9122896
1725358051.9489036
1725358051.9493558
1725358051.95001
1725358051.9980898
1725358052.0052643
1725358052.005722
1725358052.006173
1725358052.0066361
1725358052.0444453
1725358052.0448813
1725358052.0453136
1725358052.045873
1725358052.0612316
1725358052.062101
1725358052.1631773
1725358052.1640515
1725358052.1645534
1725358052.1913855
1725358052.1921
1725358052.1925368
1725358052.3511963
1725358052.3637965
1725358052.3643556
1725358052.3644023
1725358052.3644376
1725358052.5363035
1725358052.6182315
1725358052.618862
1725358052.7479994
1725358052.748541
1725358052.7491686
1725358052.825875
1725358052.8264036
1725358052.8272076
1725358052.8276832
1725358052.9020977
1725358052.9028625
1725358052.9293363
1725358052.9297857
1725358052.9302292
1725358053.0453298
1725358053.0926306
1725358053.0930867
1725358053.0938222
1725358053.1993706
1725358053.1998048
1725358053.2002525
1725358053.2007954
1725358053.598704
1725358053.7759454
1725358053.7769792
1725358053.7775009
1725358053.788206
1725358053.788689
1725358053.8069923
1725358053.8084927
1725358053.8088386
1725358053.8336241
1725358053.8692605
1725358053.869477
1725358053.869775
1725358053.8704364
1725358053.8709087
1725358054.0406916
1725358054.1762094
1725358054.176682
1725358054.1773605
1725358054.4535835
1725358054.4539764
1725358054.5575974
1725358054.5579886
1725358054.5667615
1725358054.56737
1725358054.567913
1725358054.5739174
1725358054.5743637
1725358054.5749366
1725358054.7489488
1725358054.7494676
1725358054.7542753
1725358054.7548084
1725358054.7563288
1725358054.7568157
1725358054.9205768
1725358054.995237
1725358054.9956477
1725358054.9965594
1725358055.0731537
1725358055.0736892
1725358055.10633
1725358055.1068223
1725358055.1072981
1725358055.1134605
1725358055.1360757
1725358055.1368287
1725358055.269864
1725358055.2704003
1725358055.2709625
1725358055.3686917
1725358055.3691208
1725358055.3695645
1725358055.4763794
1725358055.4767947
1725358055.4775796
1725358055.5498178
1725358055.5503697
1725358055.5814562
1725358055.5824244
1725358055.6086392
1725358055.6090772
1725358055.6095202
1725358055.6288123
1725358055.7629263
1725358055.7635133
1725358055.9293447
1725358055.929784
1725358055.9305217
1725358056.0700085
1725358056.0716305
1725358056.0721471
1725358056.1024456
1725358056.1028082
1725358056.103449
1725358056.2613518
1725358056.2615812
1725358056.262226
1725358056.3689094
1725358056.3691328
1725358056.4711864
1725358056.4720676
1725358056.6907635
1725358056.6908855
1725358056.690987
1725358056.6925533
1725358056.7023737
1725358056.7038546
1725358057.145443
1725358057.1458557
1725358057.1881297
1725358057.1890872
1725358057.1894057
1725358057.2357671
1725358057.2367678
1725358057.3282995
1725358057.3285239
1725358057.3472977
1725358057.3477042
1725358057.348149
1725358057.3832161
1725358057.3839104
1725358057.6369076
1725358057.637777
1725358057.6381493
1725358057.6675668
1725358057.6677275
1725358057.6681056
1725358057.6958833
1725358057.6966007
1725358057.697271
1725358057.7041738
1725358057.8774004
1725358057.8795917
1725358058.0173037
1725358058.0184133
1725358058.0252345
1725358058.025839
1725358058.040884
1725358058.0411682
1725358058.0417936
1725358058.1019495
1725358058.102357
1725358058.1951063
1725358058.2146974
1725358058.21521
1725358058.2156775
1725358058.3372016
1725358058.3372877
1725358058.338328
1725358058.412448
1725358058.412561
1725358058.4216752
1725358058.4217772
1725358058.4225245
1725358058.5213833
1725358058.5222042
1725358058.5809157
1725358058.5814002
1725358058.5942535
1725358058.594525
1725358058.6025157
1725358058.603113
1725358058.6033502
1725358058.7007122
1725358058.7021515
1725358058.8084621
1725358058.8087819
1725358058.809397
1725358058.8098953
1725358058.9068344
1725358058.9072752
1725358058.9107947
1725358058.910937
1725358058.9468858
1725358058.948608
1725358058.949234
1725358058.9499674
1725358058.9913511
1725358059.003235
1725358059.003987
1725358059.004539
1725358059.0050263
1725358059.0054984
1725358059.0100577
1725358059.0586994
1725358059.0592778
1725358059.0593996
1725358059.212566
1725358059.2130265
1725358059.2137785
1725358059.22129
1725358059.2218277
1725358059.231108
1725358059.2883992
1725358059.2888262
1725358059.2892628
1725358059.3990147
1725358059.399793
1725358059.3998144
1725358059.3998792
1725358059.3999255
1725358059.4600966
1725358059.613459
1725358059.6639876
1725358059.679907
1725358059.6806602
1725358059.6864486
1725358059.6868575
1725358059.6993835
1725358059.699869
1725358059.701365
1725358059.7275755
1725358059.7281768
1725358059.7287238
1725358059.8460379
1725358059.8464713
1725358059.8470573
1725358059.881399
1725358060.0041823
1725358060.0051196
1725358060.005656
1725358060.0378494
1725358060.0382802
1725358060.0387707
1725358060.0829883
1725358060.0839446
1725358060.0934122
1725358060.094072
1725358060.1409116
1725358060.1415107
1725358060.1420116
1725358060.1424618
1725358060.1486313
1725358060.1487799
1725358060.2069945
1725358060.2107685
1725358060.211378
1725358060.2351675
1725358060.235549
1725358060.235864
1725358060.345498
1725358060.5321589
1725358060.5326064
1725358060.5335476
1725358060.585549
1725358060.586068
1725358060.5865333
1725358060.6000853
1725358060.6001778
1725358060.604439
1725358060.604534
1725358060.6245034
1725358060.62511
1725358060.7242894
1725358060.7247937
1725358061.0441034
1725358061.0444481
1725358061.0448837
1725358061.1856697
1725358061.1870136
1725358061.2290711
1725358061.2562318
1725358061.256668
1725358061.2575483
1725358061.4085739
1725358061.4094853
1725358061.4098737
1725358061.9589934
1725358061.959798
1725358061.960232
1725358062.0340085
1725358062.0350926
1725358062.129882
1725358062.1303012
1725358062.2279842
1725358062.228645
1725358062.2294397
1725358062.2375064
1725358062.2379498
1725358062.3109686
1725358062.317564
1725358062.318047
1725358062.319281
1725358062.427907
1725358062.4285343
1725358062.4289703
1725358062.5134366
1725358062.5145464
1725358062.5339177
1725358062.5346649
1725358062.535255
1725358062.5938284
1725358062.5944827
1725358062.5950613
1725358062.6724515
1725358062.6729405
1725358062.6734183
1725358062.7235413
1725358062.7241843
1725358062.7246535
1725358062.735043
1725358062.7357635
1725358062.7511215
1725358062.751727
1725358062.769982
1725358062.7705598
1725358062.7711716
1725358062.7987993
1725358062.799416
1725358062.8508713
1725358062.8877294
1725358062.8881664
1725358062.9710777
1725358062.9715297
1725358062.9720893
1725358062.974114
1725358063.134053
1725358063.1344476
1725358063.1374164
1725358063.2348466
1725358063.2352552
1725358063.3201323
1725358063.3210118
1725358063.3894532
1725358063.3899236
1725358063.39765
1725358063.3988626
1725358063.535763
1725358063.536198
1725358063.5372179
1725358063.6850255
1725358063.685489
1725358063.686772
1725358063.761149
1725358063.7615657
1725358063.7620084
1725358063.7924066
1725358063.793341
1725358063.7937958
1725358063.8751905
1725358063.8756108
1725358063.9593315
1725358063.960237
1725358064.0532846
1725358064.0537252
1725358064.0781655
1725358064.0786107
1725358064.0792143
1725358064.1824193
1725358064.183493
1725358064.2173076
1725358064.217732
1725358064.2182457
1725358064.3233871
1725358064.3240983
1725358064.558473
1725358064.5595553
1725358064.6334207
1725358064.63386
1725358064.6343107
1725358064.8957891
1725358064.8965104
1725358064.8971236
1725358064.9166336
1725358064.916754
1725358064.9271488
1725358064.976384
1725358064.9769206
1725358064.977369
1725358064.97799
1725358064.9900665
1725358064.9908617
1725358065.046299
1725358065.047157
1725358065.047416
1725358065.0687556
1725358065.0691721
1725358065.0697553
1725358065.0702012
1725358065.093798
1725358065.094451
1725358065.1813002
1725358065.1816444
1725358065.1844814
1725358065.1849413
1725358065.4133728
1725358065.413797
1725358065.41426
1725358065.47924
1725358065.4804654
1725358065.6866064
1725358065.6873248
1725358065.68782
1725358065.693289
1725358065.943959
1725358065.9443655
1725358065.9448037
1725358065.963539
1725358065.9717011
1725358065.9717832
1725358065.971805
1725358065.9718726
1725358065.9729786
1725358066.222576
1725358066.2318335
1725358066.2324183
1725358066.2330122
1725358066.2530572
1725358066.25369
1725358066.2541478
1725358066.307248
1725358066.3080554
1725358066.3086884
1725358066.57918
1725358066.579573
1725358066.6045282
1725358066.6206923
1725358066.6211524
1725358066.6216042
1725358066.6316435
1725358066.6348934
1725358066.635349
1725358066.6988904
1725358066.6999216
1725358066.8434522
1725358066.843945
1725358066.8444848
1725358067.0500293
1725358067.0504656
1725358067.0511196
1725358067.163546
1725358067.1643443
1725358067.3378413
1725358067.3383942
1725358067.3390949
1725358067.3508399
1725358067.3514674
1725358067.3584888
1725358067.4138865
1725358067.4144502
1725358067.4177632
1725358067.4957113
1725358067.4961312
1725358067.6625865
1725358067.6628475
1725358067.663235
1725358067.7160141
1725358067.7165515
1725358067.8021898
1725358067.8026235
1725358067.803498
1725358067.8039327
1725358068.0214138
1725358068.0327237
1725358068.0336237
1725358068.0340943
1725358068.1669474
1725358068.1673753
1725358068.4858685
1725358068.4871352
1725358068.4883049
1725358068.5364928
1725358068.5376434
1725358068.554747
1725358068.5553696
1725358068.6165998
1725358068.6170468
1725358068.6177309
1725358068.6181757
1725358068.6433775
1725358068.6441698
1725358068.645255
1725358068.7131982
1725358068.7136261
1725358068.7842352
1725358068.784338
1725358068.7853577
1725358068.785851
1725358068.792851
1725358068.9877112
1725358068.988182
1725358069.0726128
1725358069.0736382
1725358069.2072883
1725358069.2487152
1725358069.2491505
1725358069.2974586
1725358069.3143535
1725358069.3148913
1725358069.3153875
1725358069.4252248
1725358069.4693265
1725358069.4700496
1725358069.482183
1725358069.4831424
1725358069.4839482
1725358069.6522217
1725358069.652643
1725358069.6530852
1725358069.6535244
1725358069.6566563
1725358069.8698108
1725358069.8708723
1725358070.298125
1725358070.335401
1725358070.3360653
1725358070.3365328
1725358070.341703
1725358070.3431091
1725358070.380833
1725358070.3814557
1725358070.4555612
1725358070.456898
1725358070.4573655
1725358070.4643297
1725358070.465327
1725358070.501575
1725358070.502159
1725358070.502749
1725358070.521338
1725358070.5220551
1725358070.700857
1725358070.7019246
1725358070.7087767
1725358070.7093816
1725358070.7098532
1725358070.723717
1725358070.7242117
1725358070.7300713
1725358070.7790642
1725358070.779585
1725358070.7800634
1725358070.8509982
1725358070.8514826
1725358070.8521137
1725358070.866148
1725358070.8699987
1725358070.8709795
1725358070.8777397
1725358070.8782213
1725358070.8787212
1725358070.8791752
1725358070.9496431
1725358070.9501176
1725358070.950571
1725358070.9647405
1725358070.9652722
1725358071.094326
1725358071.0958953
1725358071.0963414
1725358071.0968072
1725358071.1196887
1725358071.120116
1725358071.1209037
1725358071.1703384
1725358071.1712894
1725358071.3992114
1725358071.3995874
1725358071.4000795
1725358071.532858
1725358071.5334373
1725358071.5339327
1725358071.5559056
1725358071.5925438
1725358071.5930889
1725358071.593114
1725358071.5931334
1725358071.5932028
1725358071.6254597
1725358071.8545475
1725358071.9312828
1725358071.9358106
1725358071.9363732
1725358072.0372865
1725358072.0377295
1725358072.0381958
1725358072.0386596
1725358072.0539358
1725358072.0828245
1725358072.2477834
1725358072.2484808
1725358072.6768708
1725358072.6775007
1725358072.6776948
1725358072.832768
1725358072.8337634
1725358072.834282
1725358072.834772
1725358072.8357465
1725358072.946414
1725358072.963952
1725358072.9644344
1725358072.9651027
1725358072.9782534
1725358072.9787273
1725358072.9796078
1725358072.9800837
1725358073.0362017
1725358073.0368779
1725358073.0369167
1725358073.036983
1725358073.0371563
1725358073.222018
1725358073.3136864
1725358073.3339026
1725358073.334483
1725358073.3354232
1725358073.360306
1725358073.3611777
1725358073.361667
1725358073.4450321
1725358073.445509
1725358073.446231
1725358073.616797
1725358073.6178322
1725358073.6366925
1725358073.6372118
1725358073.6374922
1725358073.8250751
1725358073.841407
1725358073.842296
1725358073.8560538
1725358073.8675516
1725358073.8684812
1725358073.9088342
1725358073.9093642
1725358073.934771
1725358073.935498
1725358073.935991
1725358073.9565506
1725358073.9569707
1725358073.9576552
1725358073.9608078
1725358073.9612553
1725358073.9807248
1725358073.9812455
1725358073.9833026
1725358074.0831988
1725358074.0836575
1725358074.0840914
1725358074.0975764
1725358074.114472
1725358074.2157922
1725358074.2162707
1725358074.2167497
1725358074.504368
1725358074.5048435
1725358074.5052836
1725358074.521922
1725358074.5222917
1725358074.530373
1725358074.5315967
1725358074.5400193
1725358074.540439
1725358074.6746402
1725358074.6748233
1725358074.6754649
1725358074.7873302
1725358074.7886393
1725358075.0272996
1725358075.027709
1725358075.0280354
1725358075.2193701
1725358075.2197833
1725358075.2202244
1725358075.2382946
1725358075.3893535
1725358075.3901875
1725358075.4394383
1725358075.4399676
1725358075.440411
1725358075.5232587
1725358075.5241854
1725358075.5312812
1725358075.5317657
1725358075.5322204
1725358075.538284
1725358075.5388231
1725358075.5774975
1725358075.5779474
1725358075.5792146
1725358075.606186
1725358075.606927
1725358075.6188517
1725358075.6199338
1725358075.7964501
1725358075.8341527
1725358075.8346071
1725358075.8358526
1725358075.8565867
1725358075.8571389
1725358075.8739884
1725358076.1306098
1725358076.1312463
1725358076.1316857
1725358076.201438
1725358076.2029026
1725358076.3613226
1725358076.3619032
1725358076.3625166
1725358076.3630488
1725358076.5344582
1725358076.535563
1725358076.634352
1725358076.649493
1725358076.6511996
1725358076.6516623
1725358076.6521022
1725358076.74852
1725358076.7489617
1725358076.7598546
1725358076.7607286
1725358076.7988503
1725358076.7995036
1725358076.7999792
1725358076.882584
1725358076.8831904
1725358077.0845366
1725358077.0857413
1725358077.1741207
1725358077.174529
1725358077.175308
1725358077.1758265
1725358077.1835892
1725358077.1847067
1725358077.2876718
1725358077.2898302
1725358077.3494937
1725358077.3499434
1725358077.3532636
1725358077.354556
1725358077.3554187
1725358077.539199
1725358077.53967
1725358077.7415175
1725358077.7419674
1725358077.7424142
1725358077.7429428
1725358077.871415
1725358077.8721523
1725358077.8727
1725358077.9443705
1725358077.9448218
1725358077.9452727
1725358077.9607923
1725358077.961358
1725358077.9618802
1725358078.0431848
1725358078.0437055
1725358078.0444396
1725358078.0521188
1725358078.0525684
1725358078.0531127
1725358078.1320062
1725358078.132596
1725358078.1333215
1725358078.1337626
1725358078.1594214
1725358078.1970906
1725358078.4009826
1725358078.4014611
1725358078.5306127
1725358078.5323539
1725358078.5327873
1725358078.5995002
1725358078.6000779
1725358078.6001184
1725358078.60015
1725358078.6001904
1725358078.7240448
1725358078.9768488
1725358078.977665
1725358079.0047204
1725358079.0057056
1725358079.006227
1725358079.086632
1725358079.0871048
1725358079.0878038
1725358079.0924807
1725358079.0930138
1725358079.1012442
1725358079.1017501
1725358079.1022243
1725358079.1346548
1725358079.1499474
1725358079.1504543
1725358079.150979
1725358079.2415855
1725358079.2420297
1725358079.2424927
1725358079.6250887
1725358079.6257768
1725358079.7354693
1725358079.736046
1725358079.7365327
1725358079.8052137
1725358079.8056548
1725358079.8268912
1725358079.8273766
1725358079.8278294
1725358079.8285987
1725358080.0045958
1725358080.00562
1725358080.0060778
1725358080.0535417
1725358080.0540721
1725358080.1965268
1725358080.2206798
1725358080.2211504
1725358080.221622
1725358080.2480373
1725358080.2485836
1725358080.2490692
1725358080.3023508
1725358080.3028533
1725358080.3057613
1725358080.4116447
1725358080.41239
1725358080.505085
1725358080.505814
1725358080.7468112
1725358080.7874792
1725358080.7879598
1725358080.7884362
1725358080.7990024
1725358080.7998054
1725358080.8070223
1725358080.8074934
1725358080.8083503
1725358080.8088028
1725358080.8121567
1725358080.8126628
1725358080.8648057
1725358080.8656564
1725358081.1014667
1725358081.1024003
1725358081.1029353
1725358081.1498706
1725358081.1503496
1725358081.1508281
1725358081.2737205
1725358081.2744563
1725358081.360494
1725358081.361044
1725358081.3734317
1725358081.374354
1725358081.3748538
1725358081.4636478
1725358081.464259
1725358081.4649944
1725358081.5011778
1725358081.5017326
1725358081.5160537
1725358081.5165255
1725358081.5169854
1725358081.5905154
1725358081.5910246
1725358081.5917945
1725358081.659707
1725358081.6601758
1725358081.6606395
1725358081.6668575
1725358081.6674495
1725358081.706269
1725358081.7070754
1725358081.72337
1725358081.7239077
1725358081.8120232
1725358081.8125296
1725358081.899666
1725358081.9000812
1725358081.900766
1725358081.938046
1725358081.9389899
1725358081.9793203
1725358081.9797857
1725358082.0353355
1725358082.035779
1725358082.0364926
1725358082.0448515
1725358082.0481832
1725358082.048666
1725358082.1025374
1725358082.1030672
1725358082.1034994
1725358082.1634862
1725358082.2752407
1725358082.2762866
1725358082.4064922
1725358082.406997
1725358082.4074621
1725358082.4256306
1725358082.4260664
1725358082.426642
1725358082.4482176
1725358082.448787
1725358082.586179
1725358082.5866976
1725358082.5871687
1725358082.5876126
1725358082.5913644
1725358082.5918605
1725358082.775389
1725358082.7758746
1725358082.9166522
1725358082.9170868
1725358082.9175346
1725358083.0172815
1725358083.0177526
1725358083.0185256
1725358083.0714216
1725358083.071922
1725358083.0724053
1725358083.0796292
1725358083.080071
1725358083.0805154
1725358083.1683989
1725358083.170092
1725358083.1705215
1725358083.3276963
1725358083.4895246
1725358083.4902594
1725358083.4916127
1725358083.5664325
1725358083.5669026
1725358083.6442537
1725358083.6442852
1725358083.644311
1725358083.644348
1725358083.6562421
1725358083.766611
1725358083.94774
1725358083.9483268
1725358084.2696917
1725358084.285852
1725358084.2864072
1725358084.286941
1725358084.2873893
1725358084.2878454
1725358084.4340944
1725358084.4568927
1725358084.4573276
1725358084.4577892
1725358084.477392
1725358084.4782505
1725358084.507785
1725358084.5084128
1725358084.7568958
1725358084.757397
1725358084.7584243
1725358084.759442
1725358085.071895
1725358085.0726151
1725358085.0787694
1725358085.1526525
1725358085.1531289
1725358085.1535976
1725358085.3296192
1725358085.3300562
1725358085.3641808
1725358085.3650305
1725358085.366022
1725358085.3665693
1725358085.479284
1725358085.4797301
1725358085.5704882
1725358085.5886176
1725358085.702808
1725358085.7278078
1725358085.7282734
1725358085.7294195
1725358085.7298708
1725358085.739718
1725358085.7402031
1725358086.23689
1725358086.2384005
1725358086.2389314
1725358086.4042518
1725358086.405366
1725358086.4107566
1725358086.4128573
1725358086.4969976
1725358086.4980607
1725358086.4985209
1725358086.6123512
1725358086.6735282
1725358086.6740463
1725358086.674683
1725358086.747378
1725358086.748497
1725358086.817624
1725358086.8180873
1725358086.8187647
1725358086.819219
1725358087.072543
1725358087.073149
1725358087.300406
1725358087.3012934
1725358087.5185697
1725358087.5190854
1725358087.5904775
1725358087.657159
1725358087.6578517
1725358087.658339
1725358087.6919577
1725358087.7383056
1725358087.924348
1725358088.0746303
1725358088.0877893
1725358088.0889425
1725358088.0893912
1725358088.3347466
1725358088.3355515
1725358088.3557262
1725358088.3571515
1725358088.3576865
1725358088.3581803
1725358088.364997
1725358088.3655057
1725358088.3949678
1725358088.3966768
1725358088.4232824
1725358088.729597
1725358088.72996
1725358088.7311947
1725358088.766407
1725358088.7739646
1725358088.786579
1725358088.7870657
1725358088.838251
1725358088.8387172
1725358088.8392494
1725358088.84628
1725358088.8473513
1725358089.145755
1725358089.146228
1725358089.1467357
1725358089.1525025
1725358089.1532404
1725358089.2370806
1725358089.2381535
1725358089.2652023
1725358089.265662
1725358089.2661061
1725358089.318136
1725358089.3185737
1725358089.319843
1725358089.4419198
1725358089.4431775
1725358089.6477873
1725358089.648506
1725358089.6496367
1725358089.727836
1725358089.7288296
1725358089.7295835
1725358089.751596
1725358089.7522016
1725358089.7526584
1725358089.7989106
1725358089.7993667
1725358089.817441
1725358089.8179035
1725358089.8183544
1725358089.8188703
1725358089.841468
1725358089.8424926
1725358089.8532228
1725358089.8538766
1725358089.8544405
1725358089.8795054
1725358089.8800392
1725358089.8804715
1725358089.914811
1725358089.9266057
1725358089.9266343
1725358089.9266684
1725358089.926771
1725358089.928015
1725358090.8558538
1725358091.0533767
1725358091.0543337
1725358091.0548198
1725358091.1194863
1725358091.1438625
1725358091.1443162
1725358091.1447623
1725358091.1457314
1725358091.2934275
1725358091.3088
1725358091.3095894
1725358091.311291
1725358091.3117337
1725358091.3304324
1725358091.3309731
1725358091.331723
1725358091.3849018
1725358091.5401282
1725358091.540827
1725358091.8335767
1725358091.8339894
1725358091.8992965
1725358091.8997962
1725358091.9984581
1725358092.1871238
1725358092.3732085
1725358092.4139998
1725358092.523117
1725358092.6112664
1725358092.61175
1725358092.6242728
1725358092.6247153
1725358092.6251698
1725358092.7060108
1725358092.7065418
1725358092.7565413
1725358092.7571926
1725358092.7576396
1725358092.7742798
1725358092.7988334
1725358092.7999783
1725358092.80937
1725358092.8110507
1725358092.8119311
1725358092.8349411
1725358092.8354838
1725358092.8406837
1725358092.845324
1725358092.8458622
1725358092.8463135
1725358092.9342256
1725358092.9351459
1725358093.1376119
1725358093.1381485
1725358093.140031
1725358093.1474745
1725358093.1479685
1725358093.1484182
1725358093.148856
1725358093.2446733
1725358093.2454228
1725358093.2716296
1725358093.2722049
1725358093.2727027
1725358093.3222132
1725358093.3228552
1725358093.5468636
1725358093.5542698
1725358093.5559914
1725358093.556647
1725358093.6267443
1725358093.6272027
1725358093.6277654
1725358093.6572385
1725358093.658802
1725358093.6640708
1725358093.6646101
1725358093.6794
1725358093.680803
1725358093.6819668
1725358093.6824095
1725358093.69171
1725358093.7032788
1725358093.7370744
1725358093.7377965
1725358093.738794
1725358093.739269
1725358093.7397244
1725358093.7442143
1725358093.744658
1725358093.7454708
1725358094.134022
1725358094.1344378
1725358094.2622142
1725358094.2634583
1725358094.2642753
1725358094.2909176
1725358094.3043418
1725358094.3047845
1725358094.3052826
1725358094.3358316
1725358094.3365571
1725358094.5574937
1725358094.5579875
1725358094.5765233
1725358094.5771093
1725358094.6065788
1725358094.6072958
1725358094.607754
1725358094.7748795
1725358094.776158
1725358094.7767797
1725358094.8757582
1725358094.8765535
1725358094.8770356
1725358094.878995
1725358094.879423
1725358094.9048266
1725358094.9053621
1725358094.9062395
1725358094.9288826
1725358094.9293191
1725358094.9297433
1725358094.9305375
1725358095.0020278
1725358095.0032701
1725358095.0038397
1725358095.1063263
1725358095.1068168
1725358095.1072628
1725358095.2386742
1725358095.2391226
1725358095.2398899
1725358095.2403421
1725358095.2466664
1725358095.248001
1725358095.2836246
1725358095.284239
1725358095.4751186
1725358095.4766889
1725358095.477578
1725358095.4780407
1725358095.8816376
1725358095.9842997
1725358095.9843302
1725358095.9843545
1725358095.9844058
1725358096.077413
1725358096.1582482
1725358096.3820133
1725358096.4396584
1725358096.44929
1725358096.4497683
1725358096.4502141
1725358096.4509149
1725358096.5719833
1725358096.572519
1725358096.596185
1725358096.5966418
1725358096.5971248
1725358096.6164398
1725358096.6448934
1725358096.6458952
1725358096.6559916
1725358096.6564827
1725358096.6569376
1725358096.7473502
1725358096.7477314
1725358096.7484663
1725358096.7944512
1725358096.7949607
1725358096.9729137
1725358096.9733677
1725358096.9744089
1725358096.9749131
1725358097.169927
1725358097.172608
1725358097.294546
1725358097.3072777
1725358097.3077416
1725358097.3085384
1725358097.5039816
1725358097.6495094
1725358097.6500304
1725358097.6585083
1725358097.6590204
1725358097.6594608
1725358097.7905073
1725358097.9259899
1725358097.926841
1725358098.0524144
1725358098.0530019
1725358098.0536032
1725358098.054091
1725358098.054532
1725358098.0615876
1725358098.0620387
1725358098.0628252
1725358098.0809245
1725358098.0816216
1725358098.0820856
1725358098.0936885
1725358098.0943034
1725358098.095112
1725358098.118355
1725358098.1199372
1725358098.1344604
1725358098.13548
1725358098.1633053
1725358098.1637423
1725358098.2564197
1725358098.2572343
1725358098.2857957
1725358098.293292
1725358098.2944522
1725358098.2949784
1725358098.2954242
1725358098.2990572
1725358098.4451227
1725358098.4486332
1725358098.4490876
1725358098.553475
1725358098.5543597
1725358098.5632467
1725358098.5911717
1725358098.5921354
1725358098.7068868
1725358098.7077742
1725358098.708396
1725358098.836986
1725358098.837378
1725358098.8631582
1725358098.863768
1725358098.8643708
1725358098.8650827
1725358098.8655477
1725358098.8660033
1725358098.8862617
1725358098.8867507
1725358098.8955128
1725358098.8960788
1725358098.8966599
1725358098.9256513
1725358098.9283268
1725358098.928768
1725358098.9292161
1725358099.335095
1725358099.336092
1725358099.382511
1725358099.3830934
1725358099.3835492
1725358099.3840125
1725358099.469782
1725358099.470183
1725358099.4706192
1725358099.4770153
1725358099.4777632
1725358099.4785247
1725358099.7281983
1725358099.7762442
1725358099.7773812
1725358099.904719
1725358099.905138
1725358099.9239454
1725358099.9936059
1725358099.99366
1725358099.9936833
1725358099.993747
1725358100.1524487
1725358100.1593113
1725358100.3838692
1725358100.3847237
1725358100.3887625
1725358100.3892624
1725358100.6829739
1725358100.6834726
1725358100.683941
1725358100.8831751
1725358100.8838916
1725358100.9533033
1725358100.9537523
1725358100.9541948
1725358101.0100522
1725358101.0160403
1725358101.0343647
1725358101.0538347
1725358101.0546315
1725358101.0596864
1725358101.0601544
1725358101.078869
1725358101.116611
1725358101.1170475
1725358101.1253772
1725358101.1389453
1725358101.1715097
1725358101.1932912
1725358101.1942372
1725358101.23033
1725358101.2531042
1725358101.2656322
1725358101.2740414
1725358101.285752
1725358101.2941449
1725358101.294591
1725358101.3058035
1725358101.3423297
1725358101.3431568
1725358101.3477955
1725358101.3483055
1725358101.3487916
1725358101.3557749
1725358101.3660984
1725358101.3911824
1725358101.392022
1725358101.4079082
1725358101.4087029
1725358101.4091897
1725358101.430232
1725358101.4491105
1725358101.4806483
1725358101.4934344
1725358101.5103574
1725358101.5353453
1725358101.53578
1725358101.5364394
1725358101.5382931
1725358101.5517457
1725358101.5754921
1725358101.6043732
1725358101.6169834
1725358101.6577296
1725358101.6584063
1725358101.6687136
1725358101.669364
1725358101.6942046
1725358101.7122407
1725358101.7196665
1725358101.7406628
1725358101.7592163
1725358101.7706132
1725358101.7860076
1725358101.795582
1725358101.7960377
1725358101.7967608
1725358101.8037367
1725358101.8316731
1725358101.8444417
1725358101.8449063
1725358101.8522367
1725358101.8637762
1725358101.8642504
1725358101.8647096
1725358101.8653085
1725358101.865864
1725358101.8869433
1725358101.887814
1725358101.9210284
1725358101.9219944
1725358101.9530287
1725358101.9555748
1725358101.9585617
1725358101.9592357
1725358101.9597454
1725358101.964963
1725358101.973046
1725358101.974103
1725358101.9747236
1725358101.9851327
1725358101.98636
1725358101.9871476
1725358101.9967923
1725358102.0190687
1725358102.054382
1725358102.057413
1725358102.0583704
1725358102.0785003
1725358102.1031
1725358102.1294227
1725358102.1526875
1725358102.1532128
1725358102.1771615
1725358102.1777775
1725358102.1849053
1725358102.192631
1725358102.1974747
1725358102.1990814
1725358102.1996458
1725358102.2142594
1725358102.2264094
1725358102.2272093
1725358102.227667
1725358102.2552195
1725358102.2599552
1725358102.2772174
1725358102.2996194
1725358102.3000836
1725358102.3008318
1725358102.3084567
1725358102.33229
1725358102.332838
1725358102.3356626
1725358102.3627386
1725358102.3631992
1725358102.3637094
1725358102.3641622
1725358102.3841007
1725358102.3847508
1725358102.4005828
1725358102.4405997
1725358102.441494
1725358102.4423628
1725358102.6976697
1725358102.6986172
1725358102.699443
1725358102.7002387
1725358102.7010767
1725358102.701732
1725358102.7023017
1725358102.703664
1725358102.7953825
1725358102.79637
1725358102.8101559
1725358102.8107831
1725358102.8118713
1725358102.8126612
1725358102.8233852
1725358102.8251462
1725358102.8275445
1725358102.8306408
1725358102.8590546
1725358102.8606908
1725358102.8620331
1725358102.865054
1725358102.8712924
1725358102.8720958
1725358102.8728907
1725358102.8738837
1725358102.8747869
1725358102.8749433
1725358102.9425895
1725358102.9626098
1725358102.9636266
1725358102.9650075
1725358102.9941936
1725358103.046523
1725358103.0573802
1725358103.0578942
1725358103.0902395
1725358103.0917633
1725358103.0939646
1725358103.0958724
1725358103.1076584
1725358103.122818
1725358103.1233757
1725358103.1245253
1725358103.1297348
1725358103.131643
1725358103.1706119
1725358103.1766772
1725358103.1771345
1725358103.1775513
1725358103.1890905
1725358103.1959245
1725358103.1965566
1725358103.201737
1725358103.2023072
1725358103.2125309
1725358103.2135577
1725358103.2497776
1725358103.251307
1725358103.2518702
1725358103.2664807
1725358103.3049347
1725358103.3200881
1725358103.3214324
1725358103.3485296
1725358103.3684008
1725358103.3687906
1725358103.3862793
1725358103.3869274
1725358103.406607
1725358103.408659
1725358103.409623
1725358103.4186819
1725358103.4599152
1725358103.4920995
1725358103.4927335
1725358103.5185418
1725358103.5191321
1725358103.5245645
1725358103.525525
1725358103.5259385
1725358103.5370276
1725358103.5802674
1725358103.5858538
1725358103.5868433
1725358103.594274
1725358103.5952022
1725358103.5956118
1725358103.6306882
1725358103.6608963
1725358103.6913772
1725358103.694767
1725358103.6953363
1725358103.7156644
1725358103.716219
1725358103.7169657
1725358103.73655
1725358103.7576993
1725358103.7679818
1725358103.7823656
1725358103.8138978
1725358103.8236396
1725358103.8483107
1725358103.848695
1725358103.8498344
1725358103.8594148
1725358103.860399
1725358103.8686447
1725358103.9000294
1725358103.9027553
1725358103.9034238
1725358103.9039917
1725358103.922633
1725358103.940634
1725358103.9701912
1725358103.9706385
1725358103.9710896
1725358103.9860494
1725358103.9867692
1725358104.0122435
1725358104.0131452
1725358104.0561085
1725358104.0566735
1725358104.0676894
1725358104.0753932
1725358104.0773127
1725358104.0777571
1725358104.0833127
1725358104.1030278
1725358104.1035047
1725358104.1039026
1725358104.1214337
1725358104.1218958
1725358104.1321738
1725358104.1322064
1725358104.1328337
1725358104.1335194
1725358104.1626022
1725358104.1638012
1725358104.2086422
1725358104.261699
1725358104.2791257
1725358104.2797217
1725358104.3019998
1725358104.3030121
1725358104.3104239
1725358104.3239207
1725358104.36116
1725358104.3655317
1725358104.3659565
1725358104.3663769
1725358104.3688877
1725358104.374319
1725358104.3747714
1725358104.3752103
1725358104.3756523
1725358104.3762705
1725358104.3996427
1725358104.4187584
1725358104.419229
1725358104.4196603
1725358104.429265
1725358104.4394376
1725358104.4398377
1725358104.4401815
1725358104.5406783
1725358104.5409968
1725358104.5415764
1725358104.5702453
1725358104.5706055
1725358104.5710962
1725358104.571455
1725358104.5720572
1725358104.57239
1725358104.572715
1725358104.6062608
1725358104.6063945
1725358104.606428
1725358104.6064534
1725358104.606488
1725358104.6076128
1725358104.6154828
1725358104.6360466
1725358104.6551082
1725358104.7337198
1725358104.737499
1725358104.7382097
1725358104.7451212
1725358104.745147
1725358104.7451782
1725358104.7457726
1725358104.7549415
1725358104.755529
1725358104.7569454
1725358104.7575285
1725358104.75806
1725358104.759058
1725358104.7597244
1725358104.776351
1725358104.7769675
1725358104.7913868
1725358104.8147411
1725358104.8933294
1725358104.9324307
1725358104.9333053
1725358104.9716206
1725358104.979522
1725358104.9826112
1725358104.9832141
1725358104.9910357
1725358104.9927342
1725358105.0200682
1725358105.0617347
1725358105.06259
1725358105.0686498
1725358105.0689561
1725358105.0691905
1725358105.072455
1725358105.0988264
1725358105.0990107
1725358105.0991886
1725358105.0999563
1725358105.1001365
1725358105.1004353
1725358105.1195793
1725358105.1197648
1725358105.1206374
1725358105.1208127
1725358105.1312485
1725358105.1319351
1725358105.1321242
1725358105.1323025
1725358105.1521137
1725358105.1534486
1725358105.155749
1725358105.1635423
1725358105.1641824
1725358105.172517
1725358105.1726983
1725358105.1729736
1725358105.1976726
1725358105.2133002
1725358105.2138846
1725358105.246255
1725358105.2486374
1725358105.2489362
1725358105.249132
1725358105.2493358
1725358105.2495162
1725358105.2496943
1725358105.2939904
1725358105.3281863
1725358105.3307467
1725358105.3346672
1725358105.3348808
1725358105.3350587
1725358105.3352478
1725358105.3354387
1725358105.352294
1725358105.3531454
1725358105.3537214
1725358105.3547528
1725358105.3552895
1725358105.3751504
1725358105.4036007
1725358105.4043782
1725358105.471857
1725358105.4875197
1725358105.488073
1725358105.4882941
1725358105.4917772
1725358105.503388
1725358105.5201974
1725358105.5642035
1725358105.5648794
1725358105.5769105
1725358105.5771403
1725358105.5773163
1725358105.5774922
1725358105.5776699
1725358105.5897834
1725358105.5904467
1725358105.617078
1725358105.627686
1725358105.6281977
1725358105.673251
1725358105.6737726
1725358105.6995647
1725358105.754808
1725358105.771467
1725358105.7719889
1725358105.798396
1725358105.8133357
1725358105.85695
1725358105.8772445
1725358105.891324
1725358105.8919528
1725358105.9018636
1725358105.9267466
1725358105.9399705
1725358105.9410539
1725358105.941258
1725358105.9413915
1725358105.9415042
1725358105.9416473
1725358105.941999
1725358105.9421449
1725358105.942628
1725358105.9428048
1725358105.9429684
1725358105.9430723
1725358105.9591112
1725358105.966989
1725358105.985836
1725358105.9985728
1725358106.020305
1725358106.028427
1725358106.029444
1725358106.0296774
1725358106.0297916
1725358106.0302477
1725358106.0304787
1725358106.032986
1725358106.033125
1725358106.033244
1725358106.0333602
1725358106.0334792
1725358106.0335972
1725358106.0488617
1725358106.059656
1725358106.0598352
1725358106.0600712
1725358106.060388
1725358106.0605524
1725358106.064895
1725358106.080074
1725358106.0801854
1725358106.0803034
1725358106.0804322
1725358106.0805538
1725358106.0807414
1725358106.08098
1725358106.0811172
1725358106.0812516
1725358106.081498
1725358106.0816174
1725358106.0817537
1725358106.081873
1725358106.0852864
1725358106.1142895
1725358106.115369
1725358106.115499
1725358106.1156304
1725358106.1157498
1725358106.11587
1725358106.1218534
1725358106.1320322
1725358106.1486318
1725358106.1582348
1725358106.1903918
1725358106.200664
1725358106.2007725
1725358106.20089
1725358106.2010176
1725358106.2012067
1725358106.201678
1725358106.2017355
1725358106.2018712
1725358106.2019258
1725358106.2019908
1725358106.202051
1725358106.2021122
1725358106.2116065
1725358106.2477937
1725358106.2483842
1725358106.251936
1725358106.2520533
1725358106.2758074
1725358106.277808
1725358106.2926233
1725358106.292682
1725358106.2927325
1725358106.2927911
1725358106.2928965
1725358106.2930632
1725358106.2931185
1725358106.2931788
1725358106.2933846
1725358106.2935987
1725358106.3180041
1725358106.3280227
1725358106.3281455
1725358106.3282027
1725358106.3282614
1725358106.32835
1725358106.3284254
1725358106.3284857
1725358106.3285456
1725358106.328654
1725358106.3287039
1725358106.3287566
1725358106.3288033
1725358106.3288977
1725358106.3289707
1725358106.329031
1725358106.3290925
1725358106.3294249
1725358106.3295116
1725358106.3295758
1725358106.3296385
1725358106.3613694
1725358106.3619072
1725358106.3624468
1725358106.3811572
1725358106.411551
1725358106.4247282
1725358106.4253623
1725358106.4490519
1725358106.449592
1725358106.476491
1725358106.4911335
1725358106.5081673
1725358106.5595255
1725358106.5895329
1725358106.590199
1725358106.6123178
1725358106.6135433
1725358106.6136003
1725358106.61366
1725358106.6137183
1725358106.6137767
1725358106.6138484
1725358106.6138968
1725358106.6139672
1725358106.614061
1725358106.6141832
1725358106.6165268
1725358106.617082
1725358106.6329744
1725358106.653775
1725358106.6538382
1725358106.6539001
1725358106.657495
1725358106.680772
1725358106.7130282
1725358106.7168603
1725358106.7353332
1725358106.7660306
1725358106.788866
1725358106.796168
1725358106.8173263
1725358106.8624952
1725358106.8757622
1725358106.8912365
1725358106.9176638
1725358106.925375
1725358106.9342337
1725358106.9688265
1725358106.983099
1725358107.0052116
1725358107.0174613
1725358107.035228
1725358107.054623
1725358107.0673492
1725358107.0785153
1725358107.0968885
1725358107.136646
1725358107.141736
1725358107.1700997
1725358107.1791909
1725358107.1920555
1725358107.21796
1725358107.2262123
1725358107.2587736
1725358107.2672665
1725358107.2796109
1725358107.3005638
1725358107.3146653
1725358107.3330758
1725358107.3438163
1725358107.3660297
1725358107.3837447
1725358107.404952
1725358107.4138114
1725358107.4296825
1725358107.4529028
1725358107.4661531
1725358107.5068855
1725358107.5074122
1725358107.5251384
1725358107.5416088
1725358107.5682187
1725358107.5932562
1725358107.6076741
1725358107.6198347
1725358107.6391582
1725358107.6569679
1725358107.6737504
1725358107.6829212
1725358107.7064397
1725358107.7439513
1725358107.746033
1725358107.7622812
1725358107.7935677
1725358107.8178144
1725358107.8549848
1725358107.9270031
1725358107.9578483
1725358107.9596248
1725358107.9635649
1725358107.9889884
1725358108.0206702
1725358108.0271575
1725358108.04062
1725358108.0642617
1725358108.064794
1725358108.103011
1725358108.107252
1725358108.1327088
1725358108.1345744
1725358108.1508582
1725358108.1843193
1725358108.2346146
1725358108.2355509
1725358108.262054
1725358108.2627969
1725358108.2830918
1725358108.3052943
1725358108.3126156
1725358108.3546834
1725358108.432442
1725358108.433103
1725358108.46009
1725358108.4606535
1725358108.461186
1725358108.4810824
1725358108.4923897
1725358108.4941788
1725358108.5167706
1725358108.5563319
1725358108.556997
1725358108.5761213
1725358108.5970614
1725358108.627241
1725358108.6539714
1725358108.665743
1725358108.6802058
1725358108.695456
1725358108.7087712
1725358108.73592
1725358108.736762
1725358108.7573376
1725358108.7777724
1725358108.8040252
1725358109.0832963
1725358109.24495
1725358109.245758
1725358109.2465339
1725358109.2487082
1725358109.2505486
1725358109.2515745
1725358109.2772062
1725358109.2786555
1725358109.298473
1725358109.299334
1725358109.2999074
1725358109.3195467
1725358109.3200939
1725358109.3206298
1725358109.4203079
1725358109.4213362
1725358109.4452884
1725358109.4463696
1725358109.447499
1725358109.4483469
1725358109.449041
1725358109.449877
1725358109.458098
1725358109.4587865
1725358109.4718244
1725358109.4993408
1725358109.5004675
1725358109.5326383
1725358109.5494723
1725358109.5645516
1725358109.6009128
1725358109.6147692
1725358109.6238742
1725358109.6547613
1725358109.6557956
1725358109.6791494
1725358109.7065177
1725358109.7207007
1725358109.7342682
1725358109.7530484
1725358109.7727852
1725358109.785015
1725358109.798451
1725358109.824247
1725358109.8449337
1725358109.8536792
1725358109.8800194
1725358109.8969069
1725358109.9397473
1725358109.940823
1725358109.9645889
1725358109.9827902
1725358109.9840739
1725358110.01515
1725358110.0403178
1725358110.0482414
1725358110.0705369
1725358110.0859728
1725358110.1180694
1725358110.13784
1725358110.1564696
1725358110.1714427
1725358110.201514
1725358110.2173622
1725358110.2563725
1725358110.26934
1725358110.2702415
1725358110.298813
1725358110.316895
1725358110.3464494
1725358110.3773892
1725358110.382565
1725358110.4130335
1725358110.4135613
1725358110.4335747
1725358110.4538846
1725358110.4545612
1725358110.4952037
1725358110.5364697
1725358110.5370462
1725358110.5380607
1725358110.5683928
1725358110.5818202
1725358110.5926912
1725358110.6192052
1725358110.620112
1725358110.6445403
1725358110.6627016
1725358110.675102
1725358110.6865673
1725358110.7036788
1725358110.720305
1725358110.7414246
1725358110.7704349
1725358110.784927
1725358110.810511
1725358110.8320615
1725358110.84088
1725358110.8722985
1725358110.8728316
1725358110.8774953
1725358110.8972478
1725358110.9113371
1725358110.9472435
1725358110.984464
1725358110.9929621
1725358111.0122669
1725358111.0248203
1725358111.0352342
1725358111.052791
1725358111.067674
1725358111.1137335
1725358111.1229932
1725358111.1382265
1725358111.1597393
1725358111.183926
1725358111.2239432
1725358111.2531607
1725358111.2904117
1725358111.291191
1725358111.3141632
1725358111.336645
1725358111.359979
1725358111.404397
1725358111.4049613
1725358111.4573934
1725358111.4579344
1725358111.4612293
1725358111.4618733
1725358111.4717999
1725358111.4845192
1725358111.5235488
1725358111.544323
1725358111.570269
1725358111.5786214
1725358111.5966191
1725358111.6154208
1725358111.6534839
1725358111.6540306
1725358111.664496
1725358111.7016592
1725358111.7138155
1725358111.7334082
1725358111.7466934
1725358111.7750766
1725358111.7831254
1725358111.798778
1725358111.820345
1725358111.834622
1725358111.8517733
1725358111.8843443
1725358111.889826
1725358111.9127102
1725358111.9210336
1725358111.9333627
1725358111.9976077
1725358112.0314956
1725358112.0321605
1725358112.032761
1725358112.0529616
1725358112.0538158
1725358112.0808563
1725358112.0914502
1725358112.105959
1725358112.1235588
1725358112.157347
1725358112.1908896
1725358112.2060392
1725358112.2280626
1725358112.2487297
1725358112.259048
1725358112.2913673
1725358112.2997985
1725358112.3268342
1725358112.3458283
1725358112.4042645
1725358112.4047825
1725358112.4202204
1725358112.4533374
1725358112.4627113
1725358112.4884982
1725358112.5346603
1725358112.5435927
1725358112.5516746
1725358112.5773463
1725358112.6023967
1725358112.613317
1725358112.6265364
1725358112.6413565
1725358112.6631033
1725358112.6765497
1725358112.6929975
1725358112.7136188
1725358112.730023
1725358112.742427
1725358112.759093
1725358112.7746565
1725358112.7996614
1725358112.823053
1725358112.835574
1725358112.8491066
1725358112.8673966
1725358112.9052103
1725358112.9095817
1725358112.9208322
1725358112.9376192
1725358112.9578068
1725358112.9816682
1725358112.9926112
1725358113.019207
1725358113.0490665
1725358113.072252
1725358113.0740974
1725358113.0945556
1725358113.1144366
1725358113.1421874
1725358113.142789
1725358113.1691291
1725358113.1753063
1725358113.1913228
1725358113.2095058
1725358113.2459664
1725358113.2649257
1725358113.2894337
1725358113.3004925
1725358113.3270633
1725358113.3738322
1725358113.3766987
1725358113.4019525
1725358113.4076233
1725358113.4406986
1725358113.4445643
1725358113.4696863
1725358113.4972336
1725358113.5050366
1725358113.5182333
1725358113.5638123
1725358113.569763
1725358113.582871
1725358113.5963976
1725358113.6261501
1725358113.644157
1725358113.6833296
1725358113.695668
1725358113.7150347
1725358113.7165024
1725358113.7347405
1725358113.7528586
1725358113.77762
1725358113.8004277
1725358113.8054378
1725358113.836794
1725358113.8518982
1725358113.8660257
1725358113.8812578
1725358113.8958285
1725358113.9147694
1725358113.9463482
1725358113.9470825
1725358113.9617922
1725358113.9768717
1725358113.9961066
1725358114.0091076
1725358114.0302095
1725358114.0445826
1725358114.0635908
1725358114.0805275
1725358114.1016347
1725358114.1277332
1725358114.134951
1725358114.1478248
1725358114.1743252
1725358114.182892
1725358114.2042449
1725358114.2205255
1725358114.234754
1725358114.2502189
1725358114.2948532
1725358114.315145
1725358114.3516717
1725358114.3522854
1725358114.3611228
1725358114.3734207
1725358114.389058
1725358114.4091945
1725358114.4525793
1725358114.4575613
1725358114.4776762
1725358114.495809
1725358114.5283008
1725358114.5711193
1725358114.5883436
1725358114.6231337
1725358114.6242511
1725358114.6649754
1725358114.6844645
1725358114.6972687
1725358114.7372532
1725358114.7444637
1725358114.7586665
1725358114.764328
1725358114.77744
1725358114.79866
1725358114.8102033
1725358114.8222675
1725358114.840259
1725358114.8794258
1725358114.923654
1725358114.9614174
1725358114.9628706
1725358114.964004
1725358114.9807043
1725358114.992568
1725358115.009879
1725358115.0545251
1725358115.0656455
1725358115.0764132
1725358115.0925007
1725358115.1120398
1725358115.1440284
1725358115.1445642
1725358115.1635299
1725358115.1789618
1725358115.1892636
1725358115.2164652
1725358115.226783
1725358115.243589
1725358115.2608912
1725358115.272344
1725358115.3132076
1725358115.3385742
1725358115.361081
1725358115.3684015
1725358115.3710961
1725358115.3910258
1725358115.4067812
1725358115.423082
1725358115.4355397
1725358115.4630816
1725358115.500303
1725358115.5243952
1725358115.5457997
1725358115.5573921
1725358115.578229
1725358115.593727
1725358115.6379726
1725358115.668494
1725358115.6915421
1725358115.6920795
1725358115.725728
1725358115.727208
1725358115.7693434
1725358115.796031
1725358115.806334
1725358115.8158362
1725358115.8680365
1725358115.8781517
1725358115.9021428
1725358115.921435
1725358115.9497063
1725358115.9615903
1725358115.9880686
1725358115.9895833
1725358116.007374
1725358116.041493
1725358116.0423658
1725358116.0751417
1725358116.0757024
1725358116.108586
1725358116.1288452
1725358116.1485806
1725358116.1582031
1725358116.1765544
1725358116.2036471
1725358116.204716
1725358116.2191339
1725358116.2535834
1725358116.2718515
1725358116.288999
1725358116.29527
1725358116.3239932
1725358116.344413
1725358116.3604057
1725358116.3962116
1725358116.4050057
1725358116.4245849
1725358116.4389412
1725358116.4591784
1725358116.4931595
1725358116.4940224
1725358116.5219314
1725358116.5303917
1725358116.5563202
1725358116.5568528
1725358116.5771618
1725358116.6112955
1725358116.634315
1725358116.6565495
1725358116.6817465
1725358116.7059882
1725358116.7297146
1725358116.7390943
1725358116.7796383
1725358116.7927291
1725358116.8160124
1725358116.8341262
1725358116.855715
1725358116.9146092
1725358116.9151783
1725358116.9238155
1725358116.9636161
1725358117.0054576
1725358117.0062194
1725358117.0067992
1725358117.0075998
1725358117.0223095
1725358117.0666027
1725358117.0750153
1725358117.1018317
1725358117.1025648
1725358117.1178002
1725358117.13218
1725358117.1546254
1725358117.1734443
1725358117.498906
1725358117.4995906
1725358117.5005434
1725358117.50146
1725358117.5020294
1725358117.5027645
1725358117.503482
1725358117.50423
1725358117.5088243
1725358117.5097525
1725358117.5103462
1725358117.5114243
1725358117.511975
1725358117.5141492
1725358117.7934313
1725358117.7953424
1725358117.7967541
1725358117.797784
1725358117.806248
1725358117.807103
1725358117.8238776
1725358117.8244078
1725358117.8249512
1725358117.8279102
1725358117.8340447
1725358117.835497
1725358118.1277525
1725358118.205476
1725358118.2060776
1725358118.2072139
1725358118.2081723
1725358118.240087
1725358118.3182518
1725358118.319695
1725358118.319728
1725358118.3197541
1725358118.319869
1725358118.3220913
1725358118.3348882
1725358118.33557
1725358118.3361633
1725358118.3367426
1725358118.3375742
1725358118.3383434
1725358118.3502958
1725358118.3517294
1725358118.3540995
1725358118.3550537
1725358118.3986013
1725358118.399424
1725358118.400458
1725358118.4011152
1725358118.4404159
1725358118.5316465
1725358118.5327213
1725358118.544395
1725358118.5449452
1725358118.545504
1725358118.546047
1725358118.5692875
1725358118.5698154
1725358118.5956886
1725358118.596314
1725358118.6391013
1725358118.639695
1725358118.6779928
1725358118.678986
1725358118.714225
1725358118.72656
1725358118.7279437
1725358118.757601
1725358118.7585073
1725358118.7947795
1725358118.7953513
1725358118.8168907
1725358118.8294675
1725358118.8479497
1725358118.8922517
1725358118.9177475
1725358118.9537473
1725358118.9544506
1725358118.96685
1725358118.9837387
1725358119.0041244
1725358119.0051527
1725358119.0426586
1725358119.0590236
1725358119.075392
1725358119.0958564
1725358119.3164427
1725358119.3927681
1725358119.3934922
1725358119.3952167
1725358119.3967416
1725358119.416101
1725358119.4166534
1725358119.4172282
1725358119.4178326
1725358119.4183676
1725358119.4190645
1725358119.4199421
1725358119.4773724
1725358119.478049
1725358119.4786308
1725358119.4792933
1725358119.48018
1725358119.480943
1725358119.4976983
1725358119.5143375
1725358119.5275066
1725358119.5657263
1725358119.5773757
1725358119.5788918
1725358119.6074247
1725358119.6222358
1725358119.637591
1725358119.6495862
1725358119.669584
1725358119.6860023
1725358119.7030191
1725358119.7361772
1725358119.7559435
1725358119.7789955
1725358119.835084
1725358119.8358488
1725358119.8374066
1725358119.8600557
1725358119.8609118
1725358119.8617306
1725358119.88486
1725358119.9134262
1725358119.913944
1725358119.9617903
1725358119.9698856
1725358119.9886665
1725358120.0025117
1725358120.02182
1725358120.031815
1725358120.0572445
1725358120.0847442
1725358120.1087332
1725358120.11847
1725358120.1355786
1725358120.1642666
1725358120.2329934
1725358120.2340705
1725358120.2346144
1725358120.2518544
1725358120.2660816
1725358120.2797692
1725358120.3068576
1725358120.3090637
1725358120.329796
1725358120.3778806
1725358120.3794198
1725358120.4161828
1725358120.4186192
1725358120.4384568
1725358120.4522717
1725358120.4834764
1725358120.5069368
1725358120.5074658
1725358120.5297608
1725358120.5471401
1725358120.561964
1725358120.5813994
1725358120.6034753
1725358120.6201751
1725358120.6361282
1725358120.650009
1725358120.6731524
1725358120.6738873
1725358120.7058349
1725358120.7064028
1725358120.7267296
1725358120.749604
1725358120.76193
1725358120.7823515
1725358120.8051212
1725358120.8175654
1725358120.8327556
1725358120.8563154
1725358120.861698
1725358120.8937342
1725358120.906578
1725358120.9177744
1725358120.9365926
1725358120.9475698
1725358120.9865036
1725358120.997807
1725358121.0132804
1725358121.0343015
1725358121.0453389
1725358121.0673032
1725358121.081737
1725358121.1019056
1725358121.1553557
1725358121.1560469
1725358121.1619146
1725358121.1741557
1725358121.2221327
1725358121.250746
1725358121.274448
1725358121.3010528
1725358121.301745
1725358121.3470962
1725358121.3552055
1725358121.388762
1725358121.4096224
1725358121.425636
1725358121.4372218
1725358121.4583182
1725358121.4644756
1725358121.5029798
1725358121.5055795
1725358121.524572
1725358121.533131
1725358121.613255
1725358121.6148784
1725358121.6225061
1725358121.6347432
1725358121.6536362
1725358121.6645396
1725358121.6811683
1725358121.6979408
1725358121.7504518
1725358121.7740848
1725358121.7749348
1725358121.7856898
1725358121.806305
1725358121.8243964
1725358121.8488092
1725358121.862027
1725358121.8765106
1725358121.8964791
1725358121.9095817
1725358121.9466588
1725358121.960376
1725358121.9703815
1725358121.977399
1725358122.0177546
1725358122.0325146
1725358122.0449257
1725358122.075612
1725358122.096939
1725358122.0974889
1725358122.1129677
1725358122.1272485
1725358122.146924
1725358122.1701026
1725358122.2252004
1725358122.2317152
1725358122.2650309
1725358122.2795155
1725358122.287839
1725358122.3281717
1725358122.3293679
1725358122.3393598
1725358122.3700824
1725358122.3870835
1725358122.412805
1725358122.4256582
1725358122.4643672
1725358122.4913309
1725358122.4979906
1725358122.5319936
1725358122.5598025
1725358122.5715938
1725358122.5847037
1725358122.6372073
1725358122.6426318
1725358122.6570632
1725358122.6749363
1725358122.6919277
1725358122.708051
1725358122.7320695
1725358122.7400815
1725358122.763381
1725358122.7844522
1725358122.7982457
1725358122.8147674
1725358122.8441772
1725358122.8446908
1725358122.8692
1725358122.8766909
1725358122.9063084
1725358122.9132495
1725358122.9694555
1725358122.9722044
1725358123.0087276
1725358123.0160217
1725358123.029907
1725358123.034113
1725358123.05542
1725358123.0786257
1725358123.0925913
1725358123.1106272
1725358123.1374335
1725358123.1594355
1725358123.1753387
1725358123.1891267
1725358123.1931524
1725358123.2126756
1725358123.23798
1725358123.2386801
1725358123.2616994
1725358123.3012245
1725358123.3171024
1725358123.323045
1725358123.3507173
1725358123.3616989
1725358123.3791173
1725358123.40708
1725358123.4267392
1725358123.4472246
1725358123.4792986
1725358123.4873805
1725358123.5189066
1725358123.5468206
1725358123.5478144
1725358123.5556273
1725358123.5984957
1725358123.628659
1725358123.6621997
1725358123.6631596
1725358123.6636913
1725358123.6742213
1725358123.7173617
1725358123.7371273
1725358123.7566273
1725358123.7574735
1725358123.780147
1725358123.8202083
1725358123.8218942
1725358123.83748
1725358123.8487701
1725358123.900334
1725358123.9009805
1725358123.9267948
1725358123.9562976
1725358123.9572718
1725358123.9774306
1725358123.9783084
1725358123.9901893
1725358124.0105026
1725358124.0324342
1725358124.0592084
1725358124.068649
1725358124.0860593
1725358124.1017666
1725358124.1223764
1725358124.129274
1725358124.1621253
1725358124.1734898
1725358124.19352
1725358124.2044942
1725358124.2207887
1725358124.241826
1725358124.2645133
1725358124.275859
1725358124.2936168
1725358124.3132432
1725358124.337781
1725358124.3541338
1725358124.3744042
1725358124.384354
1725358124.401039
1725358124.4181542
1725358124.435237
1725358124.4518032
1725358124.5009582
1725358124.5023215
1725358124.5120733
1725358124.5371583
1725358124.5808525
1725358124.6173441
1725358124.6340845
1725358124.6604865
1725358124.6664562
1725358124.7067719
1725358124.730082
1725358124.7530413
1725358124.8102236
1725358124.810839
1725358124.8114238
1725358124.812011
1725358124.8247633
1725358124.844295
1725358124.857048
1725358124.874767
1725358124.899811
1725358124.9306042
1725358124.9774892
1725358124.9855893
1725358125.001255
1725358125.0193717
1725358125.0283363
1725358125.0454733
1725358125.0579648
1725358125.0979612
1725358125.1101859
1725358125.1298213
1725358125.1454444
1725358125.1586406
1725358125.1908326
1725358125.1927166
1725358125.2127934
1725358125.225737
1725358125.2449555
1725358125.2596676
1725358125.2904313
1725358125.292116
1725358125.3074245
1725358125.3182707
1725358125.3671186
1725358125.386272
1725358125.3953986
1725358125.417102
1725358125.4383883
1725358125.4438226
1725358125.4634228
1725358125.5048566
1725358125.505397
1725358125.5204675
1725358125.5598917
1725358125.5934765
1725358125.6065905
1725358125.6184962
1725358125.6382163
1725358125.6518326
1725358125.6716619
1725358125.694017
1725358125.7234554
1725358125.7271922
1725358125.7441514
1725358125.7705748
1725358125.8109548
1725358125.8355687
1725358125.8509316
1725358125.867502
1725358125.8956075
1725358125.9120114
1725358125.9359615
1725358125.959513
1725358125.9747798
1725358126.0042193
1725358126.010201
1725358126.0386841
1725358126.0514793
1725358126.0691202
1725358126.076339
1725358126.0921907
1725358126.105033
1725358126.1451848
1725358126.1514838
1725358126.1756747
1725358126.1761823
1725358126.197041
1725358126.2128232
1725358126.2291641
1725358126.2418096
1725358126.2875893
1725358126.2881749
1725358126.311608
1725358126.3264196
1725358126.3384728
1725358126.3511581
1725358126.375049
1725358126.400069
1725358126.421333
1725358126.4356704
1725358126.4481037
1725358126.4738536
1725358126.4833014
1725358126.502059
1725358126.5185359
1725358126.533015
1725358126.5444322
1725358126.5668156
1725358126.5814748
1725358126.6199787
1725358126.6341677
1725358126.647999
1725358126.685117
1725358126.6857703
1725358126.697655
1725358126.7159839
1725358126.7502766
1725358126.791588
1725358126.7943444
1725358126.8231456
1725358126.8431442
1725358126.8564367
1725358126.8761742
1725358126.9057255
1725358126.923681
1725358126.9431536
1725358126.9489365
1725358126.971864
1725358126.9843884
1725358127.0012398
1725358127.0305598
1725358127.0545151
1725358127.0722005
1725358127.0846956
1725358127.0994174
1725358127.1241689
1725358127.1380427
1725358127.1685557
1725358127.169089
1725358127.197361
1725358127.2160776
1725358127.2520945
1725358127.2827547
1725358127.2834563
1725358127.2876797
1725358127.301643
1725358127.3126945
1725358127.340785
1725358127.357527
1725358127.3638573
1725358127.3827088
1725358127.4043458
1725358127.4226816
1725358127.4348526
1725358127.450828
1725358127.4691098
1725358127.4834845
1725358127.5011308
1725358127.5153005
1725358127.5464544
1725358127.554563
1725358127.5735004
1725358127.5818913
1725358127.6077585
1725358127.6183214
1725358127.659224
1725358127.6705976
1725358127.6889007
1725358127.701058
1725358127.7182798
1725358127.729153
1725358127.7616394
1725358127.7677035
1725358127.8032112
1725358127.8277235
1725358127.8444176
1725358127.860693
1725358127.880384
1725358127.9274263
1725358127.9495425
1725358128.0161712
1725358128.0169232
1725358128.032796
1725358128.0649967
1725358128.0655773
1725358128.0872397
1725358128.0878072
1725358128.1025517
1725358128.1155622
1725358128.139929
1725358128.1471717
1725358128.1700606
1725358128.1886528
1725358128.202269
1725358128.2323236
1725358128.2741063
1725358128.2961235
1725358128.3024275
1725358128.3289654
1725358128.3345165
1725358128.3539824
1725358128.3721142
1725358128.4032998
1725358128.433709
1725358128.447054
1725358128.463397
1725358128.47153
1725358128.491738
1725358128.5047002
1725358128.5268772
1725358128.54181
1725358128.559645
1725358128.5829868
1725358128.584584
1725358128.5992115
1725358128.6229038
1725358128.6448703
1725358128.668267
1725358128.6897314
1725358128.7237005
1725358128.725135
1725358128.73617
1725358128.7498472
1725358128.7719257
1725358128.7887583
1725358128.7968125
1725358128.811081
1725358128.8821754
1725358128.8932369
1725358128.9119148
1725358128.9316852
1725358128.9424822
1725358128.9583213
1725358128.983597
1725358128.9938638
1725358129.0391889
1725358129.0454895
1725358129.0626252
1725358129.0802677
1725358129.1224482
1725358129.1481273
1725358129.1593573
1725358129.174018
1725358129.2152252
1725358129.228808
1725358129.2425654
1725358129.2766006
1725358129.2890584
1725358129.3093565
1725358129.322979
1725358129.3483508
1725358129.366036
1725358129.3923767
1725358129.4037783
1725358129.4120145
1725358129.4274979
1725358129.4549768
1725358129.456976
1725358129.5000374
1725358129.50281
1725358129.5126152
1725358129.5425718
1725358129.549853
1725358129.568244
1725358129.6009786
1725358129.619938
1725358129.6629875
1725358129.6637118
1725358129.7000866
1725358129.7013664
1725358129.7046778
1725358129.7445097
1725358129.7572522
1725358129.7724178
1725358129.7935688
1725358129.8029032
1725358129.8232718
1725358129.8551507
1725358129.8589606
1725358129.8816192
1725358129.9004157
1725358129.913512
1725358129.9314983
1725358129.9690535
1725358129.9824302
1725358130.0142033
1725358130.0157557
1725358130.04317
1725358130.054846
1725358130.0791562
1725358130.1015596
1725358130.1240587
1725358130.1438699
1725358130.1665552
1725358130.1862388
1725358130.2060845
1725358130.2191856
1725358130.2385035
1725358130.272982
1725358130.2878394
1725358130.3055043
1725358130.320753
1725358130.3347144
1725358130.3528504
1725358130.3840992
1725358130.4043915
1725358130.4260216
1725358130.4437566
1725358130.4629016
1725358130.4822192
1725358130.493012
1725358130.5161445
1725358130.5279157
1725358130.5566478
1725358130.576856
1725358130.5958607
1725358130.6104486
1725358130.62635
1725358130.6474752
1725358130.6662462
1725358130.6743088
1725358130.6948845
1725358130.7113156
1725358130.7460122
1725358130.747126
1725358130.767293
1725358130.776877
1725358130.796524
1725358130.8120828
1725358130.8361955
1725358130.8550024
1725358130.8674717
1725358130.883151
1725358130.9006748
1725358130.9178658
1725358130.9373615
1725358130.946504
1725358130.981079
1725358130.9815986
1725358131.0158026
1725358131.0395803
1725358131.0650609
1725358131.0788617
1725358131.0801451
1725358131.119028
1725358131.1241808
1725358131.1335604
1725358131.1732504
1725358131.181606
1725358131.195951
1725358131.2128088
1725358131.2463577
1725358131.294357
1725358131.3357275
1725358131.350167
1725358131.3510253
1725358131.3805273
1725358131.407488
1725358131.4225159
1725358131.465957
1725358131.4669359
1725358131.4674702
1725358131.4871213
1725358131.5037396
1725358131.5205953
1725358131.5472016
1725358131.563584
1725358131.5641131
1725358131.596632
1725358131.6377938
1725358131.6473033
1725358131.6671925
1725358131.685973
1725358131.6985726
1725358131.7116022
1725358131.7352161
1725358131.7719836
1725358131.784923
1725358131.8121412
1725358131.8181717
1725358131.8367631
1725358131.8518353
1725358131.8726747
1725358131.908764
1725358131.9095743
1725358131.9253225
1725358131.9511354
1725358131.9522114
1725358131.973706
1725358131.9830508
1725358132.023014
1725358132.0685573
1725358132.071704
1725358132.0836945
1725358132.0921593
1725358132.1137123
1725358132.1347895
1725358132.1475406
1725358132.15915
1725358132.17901
1725358132.1973636
1725358132.2288196
1725358132.2632852
1725358132.2723598
1725358132.287323
1725358132.30877
1725358132.329093
1725358132.3480456
1725358132.3589346
1725358132.3960907
1725358132.412067
1725358132.4360788
1725358132.447166
1725358132.484254
1725358132.512433
1725358132.562413
1725358132.5630805
1725358132.5949397
1725358132.6064649
1725358132.6275287
1725358132.6566818
1725358132.6729693
1725358132.6891878
1725358132.7049596
1725358132.723545
1725358132.7363634
1725358132.7645595
1725358132.7975128
1725358132.798236
1725358132.814517
1725358132.8235471
1725358132.8424244
1725358132.868011
1725358132.880867
1725358132.8970184
1725358132.925993
1725358132.9273365
1725358132.9402845
1725358132.9779732
1725358132.994404
1725358133.00489
1725358133.0200236
1725358133.0514867
1725358133.068977
1725358133.0768964
1725358133.1120045
1725358133.1324952
1725358133.1473749
1725358133.1694725
1725358133.1821232
1725358133.1991942
1725358133.2151804
1725358133.2302685
1725358133.2497566
1725358133.2769017
1725358133.2857842
1725358133.3033795
1725358133.3434236
1725358133.357538
1725358133.3842223
1725358133.3927503
1725358133.4009402
1725358133.4169376
1725358133.4454355
1725358133.4755485
1725358133.4896214
1725358133.5129116
1725358133.5238867
1725358133.5540683
1725358133.5674067
1725358133.5859718
1725358133.600062
1725358133.6312
1725358133.6712878
1725358133.6793785
1725358133.680132
1725358133.71203
1725358133.7180905
1725358133.746427
1725358133.760723
1725358133.7985044
1725358133.8029597
1725358133.8207076
1725358133.8284457
1725358133.8598242
1725358133.8659186
1725358133.8825023
1725358133.9148312
1725358133.9316096
1725358133.9564512
1725358133.9649994
1725358133.997664
1725358133.9982042
1725358134.0155857
1725358134.0327508
1725358134.0460207
1725358134.064768
1725358134.1063879
1725358134.107037
1725358134.1319685
1725358134.1336918
1725358134.144664
1725358134.163844
1725358134.1772418
1725358134.1951995
1725358134.2157526
1725358134.230177
1725358134.2576668
1725358134.271468
1725358134.293646
1725358134.3132312
1725358134.3141496
1725358134.3325217
1725358134.3772476
1725358134.3959394
1725358134.410728
1725358134.4268243
1725358134.4326787
1725358134.4488392
1725358134.4628575
1725358134.4826124
1725358134.5322092
1725358134.545632
1725358134.5734282
1725358134.5869055
1725358134.6028373
1725358134.6424294
1725358134.6869333
1725358134.7122242
1725358134.7130246
1725358134.7323968
1725358134.7524362
1725358134.7734516
1725358134.9995966
1725358135.0005665
1725358135.0017257
1725358135.0241277
1725358135.024986
1725358135.0258226
1725358135.0268123
1725358135.0280898
1725358135.041039
1725358135.0722747
1725358135.07326
1725358135.0740232
1725358135.117122
1725358135.1179204
1725358135.1184406
1725358135.1692917
1725358135.1707747
1725358135.171515
1725358135.2322102
1725358135.2339876
1725358135.2407796
1725358135.3341596
1725358135.3347135
1725358135.335301
1725358135.3805375
1725358135.3993464
1725358135.4006712
1725358135.4015083
1725358135.402433
1725358135.4034941
1725358135.4374182
1725358135.4419172
1725358135.4647267
1725358135.4656384
1725358135.4666724
1725358135.4837077
1725358135.5066648
1725358135.507473
1725358135.5539463
1725358135.554744
1725358135.615355
1725358135.6159272
1725358135.6418495
1725358135.681027
1725358135.6824093
1725358135.707106
1725358135.708691
1725358135.7396579
1725358135.7609546
1725358135.761946
1725358135.7989097
1725358135.8074515
1725358135.8470426
1725358135.880767
1725358135.8816025
1725358135.8989482
1725358135.9502473
1725358135.9518666
1725358135.9700654
1725358136.012963
1725358136.0211933
1725358136.0369081
1725358136.2009728
1725358136.2015102
1725358136.2031531
1725358136.2434967
1725358136.244589
1725358136.2454247
1725358136.2464745
1725358136.247164
1725358136.2481067
1725358136.267227
1725358136.2679858
1725358136.2910018
1725358136.3438768
1725358136.344575
1725358136.3461251
1725358136.3622468
1725358136.3630688
1725358136.3639567
1725358136.395331
1725358136.396889
1725358136.4043245
1725358136.4358914
1725358136.4469936
1725358136.466147
1725358136.4944427
1725358136.5031512
1725358136.507759
1725358136.5548234
1725358136.5559247
1725358136.556923
1725358136.5785873
1725358136.6039116
1725358136.628184
1725358136.6456506
1725358136.677866
1725358136.6793945
1725358136.6971219
1725358136.7133772
1725358136.758079
1725358136.7588668
1725358136.7828398
1725358136.7954612
1725358136.812702
1725358136.833664
1725358136.8558338
1725358136.8819823
1725358136.9010332
1725358136.9106052
1725358136.9333026
1725358136.965686
1725358136.9871936
1725358137.005211
1725358137.0275795
1725358137.0374796
1725358137.0724213
1725358137.0834398
1725358137.113469
1725358137.1174197
1725358137.1475737
1725358137.152611
1725358137.1789172
1725358137.1821604
1725358137.197162
1725358137.2197514
1725358137.268558
1725358137.2738776
1725358137.2920365
1725358137.3037765
1725358137.3133163
1725358137.3291488
1725358137.350525
1725358137.3688188
1725358137.3780346
1725358137.3985941
1725358137.411082
1725358137.433759
1725358137.4499445
1725358137.4853346
1725358137.4858813
1725358137.506251
1725358137.5164223
1725358137.5288901
1725358137.551729
1725358137.5725899
1725358137.579733
1725358137.5949326
1725358137.6139033
1725358137.6279159
1725358137.6519773
1725358137.6709971
1725358137.7020626
1725358137.7243965
1725358137.7447422
1725358137.7620635
1725358137.7779095
1725358137.7859473
1725358137.8044868
1725358137.8419056
1725358137.8893938
1725358137.8912423
1725358137.8912747
1725358137.906032
1725358137.9408948
1725358137.9709609
1725358138.242704
1725358138.2429852
1725358138.2430544
1725358138.243162
1725358138.2432384
1725358138.2880323
1725358138.2881045
1725358138.2881553
1725358138.288208
1725358138.2882698
1725358138.2883842
1725358138.2885835
1725358138.2886486
1725358138.2887049
1725358138.2887685
1725358138.290363
1725358138.3418922
1725358138.3431985
1725358138.4903443
1725358138.490397
1725358138.4904542
1725358138.490531
1725358138.490613
1725358138.5000033
1725358138.50109
1725358138.5383759
1725358138.538431
1725358138.5431912
1725358138.6437674
1725358138.6438262
1725358138.6438863
1725358138.643993
1725358138.6440704
1725358138.6441338
1725358138.722328
1725358138.7223933
1725358138.7224593
1725358138.9077148
1725358138.9078782
1725358138.907949
1725358138.908005
1725358138.9080815
1725358138.9081454
1725358138.9081998
1725358138.9082646
1725358138.908335
1725358138.9083908
1725358139.0099354
1725358139.0099783
1725358139.0100365
1725358139.0100996
1725358139.0101595
1725358139.0328794
1725358139.0463312
1725358139.056273
1725358139.0933344
1725358139.1063623
1725358139.123506
1725358139.1433983
1725358139.1852863
1725358139.217481
1725358139.2385774
1725358139.253887
1725358139.284116
1725358139.3020868
1725358139.323958
1725358139.3463254
1725358139.3619602
1725358139.3792746
1725358139.3930314
1725358139.4123266
1725358139.4280229
1725358139.4437025
1725358139.456433
