2024-09-03 16:26:13
../stream-replay/logs/stuttering-6206.txt
1725351892.836073
1725351892.841567
1725351892.8444867
1725351892.8473732
1725351892.8600779
1725351892.87289
1725351892.8736246
1725351892.88321
1725351892.8854008
1725351892.8905883
1725351892.8913732
1725351892.9839752
1725351892.9853337
1725351892.9964063
1725351892.9988427
1725351892.9996474
1725351893.0000958
1725351893.0300765
1725351893.0320475
1725351893.060913
1725351893.067986
1725351893.0691128
1725351893.0874314
1725351893.1047885
1725351893.417458
1725351893.417919
1725351893.4400806
1725351893.4427276
1725351893.4482
1725351893.5961728
1725351893.60827
1725351893.6093264
1725351893.6220155
1725351893.6226282
1725351893.6471143
1725351893.6475024
1725351893.7569263
1725351893.7736852
1725351893.7738152
1725351893.773922
1725351893.7740731
1725351893.7846496
1725351893.8170664
1725351893.8805583
1725351893.8820128
1725351893.8828852
1725351893.9002197
1725351893.9293032
1725351893.929764
1725351893.930606
1725351893.9619052
1725351893.9623334
1725351894.0543888
1725351894.0698433
1725351894.070487
1725351894.0754356
1725351894.077273
1725351894.1372128
1725351894.1477737
1725351894.1557312
1725351894.1564825
1725351894.1872475
1725351894.1898632
1725351894.1904793
1725351894.2338223
1725351894.2629
1725351894.2643425
1725351894.3605711
1725351894.3616533
1725351894.362152
1725351894.3636253
1725351894.3794186
1725351894.3802924
1725351894.3809328
1725351894.3921251
1725351894.4111807
1725351894.4122448
1725351894.4283442
1725351894.4292934
1725351894.430149
1725351894.4948852
1725351894.4994366
1725351894.5454128
1725351894.5457308
1725351894.5486343
1725351894.5591753
1725351894.5599897
1725351894.5745764
1725351894.5903351
1725351894.5910966
1725351894.594792
1725351894.6047845
1725351894.6055844
1725351894.605909
1725351894.6165855
1725351894.6170602
1725351894.670455
1725351894.671025
1725351894.679054
1725351894.8007574
1725351894.8022153
1725351894.8468978
1725351894.9053068
1725351894.9130013
1725351894.9138184
1725351894.9325285
1725351894.9334648
1725351895.0279055
1725351895.0288801
1725351895.0323222
1725351895.0581312
1725351895.0588856
1725351895.0597577
1725351895.0809355
1725351895.1261091
1725351895.133602
1725351895.1355848
1725351895.1569943
1725351895.1581154
1725351895.1593027
1725351895.1600275
1725351895.1612642
1725351895.1762617
1725351895.1861954
1725351895.2045376
1725351895.2055664
1725351895.2662454
1725351895.3973598
1725351895.4380205
1725351895.4810555
1725351895.4824615
1725351895.4975834
1725351895.4981494
1725351895.5696728
1725351895.5702417
1725351895.6412163
1725351895.6418183
1725351895.6683023
1725351895.6695364
1725351895.726225
1725351895.7644813
1725351895.765181
1725351895.7756467
1725351895.7765772
1725351895.826208
1725351895.8609686
1725351895.8621829
1725351895.9186115
1725351895.9212525
1725351895.9268289
1725351895.9276822
1725351895.935931
1725351895.9368346
1725351895.9487524
1725351896.0196526
1725351896.0481713
1725351896.0488849
1725351896.0511978
1725351896.056235
1725351896.0567067
1725351896.0577743
1725351896.0771508
1725351896.077894
1725351896.0851312
1725351896.096984
1725351896.1053615
1725351896.1068747
1725351896.1100893
1725351896.1188614
1725351896.146903
1725351896.1473093
1725351896.1477695
1725351896.2229137
1725351896.2234101
1725351896.3271377
1725351896.3281295
1725351896.3485277
1725351896.3497128
1725351896.4752965
1725351896.4762595
1725351896.5068986
1725351896.5077217
1725351896.5132942
1725351896.5217388
1725351896.6009722
1725351896.6014647
1725351896.6369796
1725351896.6384456
1725351896.638964
1725351896.6443076
1725351896.6473758
1725351896.6673305
1725351896.6769915
1725351896.677595
1725351896.6780536
1725351896.6785583
1725351896.6860242
1725351896.741882
1725351896.742305
1725351896.743763
1725351896.777405
1725351896.779458
1725351896.8161488
1725351896.8172069
1725351896.8692079
1725351896.8705027
1725351896.93252
1725351896.933347
1725351896.9339187
1725351897.1439095
1725351897.1450493
1725351897.1458066
1725351897.145843
1725351897.146947
1725351897.2206526
1725351897.2344518
1725351897.2967544
1725351897.3028612
1725351897.3308709
1725351897.332144
1725351897.3328524
1725351897.3770778
1725351897.3932626
1725351897.3941839
1725351897.401846
1725351897.4036975
1725351897.423027
1725351897.425081
1725351897.4258866
1725351897.4287963
1725351897.4556274
1725351897.4583213
1725351897.4646869
1725351897.4651818
1725351897.6311028
1725351897.631547
1725351897.6328402
1725351897.6779487
1725351897.6802788
1725351897.691762
1725351897.693199
1725351897.7008605
1725351897.71032
1725351897.7111814
1725351897.711738
1725351897.7998576
1725351897.8119147
1725351897.813079
1725351897.8293989
1725351897.8311167
1725351897.8953934
1725351897.8961205
1725351897.8970165
1725351897.9538367
1725351898.0324776
1725351898.0812018
1725351898.115134
1725351898.1165884
1725351898.117688
1725351898.1817296
1725351898.1821713
1725351898.1959538
1725351898.1964812
1725351898.20098
1725351898.209067
1725351898.2097695
1725351898.254776
1725351898.2609282
1725351898.2615893
1725351898.2649298
1725351898.3973775
1725351898.3995154
1725351898.4017446
1725351898.413263
1725351898.4141338
1725351898.434901
1725351898.443438
1725351898.4658275
1725351898.5732327
1725351898.5745375
1725351898.6005661
1725351898.6014805
1725351898.6025646
1725351898.6352916
1725351898.6425831
1725351898.6431992
1725351898.6438472
1725351898.6502523
1725351898.657137
1725351898.6599598
1725351898.6608794
1725351898.725863
1725351898.8751302
1725351898.8755708
1725351898.8763905
1725351898.877156
1725351898.8967047
1725351898.8976736
1725351898.8983662
1725351898.932726
1725351898.9678497
1725351898.968487
1725351899.0584993
1725351899.0805526
1725351899.0818079
1725351899.1128242
1725351899.1331422
1725351899.1342409
1725351899.1348681
1725351899.1370475
1725351899.1382186
1725351899.1411347
1725351899.2520835
1725351899.253266
1725351899.2556326
1725351899.3335748
1725351899.334307
1725351899.3350523
1725351899.4077182
1725351899.4086962
1725351899.4123392
1725351899.4194765
1725351899.4209979
1725351899.4229374
1725351899.4237332
1725351899.4906828
1725351899.4913325
1725351899.4972174
1725351899.5053694
1725351899.5830295
1725351899.584574
1725351899.590949
1725351899.5923772
1725351899.7190967
1725351899.7808044
1725351899.7837467
1725351899.8436406
1725351899.9675713
1725351899.9681184
1725351899.9689786
1725351900.0519016
1725351900.065707
1725351900.0716784
1725351900.0723348
1725351900.1034489
1725351900.1042366
1725351900.1079955
1725351900.1093338
1725351900.1526668
1725351900.1534927
1725351900.1703522
1725351900.1709092
1725351900.171582
1725351900.206685
1725351900.2167654
1725351900.2172484
1725351900.3104181
1725351900.311369
1725351900.3339012
1725351900.4122875
1725351900.413201
1725351900.415806
1725351900.416704
1725351900.4421015
1725351900.4509785
1725351900.45193
1725351900.4526374
1725351900.479042
1725351900.4798825
1725351900.4804258
1725351900.5470862
1725351900.5533228
1725351900.5540035
1725351900.5549886
1725351900.5564258
1725351900.5854263
1725351900.5870836
1725351900.6998277
1725351900.7004323
1725351900.7739594
1725351900.7911851
1725351900.7919047
1725351900.792355
1725351900.8284414
1725351900.8357348
1725351900.8364031
1725351900.8364272
1725351900.836541
1725351900.8534458
1725351900.8961606
1725351901.0462677
1725351901.0472293
1725351901.080334
1725351901.099143
1725351901.100026
1725351901.1733034
1725351901.1740696
1725351901.238493
1725351901.2399292
1725351901.2557278
1725351901.263344
1725351901.2639954
1725351901.264594
1725351901.3641415
1725351901.3861961
1725351901.4297872
1725351901.4454181
1725351901.4471748
1725351901.4476318
1725351901.455052
1725351901.4943664
1725351901.4953527
1725351901.648856
1725351901.7339022
1725351901.7353737
1725351901.7454743
1725351901.748335
1725351901.7487745
1725351901.7500572
1725351901.750504
1725351901.753606
1725351901.7603137
1725351901.7769103
1725351901.7784815
1725351901.7789907
1725351901.7798607
1725351901.7984262
1725351901.879632
1725351901.9844632
1725351901.9852724
1725351902.0120282
1725351902.0280013
1725351902.0284793
1725351902.0291672
1725351902.084759
1725351902.0852249
1725351902.1577332
1725351902.167598
1725351902.2614803
1725351902.2626772
1725351902.301567
1725351902.3028326
1725351902.4278426
1725351902.4293187
1725351902.4331543
1725351902.4618258
1725351902.4626594
1725351902.4690044
1725351902.4702487
1725351902.528123
1725351902.571652
1725351902.5721145
1725351902.631643
1725351902.6326425
1725351902.6414406
1725351902.6428475
1725351902.6445906
1725351902.7271125
1725351902.7275748
1725351902.765989
1725351902.7695892
1725351902.847757
1725351902.8679338
1725351902.868603
1725351902.869276
1725351902.94739
1725351902.9478347
1725351903.0042691
1725351903.0054905
1725351903.032552
1725351903.0468895
1725351903.0484505
1725351903.050292
1725351903.0640066
1725351903.064815
1725351903.1232276
1725351903.1241426
1725351903.1615953
1725351903.274942
1725351903.2759638
1725351903.2765958
1725351903.2920842
1725351903.3005724
1725351903.3013062
1725351903.3085294
1725351903.3214226
1725351903.322294
1725351903.3413222
1725351903.3420482
1725351903.3427217
1725351903.3563323
1725351903.3990002
1725351903.4227374
1725351903.4242795
1725351903.4331691
1725351903.4475284
1725351903.452481
1725351903.4532022
1725351903.4603457
1725351903.46107
1725351903.4632487
1725351903.4661286
1725351903.474427
1725351903.4749274
1725351903.475897
1725351903.4858072
1725351903.4863405
1725351903.4967394
1725351903.4998622
1725351903.5013216
1725351903.5047357
1725351903.5112991
1725351903.5118952
1725351903.5128386
1725351903.520547
1725351903.5324602
1725351903.5332892
1725351903.5415475
1725351903.5420825
1725351903.5479844
1725351903.5486615
1725351903.5491633
1725351903.5500839
1725351903.5572994
1725351903.5609825
1725351903.5617993
1725351903.5649588
1725351903.5769434
1725351903.57784
1725351903.5787954
1725351903.5826561
1725351903.5855682
1725351903.5862908
1725351903.588913
1725351903.5895112
1725351903.5906854
1725351903.5925546
1725351903.6299624
1725351903.632279
1725351903.633629
1725351903.635702
1725351903.6428204
1725351903.644479
1725351903.6450703
1725351903.6564333
1725351903.6576557
1725351903.6585515
1725351903.6604295
1725351903.670761
1725351903.6722744
1725351903.6731179
1725351903.675496
1725351903.6762435
1725351903.6791952
1725351903.6805036
1725351903.6924055
1725351903.739395
1725351903.7651448
1725351903.7652261
1725351903.7781641
1725351903.8748825
1725351903.902406
1725351903.9110148
1725351903.9155324
1725351903.923144
1725351903.9883144
1725351903.9909217
1725351903.9927504
1725351904.0519745
1725351904.0520406
1725351904.0701594
1725351904.0766165
1725351904.078034
1725351904.1288068
1725351904.1373193
1725351904.1374023
1725351904.145855
1725351904.20288
1725351904.203053
1725351904.2597282
1725351904.259833
1725351904.259889
1725351904.2913337
1725351904.2913864
1725351904.3111508
1725351904.3409872
1725351904.3621426
1725351904.3985176
1725351904.3985703
1725351904.4243472
1725351904.4243913
1725351904.4548986
1725351904.4848804
1725351904.4853866
1725351904.5463436
1725351904.6422744
1725351904.646345
1725351904.647927
1725351904.6739666
1725351904.6753817
1725351904.6768024
1725351904.724112
1725351904.8009288
1725351904.8010235
1725351904.8412447
1725351904.8414617
1725351904.8431208
1725351904.8432002
1725351904.868725
1725351904.8837214
1725351904.9230778
1725351904.9231565
1725351904.9232264
1725351904.964324
1725351905.0126603
1725351905.012713
1725351905.01276
1725351905.0956192
1725351905.0959814
1725351905.1090155
1725351905.1452253
1725351905.1638532
1725351905.1676373
1725351905.1827652
1725351905.226714
1725351905.2320318
1725351905.2454808
1725351905.262182
1725351905.2777803
1725351905.295347
1725351905.318503
1725351905.334103
1725351905.3515608
1725351905.3649292
1725351905.3850973
1725351905.4007401
1725351905.4115314
1725351905.4290247
1725351905.4500308
1725351905.4705782
1725351905.50224
1725351905.5040174
1725351905.5790937
1725351905.580101
1725351905.5810444
1725351905.5967474
1725351905.647081
1725351905.720882
1725351905.7214344
1725351905.7240767
1725351905.8089352
1725351905.8097808
1725351905.8104017
1725351905.8110328
1725351905.9029677
1725351905.9036908
1725351905.9260738
1725351905.9554045
1725351905.956309
1725351905.957578
1725351905.9632018
1725351905.96634
1725351905.9986157
1725351905.999317
1725351906.148517
1725351906.2004428
1725351906.2007515
1725351906.2020779
1725351906.2526274
1725351906.2848284
1725351906.2904274
1725351906.3137763
1725351906.314547
1725351906.3214788
1725351906.3225687
1725351906.3641477
1725351906.405916
1725351906.4090476
1725351906.434838
1725351906.4776142
1725351906.4782279
1725351906.4785326
1725351906.5265636
1725351906.5382173
1725351906.564909
1725351906.5653508
1725351906.566441
1725351906.61859
1725351906.7281241
1725351906.7291727
1725351906.7299185
1725351906.8278704
1725351906.8295379
1725351906.8482661
1725351906.8492916
1725351906.8498206
1725351906.8502765
1725351906.8613274
1725351906.8732347
1725351906.8780608
1725351906.8793864
1725351906.9300354
1725351906.9315903
1725351906.9322696
1725351906.948661
1725351906.951349
1725351906.952129
1725351906.9586744
1725351906.9594765
1725351906.965974
1725351906.967592
1725351906.9680676
1725351907.0906956
1725351907.0915613
1725351907.179912
1725351907.181012
1725351907.1879697
1725351907.2074263
1725351907.2094378
1725351907.231933
1725351907.2326765
1725351907.2416406
1725351907.2431376
1725351907.2523022
1725351907.2536433
1725351907.2712407
1725351907.3552423
1725351907.3553345
1725351907.3566077
1725351907.3567219
1725351907.416819
1725351907.5012999
1725351907.5440357
1725351907.5456958
1725351907.5568652
1725351907.5578494
1725351907.6048818
1725351907.6745865
1725351907.6754134
1725351907.7623198
1725351907.7638674
1725351907.8455164
1725351907.8532202
1725351907.853524
1725351907.8610036
1725351907.8614376
1725351907.8675208
1725351907.9095442
1725351907.9100175
1725351907.9397647
1725351907.9605117
1725351908.1067705
1725351908.1084263
1725351908.1089423
1725351908.15359
1725351908.1544514
1725351908.1935184
1725351908.1950252
1725351908.210682
1725351908.212193
1725351908.220484
1725351908.221215
1725351908.2392793
1725351908.2599103
1725351908.260696
1725351908.2974594
1725351908.307656
1725351908.3891664
1725351908.3901062
1725351908.4238937
1725351908.4369943
1725351908.437482
1725351908.4543536
1725351908.4555132
1725351908.4566126
1725351908.458795
1725351908.4665034
1725351908.479408
1725351908.4798772
1725351908.5444493
1725351908.545983
1725351908.5865319
1725351908.587905
1725351908.5945435
1725351908.6405125
1725351908.6724792
1725351908.673455
1725351908.6742494
1725351908.6845562
1725351908.753937
1725351908.7543666
1725351908.7550867
1725351908.8033113
1725351908.8043358
1725351908.8480923
1725351908.8564487
1725351908.8570218
1725351908.8583634
1725351908.8654542
1725351908.8667672
1725351908.922502
1725351908.9342072
1725351908.9351196
1725351908.935896
1725351908.9444454
1725351908.9455328
1725351908.9468913
1725351908.9475276
1725351909.1359591
1725351909.1375048
1725351909.1401308
1725351909.172966
1725351909.1761413
1725351909.176732
1725351909.2021062
1725351909.2037473
1725351909.2375627
1725351909.2490706
1725351909.249652
1725351909.2978883
1725351909.2993777
1725351909.3823633
1725351909.3833108
1725351909.3839722
1725351909.39262
1725351909.4076803
1725351909.4085128
1725351909.4158068
1725351909.4171093
1725351909.4541698
1725351909.46976
1725351909.4708133
1725351909.5334995
1725351909.5343602
1725351909.564139
1725351909.5651886
1725351909.5656514
1725351909.5770829
1725351909.5787232
1725351909.7173488
1725351909.7197833
1725351909.7284365
1725351909.7292175
1725351909.7378483
1725351909.7452996
1725351909.7463932
1725351909.76905
1725351909.80902
1725351909.8214917
1725351909.8225288
1725351909.8336244
1725351909.8341875
1725351909.8422165
1725351909.8494895
1725351909.8562508
1725351909.857214
1725351909.8739982
1725351909.8752875
1725351909.8784838
1725351909.8994675
1725351909.900026
1725351909.9007971
1725351909.9115663
1725351909.912823
1725351909.940454
1725351910.0903494
1725351910.0913875
1725351910.2068434
1725351910.2155828
1725351910.2170625
1725351910.2287111
1725351910.2363245
1725351910.237983
1725351910.258365
1725351910.2589922
1725351910.2627506
1725351910.2634516
1725351910.2647219
1725351910.3074
1725351910.3485625
1725351910.3490338
1725351910.4068124
1725351910.4080117
1725351910.4093626
1725351910.4099755
1725351910.4316304
1725351910.574189
1725351910.615911
1725351910.6201246
1725351910.6208396
1725351910.6282907
1725351910.6444535
1725351910.6452076
1725351910.6456685
1725351910.6681569
1725351910.6710255
1725351910.673106
1725351910.6731339
1725351910.6731563
1725351910.6733558
1725351910.7188318
1725351910.7376144
1725351910.8144739
1725351910.8159876
1725351910.8267584
1725351910.827498
1725351910.8280077
1725351910.851347
1725351910.8518739
1725351910.870268
1725351910.8708906
1725351910.9191532
1725351910.9201849
1725351910.9320376
1725351911.1209142
1725351911.1216028
1725351911.2877858
1725351911.28983
1725351911.3957343
1725351911.3965182
1725351911.3969631
1725351911.4056602
1725351911.4122355
1725351911.4131415
1725351911.4170203
1725351911.4454298
1725351911.446678
1725351911.4472117
1725351911.4655247
1725351911.466016
1725351911.500306
1725351911.5027626
1725351911.5035887
1725351911.513072
1725351911.5218587
1725351911.5439942
1725351911.5450196
1725351911.5809605
1725351911.5814774
1725351911.6950467
1725351911.74733
1725351911.748519
1725351911.7804062
1725351911.7812104
1725351911.783043
1725351911.784419
1725351911.7919614
1725351911.8051817
1725351911.8058512
1725351911.8365226
1725351911.837058
1725351911.8375208
1725351911.8479261
1725351911.848423
1725351911.8524172
1725351911.8559663
1725351911.8630393
1725351911.8649137
1725351911.9389656
1725351911.9394417
1725351911.939887
1725351912.0983484
1725351912.2685301
1725351912.2794888
1725351912.2799337
1725351912.3678122
1725351912.3691394
1725351912.376932
1725351912.4076936
1725351912.4087923
1725351912.4423623
1725351912.4435952
1725351912.4560668
1725351912.5756369
1725351912.5766425
1725351912.57918
1725351912.6027699
1725351912.6028838
1725351912.6029854
1725351912.6041646
1725351912.605848
1725351912.6068704
1725351912.7171633
1725351912.7178328
1725351912.7186844
1725351912.7576365
1725351912.758109
1725351912.7606175
1725351912.7618773
1725351912.7706041
1725351912.7729812
1725351912.781255
1725351912.782028
1725351912.8585773
1725351912.959378
1725351912.960073
1725351912.9607353
1725351913.0074244
1725351913.008217
1725351913.0087042
1725351913.0097284
1725351913.0620859
1725351913.1433706
1725351913.1440487
1725351913.149232
1725351913.1501136
1725351913.1893466
1725351913.202131
1725351913.2029757
1725351913.20397
1725351913.2070687
1725351913.2075386
1725351913.227668
1725351913.2310438
1725351913.2380557
1725351913.239058
1725351913.3021204
1725351913.3315463
1725351913.3323336
1725351913.3711529
1725351913.3796177
1725351913.3809931
1725351913.3814402
1725351913.401733
1725351913.4021838
1725351913.4132226
1725351913.480111
1725351913.4891305
1725351913.5403152
1725351913.541098
1725351913.5430973
1725351913.5833476
1725351913.5842113
1725351913.8206222
1725351913.821312
1725351913.838386
1725351913.841412
1725351913.8418853
1725351913.922277
1725351913.9239538
1725351913.9357402
1725351913.9590762
1725351913.9595306
1725351913.9600925
1725351913.9682422
1725351914.022944
1725351914.0235202
1725351914.0453823
1725351914.046054
1725351914.1325748
1725351914.143366
1725351914.1441157
1725351914.1849372
1725351914.1891265
1725351914.1895874
1725351914.2028744
1725351914.203937
1725351914.2511268
1725351914.2517164
1725351914.2580695
1725351914.2598906
1725351914.260259
1725351914.3165395
1725351914.3175988
1725351914.442348
1725351914.5376527
1725351914.5782664
1725351914.578366
1725351914.5784624
1725351914.5785775
1725351914.6079438
1725351914.7384205
1725351914.766032
1725351914.7667701
1725351914.7768068
1725351914.7780979
1725351914.7807717
1725351914.7824419
1725351914.8098586
1725351914.8101487
1725351914.8108878
1725351914.865645
1725351914.8662832
1725351914.8671908
1725351914.944133
1725351914.9451416
1725351915.1387448
1725351915.1679678
1725351915.1729681
1725351915.174553
1725351915.1952226
1725351915.1973467
1725351915.1978083
1725351915.1987853
1725351915.2599213
1725351915.341433
1725351915.3431904
1725351915.3441086
1725351915.370903
1725351915.3830106
1725351915.383338
1725351915.3839676
1725351915.3865209
1725351915.5016575
1725351915.5216603
1725351915.5236492
1725351915.5241501
1725351915.545008
1725351915.5482569
1725351915.625171
1725351915.6288579
1725351915.6621416
1725351915.6637588
1725351915.6644487
1725351915.6821346
1725351915.6828437
1725351915.729413
1725351915.7309532
1725351915.8279037
1725351915.876562
1725351915.8896708
1725351915.8904054
1725351915.8910267
1725351915.8974404
1725351916.0174649
1725351916.018519
1725351916.0279665
1725351916.0597744
1725351916.0623584
1725351916.0628536
1725351916.0636158
1725351916.0725656
1725351916.110907
1725351916.2059853
1725351916.206554
1725351916.215245
1725351916.2164788
1725351916.2174962
1725351916.2830992
1725351916.2925115
1725351916.2932954
1725351916.2940567
1725351916.3550472
1725351916.3558018
1725351916.4587402
1725351916.4593582
1725351916.4599361
1725351916.5009618
1725351916.510462
1725351916.511245
1725351916.515839
1725351916.5166636
1725351916.5238748
1725351916.6691055
1725351916.671211
1725351916.6720936
1725351916.674231
1725351916.7649605
1725351916.7655442
1725351916.7659876
1725351916.7858472
1725351916.787963
1725351916.8554964
1725351916.8559806
1725351916.8565059
1725351916.8583825
1725351916.904322
1725351916.9545915
1725351917.040509
1725351917.041054
1725351917.044327
1725351917.2040565
1725351917.204882
1725351917.2137854
1725351917.236901
1725351917.3009794
1725351917.3201895
1725351917.3213754
1725351917.3228736
1725351917.3718643
1725351917.3876643
1725351917.3887393
1725351917.3977787
1725351917.6157708
1725351917.683734
1725351917.6842244
1725351917.692328
1725351917.692877
1725351917.6938097
1725351917.730711
1725351917.7312312
1725351917.7317367
1725351917.7322004
1725351917.882475
1725351917.8841481
1725351917.8911397
1725351917.9049633
1725351917.9126565
1725351917.920294
1725351917.9297783
1725351918.0886595
1725351918.0893455
1725351918.0898135
1725351918.1524959
1725351918.1597183
1725351918.1676886
1725351918.1683626
1725351918.203943
1725351918.2048688
1725351918.2062242
1725351918.2084444
1725351918.2193556
1725351918.2397015
1725351918.2404623
1725351918.2456136
1725351918.2465842
1725351918.2700984
1725351918.3082993
1725351918.308902
1725351918.3466434
1725351918.349432
1725351918.3499277
1725351918.3566904
1725351918.359595
1725351918.360103
1725351918.3870347
1725351918.3885393
1725351918.4382834
1725351918.4392498
1725351918.4477315
1725351918.5311677
1725351918.5566745
1725351918.5580819
1725351918.5587776
1725351918.5770802
1725351918.5787723
1725351918.5963187
1725351918.7247522
1725351918.7248461
1725351918.725096
1725351918.7252123
1725351918.7302246
1725351919.020185
1725351919.1491003
1725351919.4364603
1725351919.4376104
1725351919.4456859
1725351919.4494324
1725351919.4659672
1725351919.4669907
1725351919.4674897
1725351919.53847
1725351919.5945582
1725351919.607977
1725351919.60926
1725351919.6097283
1725351919.610708
1725351919.6206148
1725351919.6210744
1725351919.6216416
1725351919.6400526
1725351919.6471198
1725351919.6478052
1725351919.6487896
1725351919.6510515
1725351919.6593716
1725351919.7522132
1725351919.752975
1725351919.7555363
1725351919.895003
1725351919.8962507
1725351919.9748032
1725351919.9767163
1725351919.9771936
1725351919.9802973
1725351919.9899242
1725351920.0946822
1725351920.1281066
1725351920.1293612
1725351920.143381
1725351920.1442115
1725351920.1562347
1725351920.156953
1725351920.1647391
1725351920.1662323
1725351920.2591312
1725351920.3174787
1725351920.3179262
1725351920.3185875
1725351920.3193536
1725351920.3229437
1725351920.571815
1725351920.5726752
1725351920.5825744
1725351920.6947048
1725351920.6953945
1725351920.77909
1725351920.8162115
1725351920.8253455
1725351920.825958
1725351920.8902946
1725351920.9093943
1725351921.0122411
1725351921.0133548
1725351921.0978885
1725351921.100882
1725351921.1016734
1725351921.102411
1725351921.3518543
1725351921.3731773
1725351921.3785098
1725351921.3806818
1725351921.4334998
1725351921.4343483
1725351921.4569697
1725351921.4609745
1725351921.478351
1725351921.479703
1725351921.4821122
1725351921.4966593
1725351921.4971836
1725351921.5259693
1725351921.5268533
1725351921.5401895
1725351921.5415924
1725351921.6977892
1725351921.711881
1725351921.7133515
1725351921.7155313
1725351921.7161639
1725351921.7737803
1725351921.8287337
1725351921.8294268
1725351921.8305993
1725351921.8379984
1725351921.854197
1725351921.8552809
1725351921.85594
1725351921.863275
1725351921.8638713
1725351921.878177
1725351921.890748
1725351921.8916779
1725351921.896775
1725351921.9032173
1725351921.9055412
1725351921.906004
1725351921.9064603
1725351921.9191096
1725351921.9200003
1725351921.9275506
1725351921.928006
1725351921.9351497
1725351921.9359815
1725351921.9366658
1725351921.984256
1725351922.0457056
1725351922.0461686
1725351922.046745
1725351922.1299734
1725351922.1304214
1725351922.1317337
1725351922.2261813
1725351922.2275586
1725351922.2390602
1725351922.2524347
1725351922.2529626
1725351922.2946224
1725351922.2981713
1725351922.299113
1725351922.3117793
1725351922.3124938
1725351922.3404822
1725351922.341034
1725351922.3416862
1725351922.3421803
1725351922.4250739
1725351922.4464054
1725351922.448048
1725351922.5217304
1725351922.5375552
1725351922.538341
1725351922.5392106
1725351922.561777
1725351922.562237
1725351922.5632615
1725351922.5870936
1725351922.5876224
1725351922.6002576
1725351922.6157424
1725351922.617644
1725351922.618886
1725351922.7591128
1725351922.8143258
1725351922.8150454
1725351922.8167014
1725351922.8613625
1725351922.9024086
1725351922.9352047
1725351922.936508
1725351922.9455767
1725351922.946941
1725351922.992792
1725351923.0744739
1725351923.111855
1725351923.1124313
1725351923.1124575
1725351923.1124792
1725351923.1301205
1725351923.1387985
1725351923.1972022
1725351923.2137604
1725351923.2510748
1725351923.2713146
1725351923.283185
1725351923.2839677
1725351923.2923665
1725351923.293059
1725351923.326373
1725351923.3271885
1725351923.4135253
1725351923.483597
1725351923.4853482
1725351923.5273204
1725351923.527848
1725351923.5299144
1725351923.5768766
1725351923.5781982
1725351923.592865
1725351923.5934668
1725351923.5939314
1725351923.6343644
1725351923.6405675
1725351923.6415424
1725351923.6553128
1725351923.6558735
1725351923.6575575
1725351923.662261
1725351923.663631
1725351923.6645992
1725351923.6861231
1725351923.710054
1725351923.7117555
1725351923.732327
1725351923.7329967
1725351923.735193
1725351923.7363727
1725351923.8726661
1725351924.1083617
1725351924.137047
1725351924.1975126
1725351924.1982515
1725351924.1993628
1725351924.4253922
1725351924.4661605
1725351924.4668686
1725351924.4680307
1725351924.6113808
1725351924.6961286
1725351924.6970935
1725351924.6978378
1725351924.7820642
1725351924.782844
1725351924.783687
1725351924.7877424
1725351924.7967553
1725351924.8001242
1725351924.8847866
1725351924.8853025
1725351924.8862023
1725351924.9349213
1725351924.9415479
1725351924.9434779
1725351924.9455044
1725351924.953693
1725351924.9940138
1725351924.994594
1725351925.0881035
1725351925.0885692
1725351925.0892367
1725351925.174878
1725351925.177914
1725351925.1792166
1725351925.2134643
1725351925.2142305
1725351925.3305514
1725351925.3327265
1725351925.333455
1725351925.3352685
1725351925.3464155
1725351925.3774912
1725351925.3784893
1725351925.3790715
1725351925.4020598
1725351925.4025218
1725351925.4589381
1725351925.4790297
1725351925.4999635
1725351925.501138
1725351925.503024
1725351925.504009
1725351925.5045269
1725351925.6490557
1725351925.6497004
1725351925.6795702
1725351925.680114
1725351925.7719727
1725351925.774843
1725351925.7755735
1725351925.7894847
1725351925.7910683
1725351925.7981088
1725351925.8214312
1725351925.8706725
1725351925.871252
1725351925.878412
1725351925.878925
1725351925.8876462
1725351925.889004
1725351925.991693
1725351925.9925725
1725351925.993885
1725351926.0440264
1725351926.0445023
1725351926.0503495
1725351926.216787
1725351926.217347
1725351926.257725
1725351926.3282154
1725351926.3806818
1725351926.3811882
1725351926.3816922
1725351926.4002404
1725351926.4016674
1725351926.4438999
1725351926.4447167
1725351926.4838808
1725351926.4855084
1725351926.5144172
1725351926.5151258
1725351926.528853
1725351926.5294776
1725351926.5741475
1725351926.576235
1725351926.5874386
1725351926.624931
1725351926.6267443
1725351926.6663594
1725351926.6673412
1725351926.6680918
1725351926.6766522
1725351926.6834795
1725351926.685593
1725351926.7193072
1725351926.7205472
1725351926.7313328
1725351926.7329075
1725351926.742351
1725351926.7432985
1725351926.7658072
1725351926.7662354
1725351926.7670956
1725351926.8120291
1725351926.834285
1725351926.8357337
1725351926.9221907
1725351926.9444354
1725351926.9450476
1725351926.9491398
1725351926.9710574
1725351927.036984
1725351927.12156
1725351927.1215923
1725351927.121616
1725351927.1216915
1725351927.1311996
1725351927.1540368
1725351927.1790378
1725351927.2163248
1725351927.293264
1725351927.293956
1725351927.2953615
1725351927.296208
1725351927.3111746
1725351927.3120863
1725351927.325346
1725351927.3284004
1725351927.3658857
1725351927.5300186
1725351927.5308013
1725351927.5484812
1725351927.5709212
1725351927.590804
1725351927.5912771
1725351927.6036313
1725351927.6128569
1725351927.6142151
1725351927.6238062
1725351927.65325
1725351927.6540935
1725351927.654917
1725351927.6893048
1725351927.6897564
1725351927.735593
1725351927.7436223
1725351927.744483
1725351927.7666802
1725351927.7709816
1725351927.7714279
1725351927.772178
1725351927.7800877
1725351927.8138614
1725351927.815945
1725351927.8165212
1725351927.8279352
1725351927.8555844
1725351927.85627
1725351927.8572898
1725351927.929282
1725351927.9301503
1725351927.953172
1725351928.0016005
1725351928.0020869
1725351928.0312335
1725351928.032076
1725351928.0488966
1725351928.0497441
1725351928.1051161
1725351928.1137793
1725351928.1157405
1725351928.1173167
1725351928.1300426
1725351928.1704211
1725351928.2072914
1725351928.207736
1725351928.2083006
1725351928.250777
1725351928.2523901
1725351928.3206086
1725351928.3802783
1725351928.3807683
1725351928.381443
1725351928.3951552
1725351928.3958082
1725351928.3966465
1725351928.4149802
1725351928.4339263
1725351928.4347198
1725351928.4354372
1725351928.436055
1725351928.4859052
1725351928.4939842
1725351928.6705263
1725351928.6971924
1725351928.7057102
1725351928.7062352
1725351928.7097297
1725351928.711349
1725351928.7314374
1725351928.7401428
1725351928.7407362
1725351928.748483
1725351928.7621403
1725351928.7625883
1725351928.7632341
1725351928.7648523
1725351928.7763817
1725351928.7769074
1725351928.8006747
1725351928.8106809
1725351928.8121293
1725351928.8191645
1725351928.8202634
1725351928.8295014
1725351928.830387
1725351929.0171573
1725351929.0196204
1725351929.0310264
1725351929.0328302
1725351929.034358
1725351929.035074
1725351929.0652716
1725351929.0673926
1725351929.1531527
1725351929.1538646
1725351929.1543438
1725351929.1554384
1725351929.163571
1725351929.1645994
1725351929.1976902
1725351929.2389717
1725351929.2393882
1725351929.2399375
1725351929.2631967
1725351929.2868328
1725351929.2896342
1725351929.3391569
1725351929.339845
1725351929.3630996
1725351929.363778
1725351929.3650148
1725351929.389888
1725351929.4093614
1725351929.4102733
1725351929.411453
1725351929.4447637
1725351929.4463894
1725351929.4476707
1725351929.5349078
1725351929.5353954
1725351929.5850942
1725351929.5868318
1725351929.6057878
1725351929.6074708
1725351929.6084034
1725351929.6092713
1725351929.710106
1725351929.7345035
1725351929.7352443
1725351929.7396746
1725351929.7409005
1725351929.7415543
1725351929.7782564
1725351929.7800946
1725351929.7863832
1725351929.7882185
1725351929.795104
1725351929.7960591
1725351929.9257984
1725351929.9318159
1725351929.9329555
1725351929.9370852
1725351929.937531
1725351929.9624844
1725351929.963015
1725351930.0849447
1725351930.0856762
1725351930.0856955
1725351930.0857184
1725351930.0857913
1725351930.1818554
1725351930.3118732
1725351930.4127584
1725351930.6233015
1725351930.6254263
1725351930.6261754
1725351930.6269932
1725351930.6280332
1725351930.6352851
1725351930.6363096
1725351930.7383676
1725351930.7472472
1725351930.7605808
1725351930.8902128
1725351930.905844
1725351930.9066775
1725351930.9374204
1725351930.9401336
1725351930.9406028
1725351931.0079813
1725351931.0315135
1725351931.04054
1725351931.1419666
1725351931.1684706
1725351931.1692286
1725351931.1696835
1725351931.3315346
1725351931.3338423
1725351931.349639
1725351931.371722
1725351931.372204
1725351931.3892672
1725351931.3899646
1725351931.4892082
1725351931.499899
1725351931.5511963
1725351931.6541111
1725351931.6545684
1725351931.6550975
1725351931.6558113
1725351931.6587632
1725351931.667308
1725351931.6679814
1725351931.6844826
1725351931.6903367
1725351931.6980276
1725351931.7133846
1725351931.7159967
1725351931.716675
1725351931.7587721
1725351931.7592316
1725351931.762297
1725351931.763006
1725351931.8056386
1725351931.8335452
1725351931.8577476
1725351931.8593802
1725351931.8607821
1725351931.8728101
1725351931.9464412
1725351931.947605
1725351931.963285
1725351932.0178611
1725351932.0192406
1725351932.0474215
1725351932.048159
1725351932.184229
1725351932.191286
1725351932.192418
1725351932.345317
1725351932.3464653
1725351932.346963
1725351932.358314
1725351932.383483
1725351932.3851311
1725351932.4123297
1725351932.4225333
1725351932.4919326
1725351932.536317
1725351932.537286
1725351932.5385804
1725351932.6071846
1725351932.6080446
1725351932.66546
1725351932.6661375
1725351932.666903
1725351932.667679
1725351932.7250333
1725351932.7574666
1725351932.7582633
1725351932.7592587
1725351932.9959662
1725351932.9968073
1725351932.9972548
1725351933.1756577
1725351933.1791222
1725351933.269425
1725351933.2699068
1725351933.3023877
1725351933.3028839
1725351933.3033361
1725351933.3380125
1725351933.339507
1725351933.3469136
1725351933.3474007
1725351933.3484392
1725351933.3501506
1725351933.7002501
1725351933.7010875
1725351934.097083
1725351934.1612034
1725351934.1628897
1725351934.1642694
1725351934.2598221
1725351934.2609005
1725351934.2829857
1725351934.2835603
1725351934.2840586
1725351934.2845407
1725351934.2977178
1725351934.3370187
1725351934.3377376
1725351934.4247832
1725351934.4261894
1725351934.4327896
1725351934.4453924
1725351934.4461296
1725351934.5011597
1725351934.5019176
1725351934.5223238
1725351934.5243316
1725351934.5272148
1725351934.5422254
1725351934.5431924
1725351934.5717263
1725351934.5725396
1725351934.573776
1725351934.5760112
1725351934.5961661
1725351934.5972025
1725351934.5985136
1725351934.6649792
1725351934.70236
1725351934.7050977
1725351934.7058601
1725351934.7165575
1725351934.7172544
1725351934.832955
1725351934.8435543
1725351934.860339
1725351934.861005
1725351934.8610382
1725351934.861054
1725351934.8611455
1725351934.8997598
1725351934.9178505
1725351934.971425
1725351934.999208
1725351935.0005283
1725351935.0018706
1725351935.0512357
1725351935.051892
1725351935.0529406
1725351935.0562139
1725351935.1251273
1725351935.126425
1725351935.1896498
1725351935.1917171
1725351935.1925359
1725351935.1932855
1725351935.2148476
1725351935.240803
1725351935.2419648
1725351935.242428
1725351935.2880023
1725351935.2888336
1725351935.2895544
1725351935.3261056
1725351935.3685772
1725351935.4015508
1725351935.402456
1725351935.486167
1725351935.4867885
1725351935.4956365
1725351935.4973242
1725351935.619639
1725351935.6316693
1725351935.632778
1725351935.638838
1725351935.6398377
1725351935.701609
1725351935.702433
1725351935.7036648
1725351935.7342722
1725351935.7570438
1725351935.8455331
1725351935.8462234
1725351935.876152
1725351935.8773723
1725351935.899993
1725351935.9006052
1725351935.9437027
1725351935.9442053
1725351936.1108046
1725351936.1121879
1725351936.118502
1725351936.1203284
1725351936.1207967
1725351936.2001402
1725351936.2180896
1725351936.2190154
1725351936.2446098
1725351936.245369
1725351936.27973
1725351936.3635042
1725351936.366186
1725351936.3792443
1725351936.4496245
1725351936.4503329
1725351936.780099
1725351936.8637133
1725351936.9521625
1725351936.9542904
1725351936.9551623
1725351936.9556506
1725351936.9878876
1725351937.0639179
1725351937.0804322
1725351937.0814106
1725351937.1234756
1725351937.1239932
1725351937.12447
1725351937.1250052
1725351937.1254895
1725351937.148621
1725351937.151658
1725351937.341227
1725351937.3417118
1725351937.4360337
1725351937.4374788
1725351937.586488
1725351937.6618187
1725351937.6638076
1725351937.6886652
1725351937.6898084
1725351937.7103286
1725351937.7184591
1725351937.7199821
1725351937.7472956
1725351937.7486017
1725351937.7798247
1725351937.7804773
1725351937.789683
1725351937.7911742
1725351937.820932
1725351937.822255
1725351937.8439813
1725351937.846514
1725351937.9117827
1725351937.961276
1725351937.9698308
1725351938.0456421
1725351938.0461085
1725351938.0467608
1725351938.0479398
1725351938.163636
1725351938.1723216
1725351938.1728072
1725351938.1859958
1725351938.1865275
1725351938.2368708
1725351938.2469516
1725351938.249957
1725351938.2705429
1725351938.2710407
1725351938.271496
1725351938.449357
1725351938.4502966
1725351938.473744
1725351938.48412
1725351938.4851933
1725351938.4858336
1725351938.497673
1725351938.4982433
1725351938.5090141
1725351938.5661829
1725351938.5668213
1725351938.5762322
1725351938.578779
1725351938.5882168
1725351938.5894876
1725351938.5899465
1725351938.6084127
1725351938.6181765
1725351938.6191413
1725351938.6202917
1725351938.7504413
1725351938.7509773
1725351938.751948
1725351938.9135134
1725351938.916
1725351939.0325992
1725351939.2486033
1725351939.2496362
1725351939.2507594
1725351939.2533877
1725351939.2539437
1725351939.254762
1725351939.3279648
1725351939.335277
1725351939.3360806
1725351939.346367
1725351939.3540769
1725351939.5101879
1725351939.716203
1725351939.7162247
1725351939.7162428
1725351939.7557704
1725351939.8682437
1725351939.90361
1725351940.0513828
1725351940.146194
1725351940.1552572
1725351940.1565583
1725351940.1575015
1725351940.213387
1725351940.21441
1725351940.25403
1725351940.255497
1725351940.2644517
1725351940.2663097
1725351940.375117
1725351940.3755732
1725351940.3818593
1725351940.3840048
1725351940.4657423
1725351940.4841292
1725351940.4848917
1725351940.6254778
1725351940.6259053
1725351940.6271734
1725351940.6512997
1725351940.703915
1725351940.7194312
1725351940.7203794
1725351940.735945
1725351940.7366726
1725351940.744051
1725351940.7980807
1725351940.79894
1725351940.799869
1725351940.8167865
1725351940.8241212
1725351940.8247693
1725351940.8373456
1725351940.8398414
1725351940.840283
1725351940.867815
1725351941.1005266
1725351941.1013489
1725351941.102197
1725351941.1425753
1725351941.14407
1725351941.1445575
1725351941.210599
1725351941.2110882
1725351941.2195249
1725351941.2200155
1725351941.2207146
1725351941.2336507
1725351941.2357328
1725351941.2361722
1725351941.255088
1725351941.255655
1725351941.2712965
1725351941.2725406
1725351941.2735214
1725351941.343719
1725351941.345379
1725351941.478996
1725351941.4794307
1725351941.4897618
1725351941.4911132
1725351941.622457
1725351941.6240208
1725351941.6245189
1725351941.6434643
1725351941.6452463
1725351941.6460493
1725351941.6854272
1725351941.686822
1725351941.6912928
1725351941.7104237
1725351941.7112222
1725351941.7117465
1725351941.7122297
1725351941.729076
1725351941.7302668
1725351941.7308252
1725351941.747645
1725351941.7485628
1725351941.79184
1725351941.7934148
1725351941.7970934
1725351941.797976
1725351941.7988253
1725351941.8106973
1725351941.811475
1725351941.8216307
1725351941.8225372
1725351941.9645164
1725351941.9656339
1725351941.9663782
1725351941.9713829
1725351941.9723744
1725351942.057475
1725351942.0581934
1725351942.059142
1725351942.074511
1725351942.0753405
1725351942.0769038
1725351942.0934284
1725351942.0947647
1725351942.1065977
1725351942.1261618
1725351942.127074
1725351942.1294918
1725351942.1299438
1725351942.140674
1725351942.1814106
1725351942.1926367
1725351942.1960566
1725351942.1973073
1725351942.2451146
1725351942.246563
1725351942.247898
1725351942.254586
1725351942.2871614
1725351942.287634
1725351942.288802
1725351942.2896926
1725351942.2912445
1725351942.30484
1725351942.3810384
1725351942.3895786
1725351942.3909922
1725351942.3915637
1725351942.529068
1725351942.5298152
1725351942.5310655
1725351942.5493648
1725351942.5503583
1725351942.5571198
1725351942.5588696
1725351942.5640461
1725351942.626751
1725351942.6273997
1725351942.6281252
1725351942.6290147
1725351942.629634
1725351942.65173
1725351942.6525214
1725351942.6551194
1725351942.6567585
1725351942.6574028
1725351942.6965773
1725351942.7023332
1725351942.8460314
1725351942.8467948
1725351942.9092443
1725351942.9097478
1725351942.910612
1725351942.9113069
1725351942.911973
1725351942.912856
1725351942.9203157
1725351942.9842734
1725351942.9856217
1725351942.986791
1725351942.9929695
1725351942.9943585
1725351943.137756
1725351943.327662
1725351943.3285878
1725351943.328631
1725351943.3287828
1725351943.3291092
1725351943.3716407
1725351943.4165912
1725351943.8289003
1725351943.8685853
1725351943.8687017
1725351944.0472403
1725351944.0479465
1725351944.0835297
1725351944.0848007
1725351944.137124
1725351944.142362
1725351944.1428752
1725351944.1433606
1725351944.1988204
1725351944.239183
1725351944.2713232
1725351944.2718973
1725351944.2724392
1725351944.2735138
1725351944.3504891
1725351944.3521976
1725351944.4621928
1725351944.4690201
1725351944.4695358
1725351944.504131
1725351944.505306
1725351944.549843
1725351944.5519705
1725351944.576226
1725351944.5770466
1725351944.6018715
1725351944.608591
1725351944.609075
1725351944.6489666
1725351944.649378
1725351944.6505036
1725351944.6720905
1725351944.777194
1725351944.7805538
1725351944.8398519
1725351944.8408942
1725351944.8429568
1725351944.8505287
1725351944.8538043
1725351944.8760645
1725351944.8761892
1725351944.9044077
1725351944.9045193
1725351944.913446
1725351944.9773073
1725351944.9780157
1725351945.0495298
1725351945.0528579
1725351945.1229963
1725351945.1243794
1725351945.1929004
1725351945.193741
1725351945.2012508
1725351945.2021153
1725351945.2025745
1725351945.2449546
1725351945.2467425
1725351945.2545226
1725351945.2553859
1725351945.2660174
1725351945.4536102
1725351945.4544997
1725351945.523823
1725351945.5241845
1725351945.5282264
1725351945.706276
1725351945.7087708
1725351945.7099051
1725351945.7250907
1725351945.7252429
1725351945.8460743
1725351945.8799012
1725351945.8859916
1725351945.8895571
1725351945.8897705
1725351945.915945
1725351945.9167054
1725351945.9177153
1725351945.9349158
1725351945.9354403
1725351945.935975
1725351945.9367032
1725351945.939226
1725351945.9411728
1725351945.9516053
1725351946.0075068
1725351946.0086222
1725351946.0159395
1725351946.0455828
1725351946.048454
1725351946.0488772
1725351946.1516085
1725351946.152793
1725351946.215337
1725351946.2168403
1725351946.2246327
1725351946.225451
1725351946.2271514
1725351946.2276042
1725351946.2841558
1725351946.2861736
1725351946.2876315
1725351946.3545153
1725351946.3684332
1725351946.3690248
1725351946.3704238
1725351946.3802898
1725351946.457169
1725351946.4741511
1725351946.4751983
1725351946.485408
1725351946.4875467
1725351946.5428333
1725351946.5607338
1725351946.5615401
1725351946.5623047
1725351946.5673323
1725351946.5681772
1725351946.5695467
1725351946.5728168
1725351946.5752273
1725351946.5806327
1725351946.6362014
1725351946.6385186
1725351946.6439033
1725351946.66941
1725351946.6703262
1725351946.670933
1725351946.6736298
1725351946.683358
1725351946.68631
1725351946.687458
1725351946.700881
1725351946.7079523
1725351946.7080667
1725351946.777355
1725351946.7874262
1725351946.78752
1725351946.918813
1725351946.9728096
1725351946.9826946
1725351946.983234
1725351946.996318
1725351946.9973443
1725351946.9977791
1725351946.9999785
1725351947.0185418
1725351947.0192268
1725351947.0192506
1725351947.0192645
1725351947.0193667
1725351947.0440092
1725351947.047341
1725351947.0809119
1725351947.096081
1725351947.0968804
1725351947.0980783
1725351947.10446
1725351947.1049325
1725351947.1059752
1725351947.1064496
1725351947.1438663
1725351947.1452463
1725351947.2030869
1725351947.283835
1725351947.2860184
1725351947.307742
1725351947.308529
1725351947.3661242
1725351947.3665464
1725351947.3798304
1725351947.3825967
1725351947.3914242
1725351947.3923087
1725351947.3942611
1725351947.4013696
1725351947.4032154
1725351947.4110851
1725351947.449262
1725351947.4559264
1725351947.456748
1725351947.4758897
1725351947.4787745
1725351947.4847655
1725351947.493238
1725351947.5209532
1725351947.5319588
1725351947.5328112
1725351947.5338724
1725351947.5554485
1725351947.5563974
1725351947.5796683
1725351947.5797763
1725351947.5880485
1725351947.5881526
1725351947.6081052
1725351947.6552236
1725351947.6557086
1725351947.656318
1725351947.66566
1725351947.6676834
1725351947.675842
1725351947.7001438
1725351947.7704954
1725351947.7709675
1725351947.7766051
1725351947.7976923
1725351947.7989228
1725351947.799327
1725351947.8004405
1725351947.8266146
1725351947.8273265
1725351947.8277938
1725351947.8282402
1725351947.8418267
1725351947.8422356
1725351947.8431818
1725351947.8513641
1725351947.879369
1725351947.8794904
1725351947.8806605
1725351947.883316
1725351947.906909
1725351947.9070268
1725351947.9084532
1725351947.9420521
1725351947.9854088
1725351947.9861434
1725351948.005885
1725351948.0061405
1725351948.012133
1725351948.013612
1725351948.0347176
1725351948.036755
1725351948.06757
1725351948.0686636
1725351948.0740566
1725351948.0746202
1725351948.0824885
1725351948.0834188
1725351948.140798
1725351948.211693
1725351948.2295482
1725351948.2311707
1725351948.2323124
1725351948.2438052
1725351948.2444053
1725351948.2460577
1725351948.2723353
1725351948.2728808
1725351948.3948047
1725351948.3954327
1725351948.4397376
1725351948.4558349
1725351948.4565492
1725351948.4577765
1725351948.5052774
1725351948.5184395
1725351948.5189238
1725351948.5312934
1725351948.5326562
1725351948.559165
1725351948.5653114
1725351948.5690553
1725351948.6185322
1725351948.6200755
1725351948.6204574
1725351948.6511168
1725351948.651969
1725351948.652608
1725351948.6529408
1725351948.6583936
1725351948.659524
1725351948.6634793
1725351948.6645977
1725351948.6657896
1725351948.6660461
1725351948.68849
1725351948.688931
1725351948.6891909
1725351948.6896808
1725351948.6963518
1725351948.6972072
1725351948.7149458
1725351948.7160027
1725351948.7165158
1725351948.7178848
1725351948.7693965
1725351948.779667
1725351948.7809854
1725351948.7814364
1725351948.7820952
1725351948.8078797
1725351948.816379
1725351948.817192
1725351948.8176737
1725351948.8184254
1725351948.8418663
1725351948.8429792
1725351948.8432493
1725351948.8597264
1725351948.8606405
1725351948.8610997
1725351948.8620777
1725351948.8690577
1725351948.8702
1725351948.8708603
1725351948.8824492
1725351948.8830948
1725351948.8850198
1725351948.9075694
1725351948.9079893
1725351948.9082592
1725351948.9172955
1725351948.917962
1725351948.931429
1725351948.9318907
1725351948.9325078
1725351948.9328468
1725351948.9336054
1725351948.9457946
1725351948.9470212
1725351948.9482994
1725351948.9542036
1725351948.9562395
1725351948.9741247
1725351949.0168276
1725351949.017169
1725351949.017912
1725351949.0182507
1725351949.0264566
1725351949.0273395
1725351949.0277047
1725351949.0361958
1725351949.0369694
1725351949.0375905
1725351949.0378284
1725351949.0443614
1725351949.0455859
1725351949.0468774
1725351949.1148908
1725351949.115924
1725351949.116644
1725351949.116886
1725351949.117369
1725351949.1185617
1725351949.1590905
1725351949.1594055
1725351949.1600058
1725351949.1602504
1725351949.161802
1725351949.176831
1725351949.1772203
1725351949.1777296
1725351949.1785643
1725351949.1907418
1725351949.1914544
1725351949.1921508
1725351949.1933427
1725351949.1942344
1725351949.198118
1725351949.1989594
1725351949.2001655
1725351949.2108068
1725351949.2110665
1725351949.2114606
1725351949.2243073
1725351949.2245655
1725351949.2253587
1725351949.226273
1725351949.2561426
1725351949.2568343
1725351949.2577393
1725351949.2580264
1725351949.2592041
1725351949.260532
1725351949.289295
1725351949.2900383
1725351949.2905452
1725351949.293069
1725351949.2935226
1725351949.307174
1725351949.3080983
1725351949.309749
1725351949.3101275
1725351949.3223104
1725351949.322589
1725351949.3237157
1725351949.3249714
1725351949.3265827
1725351949.3312268
1725351949.3332586
1725351949.3335457
1725351949.3339145
1725351949.3341827
1725351949.339826
1725351949.3404558
1725351949.342143
1725351949.359011
1725351949.360245
1725351949.360905
1725351949.3617594
1725351949.3690832
1725351949.3701012
1725351949.3703628
1725351949.3707771
1725351949.3713758
1725351949.3720295
1725351949.3954163
1725351949.396289
1725351949.396739
1725351949.3970356
1725351949.4057698
1725351949.4060793
1725351949.4066348
1725351949.4069707
1725351949.407583
1725351949.4414759
1725351949.4430888
1725351949.4431143
1725351949.443141
1725351949.4431717
1725351949.4444082
1725351949.455601
1725351949.4595125
1725351949.4612322
1725351949.4616644
1725351949.4769645
1725351949.478371
1725351949.47863
1725351949.479344
1725351949.4795654
1725351949.479786
1725351949.5508873
1725351949.5511465
1725351949.551641
1725351949.552607
1725351949.5532875
1725351949.560011
1725351949.560945
1725351949.5614893
1725351949.5621715
1725351949.5624192
1725351949.5733075
1725351949.5735452
1725351949.5737767
1725351949.5755048
1725351949.5759697
1725351949.579483
1725351949.579749
1725351949.5804317
1725351949.5806544
1725351949.5808866
1725351949.581118
1725351949.6273038
1725351949.6277294
1725351949.628369
1725351949.628619
1725351949.6289656
1725351949.630598
1725351949.630886
1725351949.6392024
1725351949.6399968
1725351949.651738
1725351949.6527052
1725351949.652946
1725351949.6532469
1725351949.6536927
1725351949.6539855
1725351949.7272482
1725351949.7274354
1725351949.7299325
1725351949.7301779
1725351949.7356994
1725351949.7372437
1725351949.737752
1725351949.7502224
1725351949.7512422
1725351949.7514527
1725351949.7516267
1725351949.752151
1725351949.813282
1725351949.813805
1725351949.814222
1725351949.8149543
1725351949.8152895
1725351949.815795
1725351949.8160145
1725351949.8180695
1725351949.8186853
1725351949.8666074
1725351949.8670764
1725351949.868061
1725351949.869938
1725351949.8701515
1725351949.8703518
1725351949.8714285
1725351949.8866286
1725351949.8892155
1725351949.8905632
1725351949.8907917
1725351949.8910851
1725351949.8914518
1725351949.9081562
1725351949.9083602
1725351949.908725
1725351949.908901
1725351949.9090936
1725351949.9092772
1725351949.9095528
1725351949.9395044
1725351949.9399881
1725351949.9401884
1725351949.940701
1725351949.9408817
1725351949.941088
1725351949.9415317
1725351949.9426868
1725351949.9429166
1725351949.9794595
1725351949.9796321
1725351949.9798155
1725351949.9799957
1725351949.980187
1725351949.980513
1725351949.9818957
1725351950.0092366
1725351950.0096147
1725351950.0112383
1725351950.0114262
1725351950.0116131
1725351950.0118296
1725351950.0127203
1725351950.0131524
1725351950.0251126
1725351950.0252938
1725351950.0259202
1725351950.0261006
1725351950.0262809
1725351950.0265894
1725351950.0269594
1725351950.0290244
1725351950.0519
1725351950.0528123
1725351950.0531976
1725351950.054836
1725351950.056498
1725351950.0597866
1725351950.0608132
1725351950.129834
1725351950.1306856
1725351950.1322014
1725351950.1333263
1725351950.1346233
1725351950.1870608
1725351950.1875412
1725351950.33374
1725351950.334641
1725351950.3357487
1725351950.3370116
1725351950.338453
1725351950.3396938
1725351950.3684878
1725351950.3696141
1725351950.3708704
1725351950.3720412
1725351950.373101
1725351950.4557364
1725351950.456566
1725351950.4575982
1725351950.4586585
1725351950.492322
1725351950.4963806
1725351950.5363379
1725351950.537817
1725351950.5391617
1725351950.539795
1725351950.628304
1725351950.6292975
1725351950.6297512
1725351950.639789
1725351950.7172043
1725351950.7179682
1725351950.718403
1725351950.7192376
1725351950.7198331
1725351950.7215154
1725351950.743415
1725351950.7974157
1725351950.8076615
1725351950.8158
1725351950.8158286
1725351950.8416524
1725351950.9200056
1725351951.0180874
1725351951.023775
1725351951.0323682
1725351951.0331953
1725351951.0345323
1725351951.084235
1725351951.0866747
1725351951.105727
1725351951.1061947
1725351951.1075957
1725351951.1493735
1725351951.1509619
1725351951.1527898
1725351951.1534941
1725351951.190958
1725351951.2019603
1725351951.2432716
1725351951.2814124
1725351951.284028
1725351951.3122954
1725351951.3137238
1725351951.319975
1725351951.4305768
1725351951.4336216
1725351951.493345
1725351951.49582
1725351951.4972925
1725351951.5811062
1725351951.5826285
1725351951.5841146
1725351951.5850682
1725351951.5863943
1725351951.5898614
1725351951.5926445
1725351951.6718087
1725351951.7303658
1725351951.770089
1725351951.776511
1725351951.8234687
1725351951.8278263
1725351951.828566
1725351951.8560107
1725351951.8819122
1725351951.8840308
1725351951.8852348
1725351951.8858247
1725351951.90778
1725351951.9082382
1725351951.9313116
1725351951.941955
1725351952.0573275
1725351952.0585015
1725351952.0603154
1725351952.0614107
1725351952.0881817
1725351952.0904744
1725351952.09163
1725351952.153859
1725351952.1886437
1725351952.1904595
1725351952.217132
1725351952.2596428
1725351952.2602603
1725351952.2615404
1725351952.2848501
1725351952.286703
1725351952.2892792
1725351952.329956
1725351952.3321002
1725351952.3585258
1725351952.3601482
1725351952.3812466
1725351952.3819861
1725351952.3969872
1725351952.4090354
1725351952.44045
1725351952.4476767
1725351952.4664147
1725351952.4949274
1725351952.5070126
1725351952.5232618
1725351952.540807
1725351952.5513873
1725351952.5725217
1725351952.5851872
1725351952.6002948
1725351952.6324587
1725351952.6488242
1725351952.6638775
1725351952.6801505
