2024-09-03 16:26:35
../stream-replay/logs/stuttering-6208.txt
1725351892.8367288
1725351892.8452177
1725351892.8462763
1725351892.859946
1725351892.8605044
1725351892.8828235
1725351892.884115
1725351892.8845794
1725351892.8850389
1725351892.9830382
1725351892.984305
1725351892.9955518
1725351892.9970722
1725351892.9976032
1725351892.9981155
1725351893.0300949
1725351893.031103
1725351893.0599248
1725351893.0608714
1725351893.068316
1725351893.0749795
1725351893.1036577
1725351893.1041102
1725351893.4166462
1725351893.4183023
1725351893.4408815
1725351893.4413233
1725351893.5950825
1725351893.608033
1725351893.610404
1725351893.6212068
1725351893.623218
1725351893.6464002
1725351893.6481054
1725351893.6485517
1725351893.7568269
1725351893.7574112
1725351893.7574499
1725351893.75748
1725351893.7731316
1725351893.7835445
1725351893.8142056
1725351893.826445
1725351893.8282251
1725351893.8884344
1725351893.8892088
1725351893.8897169
1725351893.9003875
1725351893.9012551
1725351893.9017305
1725351893.9021664
1725351893.931124
1725351893.9611857
1725351894.052555
1725351894.0535216
1725351894.0539694
1725351894.0718954
1725351894.1366248
1725351894.1380563
1725351894.1385229
1725351894.1475418
1725351894.1483853
1725351894.1551418
1725351894.156989
1725351894.1884806
1725351894.2337298
1725351894.2353618
1725351894.2358558
1725351894.2638197
1725351894.3591068
1725351894.359553
1725351894.3600872
1725351894.3636339
1725351894.3905153
1725351894.3915522
1725351894.41215
1725351894.412912
1725351894.4284513
1725351894.4293342
1725351894.4657
1725351894.498764
1725351894.4993432
1725351894.5464284
1725351894.5577154
1725351894.5582757
1725351894.5743659
1725351894.5755887
1725351894.5760558
1725351894.589977
1725351894.594088
1725351894.6064036
1725351894.6152093
1725351894.615816
1725351894.6175115
1725351894.6191278
1725351894.6698718
1725351894.6713145
1725351894.679581
1725351894.8006957
1725351894.8016617
1725351894.8024802
1725351894.905404
1725351894.9134645
1725351894.9141984
1725351894.9318442
1725351894.934566
1725351895.028893
1725351895.0314093
1725351895.0324621
1725351895.0578237
1725351895.0592823
1725351895.0810564
1725351895.0818975
1725351895.1260893
1725351895.1334085
1725351895.134544
1725351895.157601
1725351895.1583257
1725351895.1600857
1725351895.1764486
1725351895.1770368
1725351895.177697
1725351895.2045097
1725351895.2054024
1725351895.2653084
1725351895.2665613
1725351895.2675993
1725351895.3976529
1725351895.3980982
1725351895.4818983
1725351895.4988608
1725351895.5677536
1725351895.5682008
1725351895.640828
1725351895.6420074
1725351895.6425354
1725351895.6692972
1725351895.7256823
1725351895.7651646
1725351895.7657871
1725351895.7662814
1725351895.7751098
1725351895.7769923
1725351895.8252776
1725351895.8270526
1725351895.8630922
1725351895.8641572
1725351895.9176724
1725351895.9181287
1725351895.9200459
1725351895.9216468
1725351895.928162
1725351895.936503
1725351895.9498956
1725351895.9505253
1725351896.0474539
1725351896.0479116
1725351896.0484023
1725351896.051969
1725351896.053184
1725351896.075675
1725351896.0766084
1725351896.0836973
1725351896.0842907
1725351896.0972126
1725351896.0982084
1725351896.1084194
1725351896.108879
1725351896.1095283
1725351896.1189103
1725351896.1199658
1725351896.149685
1725351896.2212322
1725351896.2246802
1725351896.3284516
1725351896.3481324
1725351896.3486097
1725351896.3498209
1725351896.4766243
1725351896.4771054
1725351896.5077667
1725351896.5133414
1725351896.5145552
1725351896.5153487
1725351896.5202353
1725351896.520998
1725351896.521455
1725351896.6018414
1725351896.6026175
1725351896.6379588
1725351896.644706
1725351896.6457708
1725351896.6462607
1725351896.6675403
1725351896.668051
1725351896.66849
1725351896.6788268
1725351896.684277
1725351896.684724
1725351896.7429123
1725351896.777945
1725351896.7795875
1725351896.7844837
1725351896.786075
1725351896.8163838
1725351896.8176882
1725351896.8702285
1725351896.9342709
1725351896.9480875
1725351896.9481235
1725351896.9481483
1725351896.9485025
1725351897.1440516
1725351897.219599
1725351897.2376537
1725351897.2454293
1725351897.2953885
1725351897.2958686
1725351897.3040037
1725351897.304479
1725351897.3310828
1725351897.3331056
1725351897.376147
1725351897.377093
1725351897.3942237
1725351897.3951976
1725351897.4019654
1725351897.4036353
1725351897.4235158
1725351897.4277623
1725351897.4284358
1725351897.4289045
1725351897.4551837
1725351897.4561584
1725351897.4569972
1725351897.4657767
1725351897.466573
1725351897.6323793
1725351897.6782107
1725351897.6788495
1725351897.6810353
1725351897.6823514
1725351897.6915493
1725351897.692329
1725351897.6931555
1725351897.7017605
1725351897.7099586
1725351897.7112987
1725351897.8003502
1725351897.8011186
1725351897.8015628
1725351897.8313227
1725351897.9095953
1725351897.9105594
1725351897.9524872
1725351897.953407
1725351897.9538767
1725351897.954487
1725351898.032447
1725351898.0333264
1725351898.034088
1725351898.1158123
1725351898.1176832
1725351898.1805725
1725351898.1810403
1725351898.181829
1725351898.197317
1725351898.198579
1725351898.208052
1725351898.2549186
1725351898.255908
1725351898.2562425
1725351898.2566946
1725351898.2647135
1725351898.3988912
1725351898.4005756
1725351898.41297
1725351898.4419317
1725351898.4432237
1725351898.466227
1725351898.4669793
1725351898.467469
1725351898.574604
1725351898.5759022
1725351898.5766222
1725351898.6014042
1725351898.6362677
1725351898.636912
1725351898.6450443
1725351898.6485753
1725351898.6494248
1725351898.6502233
1725351898.6580613
1725351898.6584988
1725351898.726208
1725351898.727659
1725351898.8774936
1725351898.8783734
1725351898.879903
1725351898.896743
1725351898.8974414
1725351898.8978984
1725351898.9317253
1725351898.9331036
1725351898.9681444
1725351899.0571308
1725351899.0575204
1725351899.058248
1725351899.0818686
1725351899.0824065
1725351899.1122098
1725351899.132745
1725351899.1356637
1725351899.1362329
1725351899.1368403
1725351899.1378329
1725351899.1409733
1725351899.251999
1725351899.2544255
1725351899.3347538
1725351899.4077508
1725351899.4088566
1725351899.411326
1725351899.41201
1725351899.4125693
1725351899.4227602
1725351899.495566
1725351899.4972892
1725351899.498634
1725351899.5055265
1725351899.506127
1725351899.5066917
1725351899.5844543
1725351899.592664
1725351899.720252
1725351899.781676
1725351899.7835293
1725351899.784676
1725351899.8436327
1725351899.9694307
1725351900.0503652
1725351900.0512578
1725351900.0517013
1725351900.0710928
1725351900.0716524
1725351900.105291
1725351900.1075919
1725351900.1085665
1725351900.1098108
1725351900.1444044
1725351900.145034
1725351900.1455019
1725351900.1543643
1725351900.1548457
1725351900.1703396
1725351900.1786733
1725351900.1795468
1725351900.2161682
1725351900.2179835
1725351900.3096797
1725351900.310468
1725351900.334213
1725351900.4116764
1725351900.4127514
1725351900.4156728
1725351900.4422433
1725351900.4435174
1725351900.443917
1725351900.444364
1725351900.452819
1725351900.4796667
1725351900.545404
1725351900.5467148
1725351900.5550508
1725351900.5612428
1725351900.586909
1725351900.587443
1725351900.6990523
1725351900.7328165
1725351900.733388
1725351900.805187
1725351900.8059318
1725351900.8060503
1725351900.8061483
1725351900.8069673
1725351900.8358905
1725351900.8544495
1725351900.97337
1725351900.9742353
1725351901.0443342
1725351901.0451488
1725351901.0789542
1725351901.0798776
1725351901.0989184
1725351901.0997238
1725351901.100192
1725351901.1745856
1725351901.2383008
1725351901.2397697
1725351901.256049
1725351901.2564902
1725351901.2639933
1725351901.3632305
1725351901.363879
1725351901.3872833
1725351901.3878229
1725351901.4280846
1725351901.443546
1725351901.4447048
1725351901.4455204
1725351901.4537222
1725351901.4546282
1725351901.4552104
1725351901.4952428
1725351901.495872
1725351901.6490993
1725351901.6501303
1725351901.7330382
1725351901.7351909
1725351901.745147
1725351901.7493048
1725351901.749795
1725351901.7614145
1725351901.7759035
1725351901.7974837
1725351901.8357658
1725351901.8363004
1725351901.8780475
1725351901.9593058
1725351901.9597437
1725351901.9611986
1725351901.9840229
1725351902.0107334
1725351902.0113459
1725351902.0298374
1725351902.083783
1725351902.084297
1725351902.1577888
1725351902.15885
1725351902.159343
1725351902.168045
1725351902.2618277
1725351902.3025153
1725351902.3036087
1725351902.4287317
1725351902.4297242
1725351902.4635916
1725351902.4694252
1725351902.4740689
1725351902.4744947
1725351902.5279477
1725351902.5384243
1725351902.539102
1725351902.572498
1725351902.5731986
1725351902.631186
1725351902.632795
1725351902.637929
1725351902.6432319
1725351902.6443624
1725351902.725269
1725351902.7257304
1725351902.7268043
1725351902.7671971
1725351902.7675974
1725351902.7693408
1725351902.7711616
1725351902.848876
1725351902.869164
1725351902.9460154
1725351902.9468622
1725351903.006483
1725351903.0328305
1725351903.0334957
1725351903.0475795
1725351903.049831
1725351903.0608408
1725351903.061542
1725351903.0622663
1725351903.064531
1725351903.1233528
1725351903.1241124
1725351903.1622121
1725351903.1630223
1725351903.2758005
1725351903.2900245
1725351903.2907908
1725351903.2912507
1725351903.3004541
1725351903.3020427
1725351903.3081183
1725351903.309635
1725351903.3221686
1725351903.3548055
1725351903.3556542
1725351903.3561351
1725351903.3987877
1725351903.4003077
1725351903.4237635
1725351903.4328294
1725351903.4453204
1725351903.446928
1725351903.4474685
1725351903.4519684
1725351903.4535372
1725351903.461098
1725351903.4641905
1725351903.4651356
1725351903.4674003
1725351903.4688063
1725351903.475735
1725351903.485524
1725351903.4963322
1725351903.4995723
1725351903.5112393
1725351903.515534
1725351903.5191228
1725351903.5329273
1725351903.5332737
1725351903.5337589
1725351903.5457902
1725351903.5464022
1725351903.5469177
1725351903.5473912
1725351903.5487413
1725351903.549687
1725351903.5571694
1725351903.5582771
1725351903.56234
1725351903.5761735
1725351903.5770228
1725351903.5791416
1725351903.5817444
1725351903.5836139
1725351903.583928
1725351903.5844305
1725351903.590008
1725351903.591985
1725351903.5930731
1725351903.6298714
1725351903.6308248
1725351903.631903
1725351903.6334386
1725351903.634401
1725351903.6352363
1725351903.6416216
1725351903.6434524
1725351903.657291
1725351903.6594565
1725351903.6614766
1725351903.6620803
1725351903.6698952
1725351903.6704078
1725351903.6721675
1725351903.6918893
1725351903.708081
1725351903.7218602
1725351903.764458
1725351903.7781515
1725351903.8766336
1725351903.9051156
1725351903.9236486
1725351903.932356
1725351903.9638019
1725351903.964865
1725351903.9920952
1725351903.9929056
1725351903.9933534
1725351904.0525415
1725351904.0527084
1725351904.069325
1725351904.0770073
1725351904.078818
1725351904.1290207
1725351904.1373808
1725351904.145984
1725351904.20341
1725351904.20353
1725351904.2036676
1725351904.259819
1725351904.2599845
1725351904.260135
1725351904.291485
1725351904.3110979
1725351904.3123324
1725351904.3409665
1725351904.3598015
1725351904.3985603
1725351904.3987556
1725351904.4246137
1725351904.4247658
1725351904.4552011
1725351904.4845312
1725351904.486329
1725351904.5462725
1725351904.6419544
1725351904.6420803
1725351904.6426435
1725351904.6427553
1725351904.6740634
1725351904.675749
1725351904.6764665
1725351904.724267
1725351904.8010638
1725351904.8418403
1725351904.8422337
1725351904.8428068
1725351904.842966
1725351904.8435874
1725351904.868839
1725351904.8836262
1725351904.9235728
1725351904.9238324
1725351904.9643714
1725351904.9645147
1725351905.0132697
1725351905.023036
1725351905.094849
1725351905.1089828
1725351905.1090403
1725351905.1446786
1725351905.163642
1725351905.1647723
1725351905.1818573
1725351905.1967866
1725351905.216675
1725351905.232434
1725351905.2451093
1725351905.2617643
1725351905.2890162
1725351905.293975
1725351905.318127
1725351905.3259244
1725351905.3415258
1725351905.3570848
1725351905.3849423
1725351905.3963172
1725351905.41944
1725351905.4297783
1725351905.450418
1725351905.4708984
1725351905.5034778
1725351905.5270581
1725351905.5793002
1725351905.5804896
1725351905.595641
1725351905.5972724
1725351905.6470869
1725351905.71992
1725351905.7214649
1725351905.7232432
1725351905.7248418
1725351905.8105023
1725351905.8120646
1725351905.9024894
1725351905.9246428
1725351905.9254227
1725351905.9259403
1725351905.9569128
1725351905.9573534
1725351905.9639676
1725351905.9657273
1725351905.9960425
1725351905.9973223
1725351906.1483424
1725351906.1488073
1725351906.1493168
1725351906.2025301
1725351906.2515216
1725351906.2854686
1725351906.2910576
1725351906.2917721
1725351906.3134065
1725351906.3145509
1725351906.321423
1725351906.3650022
1725351906.4054756
1725351906.4332118
1725351906.433743
1725351906.4345436
1725351906.476178
1725351906.52529
1725351906.5266657
1725351906.556056
1725351906.556802
1725351906.5577435
1725351906.5661273
1725351906.6183631
1725351906.6190581
1725351906.727919
1725351906.7493875
1725351906.8265765
1725351906.827536
1725351906.8303418
1725351906.8489597
1725351906.8598132
1725351906.8605828
1725351906.8611894
1725351906.8786144
1725351906.8793933
1725351906.879879
1725351906.9304144
1725351906.9312317
1725351906.9488947
1725351906.949591
1725351906.9500399
1725351906.9581096
1725351906.9657216
1725351906.9667475
1725351907.0896049
1725351907.0903528
1725351907.1791537
1725351907.1799839
1725351907.1884563
1725351907.1892054
1725351907.189846
1725351907.2086833
1725351907.2322423
1725351907.242435
1725351907.2525976
1725351907.2541525
1725351907.2692535
1725351907.2697883
1725351907.3541644
1725351907.4164038
1725351907.4164236
1725351907.4165199
1725351907.4166455
1725351907.4413998
1725351907.5215318
1725351907.5571535
1725351907.603972
1725351907.6750164
1725351907.6763577
1725351907.7631924
1725351907.8445003
1725351907.8454485
1725351907.8535995
1725351907.8540537
1725351907.8604555
1725351907.8676932
1725351907.8684664
1725351907.8689318
1725351907.8724701
1725351907.8742423
1725351907.8905544
1725351907.8913753
1725351907.9103467
1725351907.9384012
1725351907.9396906
1725351907.94015
1725351908.001492
1725351908.0801468
1725351908.1117675
1725351908.1123078
1725351908.112962
1725351908.1527808
1725351908.1536796
1725351908.1939702
1725351908.1952057
1725351908.2113938
1725351908.212351
1725351908.2129683
1725351908.237237
1725351908.2377071
1725351908.2967267
1725351908.305093
1725351908.3056614
1725351908.3069415
1725351908.3134732
1725351908.3139377
1725351908.314595
1725351908.346543
1725351908.3473847
1725351908.3482091
1725351908.4227407
1725351908.4232328
1725351908.4368334
1725351908.4385514
1725351908.4543686
1725351908.4560552
1725351908.4578998
1725351908.4591856
1725351908.466337
1725351908.4787173
1725351908.544598
1725351908.5450413
1725351908.5929575
1725351908.594052
1725351908.641132
1725351908.6417148
1725351908.6727433
1725351908.6827552
1725351908.7018313
1725351908.7026095
1725351908.7031713
1725351908.7873628
1725351908.787812
1725351908.7882507
1725351908.7894304
1725351908.8472328
1725351908.8555365
1725351908.8574204
1725351908.8589177
1725351908.865661
1725351908.9217908
1725351908.9225762
1725351908.933771
1725351908.9441702
1725351908.94506
1725351908.946622
1725351909.0647683
1725351909.065355
1725351909.1371698
1725351909.1376088
1725351909.1393547
1725351909.174403
1725351909.1755383
1725351909.2022443
1725351909.2030137
1725351909.2364247
1725351909.2383
1725351909.2479646
1725351909.297991
1725351909.2987227
1725351909.2993915
1725351909.384055
1725351909.390956
1725351909.3917494
1725351909.4080503
1725351909.4156976
1725351909.451791
1725351909.4526746
1725351909.471273
1725351909.4719937
1725351909.5352232
1725351909.562329
1725351909.5628545
1725351909.5645022
1725351909.577789
1725351909.7178366
1725351909.718673
1725351909.7204232
1725351909.745324
1725351909.7460704
1725351909.768222
1725351909.808481
1725351909.8214734
1725351909.8224888
1725351909.823095
1725351909.833627
1725351909.840894
1725351909.8495104
1725351909.8568199
1725351909.8578243
1725351909.8746276
1725351909.8771882
1725351909.878387
1725351909.8991148
1725351909.909822
1725351909.9115977
1725351909.9131315
1725351909.9184582
1725351909.919085
1725351909.9195616
1725351909.9368107
1725351909.9372725
1725351909.9377532
1725351909.9411135
1725351910.0900726
1725351910.091373
1725351910.2065382
1725351910.207987
1725351910.2150338
1725351910.2174704
1725351910.2278228
1725351910.2296782
1725351910.2370276
1725351910.2414985
1725351910.257042
1725351910.257494
1725351910.2585392
1725351910.2637043
1725351910.3066213
1725351910.3081322
1725351910.3085642
1725351910.350058
1725351910.4080238
1725351910.4101207
1725351910.4109077
1725351910.4298642
1725351910.4304082
1725351910.4310195
1725351910.6161282
1725351910.6211765
1725351910.6277592
1725351910.6277852
1725351910.6278017
1725351910.6278746
1725351910.6668298
1725351910.6732078
1725351910.7390194
1725351910.7563546
1725351910.8139584
1725351910.8148274
1725351910.8264883
1725351910.8498974
1725351910.8504024
1725351910.8509388
1725351910.8714004
1725351910.9183657
1725351910.9194484
1725351910.9316106
1725351910.9323747
1725351910.9331295
1725351911.1224694
1725351911.289638
1725351911.3953211
1725351911.4040954
1725351911.4047918
1725351911.405246
1725351911.4125748
1725351911.4146633
1725351911.416179
1725351911.4440072
1725351911.4448638
1725351911.44762
1725351911.4665282
1725351911.4671042
1725351911.5002275
1725351911.5012178
1725351911.501935
1725351911.5110488
1725351911.511603
1725351911.512083
1725351911.512884
1725351911.522558
1725351911.523299
1725351911.581536
1725351911.6654058
1725351911.6957657
1725351911.744671
1725351911.745752
1725351911.7466044
1725351911.7798772
1725351911.7810993
1725351911.7832575
1725351911.783909
1725351911.8188164
1725351911.8195052
1725351911.8201222
1725351911.8377848
1725351911.8382463
1725351911.8466704
1725351911.852331
1725351911.853414
1725351911.8555171
1725351911.8635683
1725351911.8649547
1725351911.9171607
1725351911.9404576
1725351912.0860176
1725351912.0864568
1725351912.0873876
1725351912.268873
1725351912.2807162
1725351912.28131
1725351912.2836986
1725351912.284869
1725351912.3675847
1725351912.369289
1725351912.3765416
1725351912.3779857
1725351912.4091
1725351912.409791
1725351912.442971
1725351912.4434378
1725351912.4559758
1725351912.4567618
1725351912.5773096
1725351912.5789053
1725351912.5959003
1725351912.5967686
1725351912.600022
1725351912.6033044
1725351912.653179
1725351912.653638
1725351912.6540837
1725351912.718609
1725351912.7225742
1725351912.7575707
1725351912.7595234
1725351912.7599885
1725351912.7608852
1725351912.7691944
1725351912.7696636
1725351912.7722504
1725351912.780182
1725351912.7808583
1725351912.8577132
1725351912.8588874
1725351912.8596265
1725351912.9591796
1725351912.998871
1725351913.000309
1725351913.009662
1725351913.0620358
1725351913.0624974
1725351913.1448445
1725351913.1477208
1725351913.1484509
1725351913.1511042
1725351913.18888
1725351913.2018096
1725351913.2046704
1725351913.2052166
1725351913.2056746
1725351913.2284167
1725351913.2303097
1725351913.3007529
1725351913.3013396
1725351913.301803
1725351913.3324795
1725351913.371412
1725351913.3723557
1725351913.4004474
1725351913.4120538
1725351913.4129736
1725351913.4138236
1725351913.4789374
1725351913.487613
1725351913.4881577
1725351913.5408554
1725351913.542175
1725351913.5817058
1725351913.5828233
1725351913.583858
1725351913.820589
1725351913.8390887
1725351913.8398273
1725351913.8412042
1725351913.9222584
1725351913.9231157
1725351913.9366484
1725351913.937325
1725351913.9583354
1725351913.9670434
1725351913.9678564
1725351914.0234475
1725351914.0240977
1725351914.0245528
1725351914.044399
1725351914.1310625
1725351914.1314993
1725351914.1321359
1725351914.1443808
1725351914.202606
1725351914.203726
1725351914.2287226
1725351914.229727
1725351914.2303858
1725351914.2513797
1725351914.2518272
1725351914.3165805
1725351914.3171608
1725351914.3171883
1725351914.4430778
1725351914.443145
1725351914.5368376
1725351914.6065352
1725351914.7378235
1725351914.7628167
1725351914.7658339
1725351914.7664297
1725351914.7770135
1725351914.7781475
1725351914.7811131
1725351914.781874
1725351914.808722
1725351914.817422
1725351914.8181868
1725351914.8190615
1725351914.8669307
1725351914.942284
1725351914.9437757
1725351915.1385357
1725351915.139576
1725351915.1680677
1725351915.1728723
1725351915.173401
1725351915.174204
1725351915.1944902
1725351915.1955192
1725351915.199466
1725351915.2606301
1725351915.3405216
1725351915.3409946
1725351915.3424628
1725351915.3692327
1725351915.3698347
1725351915.3703117
1725351915.3838105
1725351915.385685
1725351915.3861911
1725351915.5016065
1725351915.5024807
1725351915.5217383
1725351915.5455358
1725351915.6245131
1725351915.6252592
1725351915.6262581
1725351915.6606135
1725351915.6614091
1725351915.6618674
1725351915.662897
1725351915.680753
1725351915.6817799
1725351915.7307436
1725351915.828573
1725351915.8748724
1725351915.8757067
1725351915.8768907
1725351915.8894136
1725351915.8966684
1725351915.8972144
1725351916.0197568
1725351916.026823
1725351916.0275724
1725351916.0596578
1725351916.062342
1725351916.1088867
1725351916.109794
1725351916.11058
1725351916.2134745
1725351916.2150743
1725351916.2164059
1725351916.2822683
1725351916.2841492
1725351916.2846398
1725351916.293269
1725351916.3538647
1725351916.3550313
1725351916.3884852
1725351916.4581747
1725351916.4990506
1725351916.4995556
1725351916.500163
1725351916.5102863
1725351916.5119436
1725351916.5124335
1725351916.52324
1725351916.524841
1725351916.6682544
1725351916.6690326
1725351916.6700802
1725351916.673315
1725351916.765724
1725351916.7666788
1725351916.7853649
1725351916.788425
1725351916.8551
1725351916.8570342
1725351916.8581166
1725351916.8585794
1725351916.9040995
1725351916.9048548
1725351916.9557996
1725351916.9566104
1725351917.039908
1725351917.0441034
1725351917.044582
1725351917.2044652
1725351917.2120438
1725351917.2351742
1725351917.236674
1725351917.3022664
1725351917.3199136
1725351917.3217587
1725351917.3224537
1725351917.324916
1725351917.3711421
1725351917.3888578
1725351917.3968148
1725351917.3982964
1725351917.5884533
1725351917.589361
1725351917.5902774
1725351917.6834888
1725351917.692238
1725351917.6934118
1725351917.6938865
1725351917.7307677
1725351917.7316122
1725351917.7326481
1725351917.7337017
1725351917.882428
1725351917.8843482
1725351917.890521
1725351917.891066
1725351917.9045026
1725351917.911224
1725351917.9118896
1725351917.912992
1725351917.9188628
1725351917.9195538
1725351917.9202113
1725351917.9308717
1725351917.931306
1725351918.0878687
1725351918.0901337
1725351918.0918863
1725351918.151617
1725351918.1677656
1725351918.1684456
1725351918.1691337
1725351918.1695952
1725351918.204723
1725351918.205606
1725351918.2095468
1725351918.2106063
1725351918.218757
1725351918.2400472
1725351918.2408712
1725351918.2414732
1725351918.246014
1725351918.2469335
1725351918.3098598
1725351918.3455572
1725351918.3491256
1725351918.3517022
1725351918.358268
1725351918.359091
1725351918.3875206
1725351918.387966
1725351918.3885615
1725351918.4384925
1725351918.5313387
1725351918.532614
1725351918.5326452
1725351918.5326707
1725351918.5327346
1725351918.5773242
1725351918.7173092
1725351918.7299216
1725351918.9463506
1725351919.0183802
1725351919.0193644
1725351919.065981
1725351919.147279
1725351919.1477458
1725351919.1482675
1725351919.4447007
1725351919.4503853
1725351919.4572382
1725351919.4581513
1725351919.4664779
1725351919.467972
1725351919.5389912
1725351919.5399733
1725351919.5946326
1725351919.596232
1725351919.6078355
1725351919.6105833
1725351919.611623
1725351919.6220007
1725351919.622516
1725351919.6237411
1725351919.6251192
1725351919.6397042
1725351919.6468477
1725351919.6484985
1725351919.6496298
1725351919.6504955
1725351919.658065
1725351919.7537508
1725351919.8956559
1725351919.9736812
1725351919.9756255
1725351919.97657
1725351919.981007
1725351919.9903104
1725351920.092216
1725351920.092993
1725351920.0958393
1725351920.1296377
1725351920.1422966
1725351920.1446319
1725351920.1559613
1725351920.1572976
1725351920.1649368
1725351920.1663759
1725351920.167617
1725351920.2600412
1725351920.2606864
1725351920.2611337
1725351920.3210378
1725351920.572355
1725351920.5805736
1725351920.5816844
1725351920.694204
1725351920.7787254
1725351920.8167949
1725351920.8176093
1725351920.8251238
1725351920.8263135
1725351920.8885152
1725351920.8890905
1725351920.8898156
1725351920.910348
1725351921.012209
1725351921.098183
1725351921.099009
1725351921.0996027
1725351921.103332
1725351921.1040554
1725351921.3521924
1725351921.370967
1725351921.37962
1725351921.3801622
1725351921.3813233
1725351921.4353433
1725351921.4620335
1725351921.4624803
1725351921.4796686
1725351921.4814906
1725351921.496897
1725351921.5260634
1725351921.52714
1725351921.5410278
1725351921.5416284
1725351921.62644
1725351921.6269019
1725351921.6276596
1725351921.699201
1725351921.7117393
1725351921.7127607
1725351921.715945
1725351921.7734752
1725351921.7740254
1725351921.7750602
1725351921.8314133
1725351921.832409
1725351921.8534627
1725351921.8545334
1725351921.8567507
1725351921.8573813
1725351921.864223
1725351921.8713796
1725351921.872394
1725351921.8921323
1725351921.895663
1725351921.8963294
1725351921.897281
1725351921.903804
1725351921.9049168
1725351921.9078395
1725351921.9085624
1725351921.909026
1725351921.9203758
1725351921.9247184
1725351921.9257226
1725351921.9348946
1725351921.9833646
1725351921.983933
1725351922.0127294
1725351922.0131814
1725351922.0460975
1725351922.0467916
1725351922.0473921
1725351922.1321056
1725351922.1344488
1725351922.136044
1725351922.2258875
1725351922.2370198
1725351922.2374868
1725351922.2384446
1725351922.2517262
1725351922.2540073
1725351922.2935195
1725351922.294586
1725351922.2979488
1725351922.2996018
1725351922.310308
1725351922.3116677
1725351922.3212342
1725351922.3223917
1725351922.3422277
1725351922.4243927
1725351922.4249709
1725351922.425638
1725351922.4479463
1725351922.5196939
1725351922.5203748
1725351922.5214114
1725351922.521943
1725351922.5602572
1725351922.5636427
1725351922.5645287
1725351922.5858963
1725351922.587872
1725351922.5994534
1725351922.6002774
1725351922.6008525
1725351922.7592356
1725351922.816492
1725351922.8166146
1725351922.816763
1725351922.8170211
1725351922.862302
1725351922.9352627
1725351922.9940197
1725351922.9945827
1725351923.110326
1725351923.1109278
1725351923.1313229
1725351923.1318243
1725351923.1389158
1725351923.1400933
1725351923.196171
1725351923.2038035
1725351923.2053843
1725351923.212214
1725351923.2497742
1725351923.2501776
1725351923.2726717
1725351923.291702
1725351923.2930963
1725351923.3256168
1725351923.3264356
1725351923.3275723
1725351923.413152
1725351923.4139483
1725351923.484999
1725351923.5292516
1725351923.5309806
1725351923.5323935
1725351923.5332177
1725351923.5347621
1725351923.577211
1725351923.578131
1725351923.5919766
1725351923.6327946
1725351923.6340427
1725351923.6415355
1725351923.6423852
1725351923.6549482
1725351923.6572838
1725351923.6611521
1725351923.6650376
1725351923.6848502
1725351923.6856186
1725351923.6864724
1725351923.7117388
1725351923.7310028
1725351923.7316957
1725351923.7331188
1725351923.7360442
1725351924.010217
1725351924.0109143
1725351924.1083028
1725351924.1352398
1725351924.1357143
1725351924.1366823
1725351924.1991239
1725351924.4246144
1725351924.4262888
1725351924.4679227
1725351924.610188
1725351924.6108518
1725351924.6965544
1725351924.7827678
1725351924.7863
1725351924.787003
1725351924.7981906
1725351924.7993956
1725351924.885839
1725351924.8981574
1725351924.898827
1725351924.8997355
1725351924.9348114
1725351924.935882
1725351924.9418533
1725351924.9471743
1725351924.9910314
1725351924.9919147
1725351924.9938636
1725351924.9958172
1725351925.0876515
1725351925.08805
1725351925.1746738
1725351925.176309
1725351925.212629
1725351925.283582
1725351925.3333023
1725351925.3349593
1725351925.335438
1725351925.3770132
1725351925.4010842
1725351925.401755
1725351925.4789197
1725351925.4998024
1725351925.5002577
1725351925.5007381
1725351925.501225
1725351925.5034437
1725351925.5042844
1725351925.6756072
1725351925.6760464
1725351925.6792881
1725351925.7722867
1725351925.7761312
1725351925.7967157
1725351925.7976577
1725351925.8222344
1725351925.823027
1725351925.8234715
1725351925.8792505
1725351925.880316
1725351925.921976
1725351925.9226117
1725351925.9234648
1725351925.9917703
1725351925.9935577
1725351926.0437496
1725351926.051115
1725351926.216807
1725351926.2172403
1725351926.2588015
1725351926.327995
1725351926.3805308
1725351926.3811033
1725351926.3818595
1725351926.3995829
1725351926.4026089
1725351926.4034114
1725351926.4436822
1725351926.4456995
1725351926.4845464
1725351926.4859781
1725351926.514586
1725351926.51585
1725351926.52825
1725351926.5295079
1725351926.5757523
1725351926.5763364
1725351926.5879643
1725351926.6253264
1725351926.6261725
1725351926.6269176
1725351926.6659737
1725351926.6681743
1725351926.6758587
1725351926.6772673
1725351926.6849203
1725351926.6855075
1725351926.720018
1725351926.7315817
1725351926.7322335
1725351926.7430675
1725351926.743458
1725351926.7440162
1725351926.76679
1725351926.7989056
1725351926.7998915
1725351926.9141643
1725351926.9207954
1725351926.9225464
1725351926.945842
1725351926.9461424
1725351926.9464238
1725351927.0359862
1725351927.036668
1725351927.0372663
1725351927.0373466
1725351927.0374606
1725351927.129517
1725351927.1547112
1725351927.1781158
1725351927.219242
1725351927.2942865
1725351927.2949445
1725351927.2967167
1725351927.3106322
1725351927.3123424
1725351927.3254447
1725351927.3280964
1725351927.365799
1725351927.3662624
1725351927.4922225
1725351927.4977689
1725351927.4985664
1725351927.4991598
1725351927.4999413
1725351927.5328794
1725351927.5696828
1725351927.5904624
1725351927.6039197
1725351927.6046488
1725351927.6052978
1725351927.6057742
1725351927.61463
1725351927.6213396
1725351927.6219404
1725351927.6230218
1725351927.6546447
1725351927.687758
1725351927.6886644
1725351927.7363214
1725351927.7373626
1725351927.7663026
1725351927.7786283
1725351927.7818036
1725351927.7822933
1725351927.7873883
1725351927.8065577
1725351927.8078542
1725351927.8085096
1725351927.8137994
1725351927.8156435
1725351927.828578
1725351927.8569646
1725351927.9284637
1725351927.9295776
1725351927.9309187
1725351927.9315054
1725351927.9518507
1725351927.9525301
1725351928.003268
1725351928.030579
1725351928.0313516
1725351928.0324273
1725351928.104765
1725351928.106018
1725351928.1143506
1725351928.1162806
1725351928.1305835
1725351928.1313467
1725351928.1691227
1725351928.2010732
1725351928.2015421
1725351928.2024407
1725351928.203272
1725351928.2504776
1725351928.319546
1725351928.3209648
1725351928.3801894
1725351928.3973873
1725351928.3978817
1725351928.3983655
1725351928.3993492
1725351928.4155462
1725351928.415983
1725351928.4348185
1725351928.4766657
1725351928.4858246
1725351928.4942896
1725351928.6707063
1725351928.696942
1725351928.7051103
1725351928.7094846
1725351928.7105453
1725351928.7317188
1725351928.7326906
1725351928.7332435
1725351928.739415
1725351928.748213
1725351928.749154
1725351928.7633014
1725351928.7639825
1725351928.7655907
1725351928.7753024
1725351928.776046
1725351928.801644
1725351928.8117058
1725351928.8190622
1725351928.8206017
1725351929.0054202
1725351929.006186
1725351929.0159957
1725351929.0184984
1725351929.0197127
1725351929.0324373
1725351929.0414345
1725351929.042114
1725351929.0425868
1725351929.0665421
1725351929.0794775
1725351929.1563148
1725351929.1567793
1725351929.157334
1725351929.1653616
1725351929.165797
1725351929.1732335
1725351929.174746
1725351929.1988235
1725351929.1996706
1725351929.240244
1725351929.2405372
1725351929.2636774
1725351929.287254
1725351929.2877858
1725351929.2902606
1725351929.33892
1725351929.3603745
1725351929.3609927
1725351929.3615572
1725351929.3643246
1725351929.388292
1725351929.388914
1725351929.389828
1725351929.4431927
1725351929.4436681
1725351929.4445386
1725351929.4465702
1725351929.448129
1725351929.536337
1725351929.5366724
1725351929.605821
1725351929.6067662
1725351929.6073546
1725351929.6096854
1725351929.7333844
1725351929.7342358
1725351929.7409775
1725351929.786317
1725351929.7875764
1725351929.7944832
1725351929.796042
1725351929.796766
1725351929.9014857
1725351929.902063
1725351929.9331386
1725351929.9337802
1725351929.9338682
1725351929.9339468
1725351929.934073
1725351929.9626217
1725351930.1007073
1725351930.101236
1725351930.3128393
1725351930.313188
1725351930.3135128
1725351930.4021971
1725351930.4029043
1725351930.4103377
1725351930.412556
1725351930.5442953
1725351930.6224046
1725351930.6250143
1725351930.7370512
1725351930.7380393
1725351930.7387302
1725351930.800983
1725351930.887564
1725351930.890022
1725351930.9054186
1725351930.9074378
1725351930.9367719
1725351930.9395657
1725351930.9413645
1725351930.9418263
1725351931.0388727
1725351931.0401485
1725351931.1415987
1725351931.1681612
1725351931.1693687
1725351931.3331368
1725351931.3733182
1725351931.3739462
1725351931.374523
1725351931.3751645
1725351931.3899992
1725351931.3912523
1725351931.4596555
1725351931.4600794
1725351931.46055
1725351931.4901335
1725351931.4981177
1725351931.5507474
1725351931.641704
1725351931.6424756
1725351931.6534588
1725351931.658442
1725351931.6593754
1725351931.6663716
1725351931.6824713
1725351931.6835961
1725351931.6840394
1725351931.714451
1725351931.7463803
1725351931.7472825
1725351931.7600474
1725351931.7618203
1725351931.805208
1725351931.8321173
1725351931.8329854
1725351931.8581953
1725351931.859559
1725351931.8717563
1725351931.8724308
1725351931.922255
1725351931.9634602
1725351931.964057
1725351931.9645374
1725351932.0197513
1725351932.0459929
1725351932.0482736
1725351932.1829164
1725351932.1844428
1725351932.1927922
1725351932.3479326
1725351932.3566983
1725351932.3575044
1725351932.3582687
1725351932.3856306
1725351932.4122176
1725351932.4219222
1725351932.4234726
1725351932.4240987
1725351932.5362558
1725351932.53727
1725351932.5378273
1725351932.608816
1725351932.6101627
1725351932.6108177
1725351932.666049
1725351932.6669583
1725351932.6678548
1725351932.6833308
1725351932.6841402
1725351932.7583055
1725351932.9952307
1725351932.9959567
1725351932.9964406
1725351933.1759825
1725351933.1764188
1725351933.180312
1725351933.2642505
1725351933.2679276
1725351933.3034682
1725351933.3039184
1725351933.3043976
1725351933.3206458
1725351933.3378384
1725351933.3396068
1725351933.3401182
1725351933.3459365
1725351933.348218
1725351933.350161
1725351933.6984186
1725351933.698844
1725351934.1600344
1725351934.1606078
1725351934.1612098
1725351934.1640413
1725351934.2599864
1725351934.2687101
1725351934.2825112
1725351934.2849925
1725351934.2963083
1725351934.2969673
1725351934.298065
1725351934.338349
1725351934.3388524
1725351934.42458
1725351934.4314895
1725351934.4320655
1725351934.4455452
1725351934.4460342
1725351934.4465
1725351934.5023038
1725351934.5028775
1725351934.5034337
1725351934.5225835
1725351934.5260851
1725351934.542343
1725351934.5429807
1725351934.5716534
1725351934.573643
1725351934.574991
1725351934.5754492
1725351934.5978215
1725351934.7011375
1725351934.7028935
1725351934.7029216
1725351934.7029479
1725351934.7029986
1725351934.7149289
1725351934.8512745
1725351934.898002
1725351934.9062517
1725351934.9075313
1725351934.9199543
1725351934.9241245
1725351934.926424
1725351934.9720566
1725351934.9729197
1725351934.9988658
1725351935.0022976
1725351935.0029206
1725351935.0533319
1725351935.0546098
1725351935.0554862
1725351935.1263702
1725351935.1897204
1725351935.214107
1725351935.2392428
1725351935.2397249
1725351935.2406301
1725351935.2432191
1725351935.288634
1725351935.3261824
1725351935.3693998
1725351935.4014323
1725351935.4027452
1725351935.4847734
1725351935.4853828
1725351935.495677
1725351935.4966235
1725351935.619489
1725351935.6318202
1725351935.632837
1725351935.6333392
1725351935.6395261
1725351935.6414618
1725351935.7028308
1725351935.7258222
1725351935.7350624
1725351935.7360933
1725351935.755951
1725351935.757429
1725351935.8454359
1725351935.8461218
1725351935.8758476
1725351935.8769624
1725351935.8776114
1725351935.942793
1725351935.9440148
1725351936.0510795
1725351936.0516782
1725351936.1113918
1725351936.1121445
1725351936.119204
1725351936.2008755
1725351936.2177658
1725351936.2197456
1725351936.220544
1725351936.2465107
1725351936.2782543
1725351936.2785366
1725351936.3668907
1725351936.375397
1725351936.3776991
1725351936.449201
1725351936.4506245
1725351936.7800074
1725351936.7806513
1725351936.8609252
1725351936.95232
1725351936.9534967
1725351936.984162
1725351936.9851356
1725351936.987816
1725351937.0634508
1725351937.0640106
1725351937.064793
1725351937.0653598
1725351937.1024876
1725351937.1238506
1725351937.124659
1725351937.1253726
1725351937.148543
1725351937.1495745
1725351937.1508694
1725351937.1524231
1725351937.343606
1725351937.4369218
1725351937.626696
1725351937.6277378
1725351937.6634777
1725351937.6644893
1725351937.6651914
1725351937.6893775
1725351937.7094655
1725351937.7185948
1725351937.7194276
1725351937.7468855
1725351937.7486866
1725351937.7783217
1725351937.7798176
1725351937.7906084
1725351937.8214161
1725351937.8461623
1725351937.9106824
1725351937.9112897
1725351937.9121706
1725351937.9615579
1725351937.9687643
1725351938.0460045
1725351938.1701152
1725351938.1726916
1725351938.1875718
1725351938.23761
1725351938.246967
1725351938.2474442
1725351938.2496755
1725351938.2707226
1725351938.4275215
1725351938.4498281
1725351938.450992
1725351938.4514816
1725351938.4720216
1725351938.4806464
1725351938.4811263
1725351938.486529
1725351938.4876845
1725351938.4970243
1725351938.5073984
1725351938.5082142
1725351938.5089352
1725351938.56726
1725351938.5763276
1725351938.5767684
1725351938.587427
1725351938.6068976
1725351938.6076667
1725351938.609079
1725351938.6189556
1725351938.6208148
1725351938.6216607
1725351938.7504132
1725351938.9135478
1725351938.9148397
1725351938.9156013
1725351939.0330772
1725351939.0337179
1725351939.2490351
1725351939.2508368
1725351939.2519457
1725351939.2532263
1725351939.3265488
1725351939.327716
1725351939.3456604
1725351939.3461509
1725351939.3466306
1725351939.3542347
1725351939.5917222
1725351939.591763
1725351939.5917885
1725351939.5918431
1725351939.7582388
1725351939.9050293
1725351939.9534297
1725351939.955608
1725351940.0511398
1725351940.145908
1725351940.147079
1725351940.1486313
1725351940.1563587
1725351940.2124975
1725351940.2538636
1725351940.25582
1725351940.2649393
1725351940.2657487
1725351940.3747036
1725351940.3815882
1725351940.4829965
1725351940.4839196
1725351940.626166
1725351940.6270034
1725351940.6503482
1725351940.6511872
1725351940.7037222
1725351940.7056775
1725351940.7204967
1725351940.7350528
1725351940.7366385
1725351940.7437418
1725351940.7448502
1725351940.745303
1725351940.797951
1725351940.8149233
1725351940.8163965
1725351940.817325
1725351940.8253317
1725351940.8260462
1725351940.8372927
1725351940.838252
1725351940.8667285
1725351941.0392983
1725351941.099207
1725351941.0996642
1725351941.1001167
1725351941.1358826
1725351941.1432025
1725351941.2125328
1725351941.2129889
1725351941.2135675
1725351941.220435
1725351941.2211437
1725351941.2219431
1725351941.2340608
1725351941.2357624
1725351941.2494278
1725351941.2501597
1725351941.2508814
1725351941.2706375
1725351941.3465855
1725351941.476913
1725351941.47835
1725351941.4899223
1725351941.4922578
1725351941.4926805
1725351941.622319
1725351941.6235318
1725351941.62428
1725351941.6457205
1725351941.646158
1725351941.6867318
1725351941.6879818
1725351941.6909235
1725351941.6917915
1725351941.711724
1725351941.7128592
1725351941.7132778
1725351941.7286575
1725351941.7299483
1725351941.7456846
1725351941.7469585
1725351941.7918184
1725351941.7929308
1725351941.7935567
1725351941.7968755
1725351941.7989378
1725351941.812234
1725351941.8205092
1725351941.8210049
1725351941.8214808
1725351941.9632952
1725351941.9640973
1725351941.9702992
1725351941.9717512
1725351941.973035
1725351942.056446
1725351942.0574162
1725351942.05835
1725351942.0745344
1725351942.0763228
1725351942.0926895
1725351942.0948358
1725351942.104165
1725351942.105928
1725351942.1258738
1725351942.1263335
1725351942.127592
1725351942.13916
1725351942.1410794
1725351942.141551
1725351942.1900556
1725351942.1905172
1725351942.1962836
1725351942.2454302
1725351942.2459857
1725351942.246769
1725351942.252542
1725351942.2530472
1725351942.287716
1725351942.2888913
1725351942.3036692
1725351942.3050873
1725351942.3807404
1725351942.389373
1725351942.3903348
1725351942.3915768
1725351942.3920476
1725351942.5284884
1725351942.529482
1725351942.530194
1725351942.5487719
1725351942.5500188
1725351942.551446
1725351942.557217
1725351942.5576828
1725351942.559651
1725351942.562875
1725351942.5634446
1725351942.5639856
1725351942.60406
1725351942.626588
1725351942.6271677
1725351942.6276524
1725351942.6284583
1725351942.6290333
1725351942.6519527
1725351942.6557205
1725351942.6562512
1725351942.6960022
1725351942.6967626
1725351942.7015033
1725351942.702256
1725351942.7436259
1725351942.8455563
1725351942.8965752
1725351942.909193
1725351942.9097188
1725351942.910241
1725351942.9107726
1725351942.9112792
1725351942.911988
1725351942.9853454
1725351942.9934528
1725351942.993482
1725351942.9935048
1725351942.9935663
1725351943.1403399
1725351943.3719773
1725351943.4142294
1725351943.4160326
1725351943.5180914
1725351943.5192978
1725351943.6660588
1725351943.6941593
1725351943.6951218
1725351943.8275607
1725351943.8288875
1725351943.9544122
1725351944.0496256
1725351944.1376498
1725351944.1409595
1725351944.1414254
1725351944.1424935
1725351944.1435542
1725351944.1968796
1725351944.1985998
1725351944.223777
1725351944.2242074
1725351944.2393851
1725351944.2721012
1725351944.272563
1725351944.2732556
1725351944.3515038
1725351944.3528435
1725351944.462977
1725351944.4635077
1725351944.4678943
1725351944.4683895
1725351944.5046148
1725351944.6078584
1725351944.621221
1725351944.6217322
1725351944.622135
1725351944.6473124
1725351944.647733
1725351944.6481667
1725351944.6488605
1725351944.6726937
1725351944.7759826
1725351944.8189154
1725351944.819309
1725351944.8322184
1725351944.842448
1725351944.843431
1725351944.867278
1725351944.8745105
1725351944.8750618
1725351944.8774507
1725351944.9132745
1725351944.9175155
1725351944.9880009
1725351945.0494778
1725351945.05156
1725351945.0540638
1725351945.1250892
1725351945.192274
1725351945.1943014
1725351945.1948066
1725351945.2011402
1725351945.2366357
1725351945.2390718
1725351945.253891
1725351945.2544088
1725351945.2548914
1725351945.2681758
1725351945.2685056
1725351945.2690592
1725351945.4553893
1725351945.4562483
1725351945.5268548
1725351945.5291314
1725351945.579221
1725351945.7026932
1725351945.7072933
1725351945.707406
1725351945.709421
1725351945.7240522
1725351945.8498695
1725351945.8500066
1725351945.8777504
1725351945.887419
1725351945.8876987
1725351945.8897626
1725351945.8898363
1725351945.9227185
1725351945.9246929
1725351945.925398
1725351945.9259503
1725351945.9387803
1725351945.938851
1725351945.9589682
1725351946.0160391
1725351946.0489433
1725351946.0494347
1725351946.0498672
1725351946.1523404
1725351946.1813366
1725351946.1817846
1725351946.2164938
1725351946.2240858
1725351946.225395
1725351946.2276835
1725351946.2733617
1725351946.2740684
1725351946.2847958
1725351946.28695
1725351946.2876153
1725351946.3548732
1725351946.355961
1725351946.3711858
1725351946.3720639
1725351946.3792915
1725351946.3805249
1725351946.4571562
1725351946.457709
1725351946.458442
1725351946.475167
1725351946.4858196
1725351946.4866383
1725351946.487405
1725351946.5598526
1725351946.5602767
1725351946.5617783
1725351946.5622485
1725351946.5675523
1725351946.5685327
1725351946.5738904
1725351946.5743272
1725351946.5801094
1725351946.5813115
1725351946.5819883
1725351946.6379836
1725351946.6443403
1725351946.6699388
1725351946.6722727
1725351946.6727073
1725351946.6731794
1725351946.681395
1725351946.701332
1725351946.7775834
1725351946.7780697
1725351946.7783732
1725351946.8894413
1725351946.9176488
1725351946.9193337
1725351946.9733016
1725351946.983022
1725351946.9834952
1725351946.9951458
1725351946.9983852
1725351946.9988215
1725351947.004161
1725351947.0058572
1725351947.0160575
1725351947.0171063
1725351947.0175686
1725351947.0202794
1725351947.045846
1725351947.0759082
1725351947.076312
1725351947.076751
1725351947.0807
1725351947.096172
1725351947.1045809
1725351947.1054919
1725351947.1064603
1725351947.1209848
1725351947.1213274
1725351947.143755
1725351947.1460137
1725351947.2040608
1725351947.2372735
1725351947.2829983
1725351947.2836933
1725351947.2846296
1725351947.3072236
1725351947.3079665
1725351947.380079
1725351947.3804448
1725351947.3818176
1725351947.3943567
1725351947.401233
1725351947.402188
1725351947.4468787
1725351947.4482448
1725351947.4574056
1725351947.4762888
1725351947.4774158
1725351947.4847856
1725351947.4849794
1725351947.4859493
1725351947.4934967
1725351947.5102282
1725351947.5152748
1725351947.5205827
1725351947.5215483
1725351947.5310678
1725351947.5311837
1725351947.5312743
1725351947.554679
1725351947.5579584
1725351947.5795739
1725351947.5872378
1725351947.605847
1725351947.6079867
1725351947.6541631
1725351947.6547074
1725351947.6558392
1725351947.6683547
1725351947.6967714
1725351947.6971903
1725351947.6977172
1725351947.7000866
1725351947.7364886
1725351947.7761137
1725351947.7771206
1725351947.7777755
1725351947.7790177
1725351947.7839797
1725351947.784399
1725351947.7968645
1725351947.7984087
1725351947.8313208
1725351947.8317804
1725351947.8329508
1725351947.8330524
1725351947.8511581
1725351947.8516734
1725351947.8521667
1725351947.878772
1725351947.8792608
1725351947.8797734
1725351947.8825202
1725351947.8828423
1725351947.8833027
1725351947.9053736
1725351947.9085596
1725351947.9086752
1725351947.9420729
1725351947.942821
1725351947.9435673
1725351947.985952
1725351947.9869134
1725351948.0039058
1725351948.0135176
1725351948.014025
1725351948.0357542
1725351948.0362532
1725351948.0372744
1725351948.0380297
1725351948.0678992
1725351948.0683184
1725351948.0698364
1725351948.0734885
1725351948.0751932
1725351948.0847712
1725351948.0850875
1725351948.1423447
1725351948.2120028
1725351948.2288547
1725351948.2292035
1725351948.2316175
1725351948.2454016
1725351948.2461283
1725351948.246218
1725351948.2463074
1725351948.2464387
1725351948.2717197
1725351948.3947682
1725351948.441724
1725351948.4578462
1725351948.4980965
1725351948.4989514
1725351948.5060928
1725351948.5068436
1725351948.516982
1725351948.5177612
1725351948.5313375
1725351948.5331695
1725351948.5637953
1725351948.5651217
1725351948.566982
1725351948.567388
1725351948.5694027
1725351948.6176698
1725351948.6180518
1725351948.6187396
1725351948.6501057
1725351948.6505117
1725351948.6509392
1725351948.6513166
1725351948.6578743
1725351948.658535
1725351948.6626596
1725351948.6638575
1725351948.6641958
1725351948.6650538
1725351948.6653786
1725351948.6664662
1725351948.69023
1725351948.6908355
1725351948.6912756
1725351948.6960862
1725351948.6964498
1725351948.697252
1725351948.7150805
1725351948.742345
1725351948.7701235
1725351948.7705264
1725351948.7797549
1725351948.7808797
1725351948.7812498
1725351948.7823272
1725351948.7829838
1725351948.7866094
1725351948.7869892
1725351948.8075223
1725351948.816798
1725351948.817267
1725351948.8178828
1725351948.8188457
1725351948.8409016
1725351948.842176
1725351948.8436635
1725351948.8599818
1725351948.8604803
1725351948.861147
1725351948.8620496
1725351948.8710394
1725351948.881966
1725351948.882918
1725351948.8834536
1725351948.8845322
1725351948.9060457
1725351948.9064474
1725351948.9072943
1725351948.9162714
1725351948.9171503
1725351948.9178612
1725351948.918422
1725351948.9316416
1725351948.9338133
1725351948.934237
1725351948.9457676
1725351948.9463558
1725351948.9472625
1725351948.9479496
1725351948.954238
1725351948.9547145
1725351948.955387
1725351948.9740837
1725351948.9749563
1725351949.0159886
1725351949.0178926
1725351949.0182302
1725351949.0244606
1725351949.0247679
1725351949.02571
1725351949.035277
1725351949.0356877
1725351949.0375683
1725351949.0379229
1725351949.04411
1725351949.044754
1725351949.0453453
1725351949.0462248
1725351949.114454
1725351949.1153193
1725351949.1165712
1725351949.1169095
1725351949.1172006
1725351949.117536
1725351949.1181424
1725351949.1604285
1725351949.1607277
1725351949.1613314
1725351949.1771922
1725351949.178005
1725351949.1786094
1725351949.1789827
1725351949.190125
1725351949.191528
1725351949.1927526
1725351949.1934924
1725351949.1981452
1725351949.1986434
1725351949.199434
1725351949.2000406
1725351949.209354
1725351949.2102563
1725351949.2109675
1725351949.2117124
1725351949.223838
1725351949.225156
1725351949.2263455
1725351949.2558641
1725351949.2561615
1725351949.256528
1725351949.257084
1725351949.2593205
1725351949.2595878
1725351949.2898223
1725351949.2903752
1725351949.2915502
1725351949.292033
1725351949.3080351
1725351949.3082628
1725351949.308552
1725351949.3094282
1725351949.3097048
1725351949.3220258
1725351949.3223262
1725351949.322418
1725351949.3236902
1725351949.3241365
1725351949.3324757
1725351949.3328931
1725351949.3331447
1725351949.3340683
1725351949.3398333
1725351949.3406487
1725351949.340929
1725351949.3416708
1725351949.3419948
1725351949.359229
1725351949.3601718
1725351949.3604896
1725351949.3609493
1725351949.3684413
1725351949.3692517
1725351949.3702874
1725351949.3713987
1725351949.3950174
1725351949.395591
1725351949.3971
1725351949.3973773
1725351949.4057863
1725351949.406518
1725351949.406543
1725351949.4065676
1725351949.4065986
1725351949.4079368
1725351949.4420013
1725351949.4557128
1725351949.4562573
1725351949.4568753
1725351949.457203
1725351949.4575777
1725351949.4590163
1725351949.4592483
1725351949.4599583
1725351949.460184
1725351949.4608135
1725351949.461353
1725351949.476912
1725351949.477179
1725351949.477497
1725351949.4780226
1725351949.551125
1725351949.5513442
1725351949.5521142
1725351949.5524216
1725351949.5526536
1725351949.5529563
1725351949.559908
1725351949.5608873
1725351949.5619326
1725351949.562575
1725351949.5630155
1725351949.5729053
1725351949.5740438
1725351949.5742729
1725351949.5744967
1725351949.5747726
1725351949.5751748
1725351949.5800548
1725351949.581284
1725351949.5817893
1725351949.5820215
1725351949.6274772
1725351949.6297295
1725351949.6307514
1725351949.6376872
1725351949.6384337
1725351949.639048
1725351949.6394045
1725351949.639796
1725351949.6516054
1725351949.6518416
1725351949.6521435
1725351949.65436
1725351949.6546085
1725351949.7279825
1725351949.7281854
1725351949.7284133
1725351949.7286487
1725351949.7292979
1725351949.7298656
1725351949.7360904
1725351949.7367208
1725351949.7371483
1725351949.7375414
1725351949.7518866
1725351949.7747746
1725351949.8134537
1725351949.8138947
1725351949.8141215
1725351949.814778
1725351949.8149893
1725351949.815756
1725351949.8179824
1725351949.8181794
1725351949.8188453
1725351949.868514
1725351949.8687153
1725351949.868908
1725351949.8690891
1725351949.8692763
1725351949.8694587
1725351949.8696468
1725351949.8868241
1725351949.8916922
1725351949.8920522
1725351949.8922644
1725351949.8924618
1725351949.9077866
1725351949.9079497
1725351949.910059
1725351949.9101284
1725351949.910393
1725351949.9107947
1725351949.9110143
1725351949.9402115
1725351949.9404874
1725351949.9411592
1725351949.9415426
1725351949.94173
1725351949.9420216
1725351949.9422462
1725351949.942753
1725351949.943296
1725351949.979342
1725351949.980756
1725351949.9809525
1725351949.981229
1725351949.9817545
1725351949.9819849
1725351950.009692
1725351950.0098972
1725351950.010077
1725351950.0102606
1725351950.0105948
1725351950.0113335
1725351950.0123062
1725351950.0241551
1725351950.0243247
1725351950.0245035
1725351950.0246832
1725351950.0248635
1725351950.0252333
1725351950.0281043
1725351950.028311
1725351950.0287418
1725351950.0290806
1725351950.0292757
1725351950.0422583
1725351950.0428996
1725351950.0437713
1725351950.043949
1725351950.044068
1725351950.0441885
1725351950.0452323
1725351950.051784
1725351950.0532722
1725351950.0539665
1725351950.055539
1725351950.0571597
1725351950.060371
1725351950.1293018
1725351950.1302986
1725351950.131214
1725351950.1326983
1725351950.1340637
1725351950.1680403
1725351950.1684988
1725351950.187087
1725351950.308245
1725351950.3341115
1725351950.3350885
1725351950.336353
1725351950.3379328
1725351950.339223
1725351950.3402548
1725351950.368915
1725351950.3700743
1725351950.371375
1725351950.3725648
1725351950.4550552
1725351950.4559107
1725351950.45703
1725351950.4916775
1725351950.4965897
1725351950.5365708
1725351950.5369923
1725351950.5383224
1725351950.5393636
1725351950.5946841
1725351950.628901
1725351950.6395476
1725351950.6415644
1725351950.717021
1725351950.7170491
1725351950.7184298
1725351950.720899
1725351950.7395701
1725351950.7922232
1725351950.7981267
1725351950.8155756
1725351950.8163614
1725351950.8721263
1725351950.9181201
1725351950.9187908
1725351951.000619
1725351951.017237
1725351951.01943
1725351951.0214162
1725351951.021846
1725351951.0228515
1725351951.023666
1725351951.0838766
1725351951.0895374
1725351951.1069307
1725351951.1082444
1725351951.1499658
1725351951.151524
1725351951.1526246
1725351951.1540747
1725351951.1918163
1725351951.2041783
1725351951.2253706
1725351951.2435992
1725351951.2828755
1725351951.3117597
1725351951.3129861
1725351951.3202295
1725351951.3202822
1725351951.4317505
1725351951.4325085
1725351951.4344354
1725351951.493983
1725351951.494466
1725351951.4951272
1725351951.5835354
1725351951.5914729
1725351951.594323
1725351951.6727974
1725351951.7705836
1725351951.775806
1725351951.7764142
1725351951.7796447
1725351951.7803676
1725351951.7814953
1725351951.82459
1725351951.8553464
1725351951.8682635
1725351951.8828483
1725351951.8833687
1725351951.884632
1725351951.9067574
1725351951.9093397
1725351951.9368634
1725351951.9423912
1725351952.0577157
1725351952.0595253
1725351952.0617564
1725351952.0635455
1725351952.0879917
1725351952.0889428
1725351952.0911071
1725351952.092221
1725351952.1550133
1725351952.1563396
1725351952.1893861
1725351952.191337
1725351952.216444
1725351952.2165687
1725351952.260695
1725351952.26113
1725351952.2620118
1725351952.2860734
1725351952.2877078
1725351952.2891805
1725351952.3305159
1725351952.3597002
1725351952.3776677
1725351952.3811452
1725351952.3820004
1725351952.4084446
1725351952.41528
1725351952.4410076
1725351952.4667008
1725351952.4954123
1725351952.4959474
1725351952.5227456
1725351952.5402226
1725351952.5455673
1725351952.5607004
1725351952.5757265
1725351952.59168
1725351952.605916
1725351952.6234732
1725351952.6391418
1725351952.671563
1725351952.6886187
