2024-09-03 16:26:24
../stream-replay/logs/stuttering-6207.txt
1725351892.0685732
1725351892.0690935
1725351892.0739732
1725351892.1026897
1725351892.103875
1725351892.1252446
1725351892.143521
1725351892.1569924
1725351892.171306
1725351892.2143235
1725351892.2150955
1725351892.218465
1725351892.244252
1725351892.2950063
1725351892.2959065
1725351892.2968845
1725351892.302927
1725351892.3531573
1725351892.3543134
1725351892.3548164
1725351892.3796825
1725351892.4381275
1725351892.441245
1725351892.4572346
1725351892.4636245
1725351892.4980736
1725351892.498294
1725351892.573045
1725351892.5819063
1725351892.6264632
1725351892.6285791
1725351892.6286027
1725351892.6286356
1725351892.6852176
1725351892.6886148
1725351892.7874267
1725351892.843269
1725351892.8447974
1725351892.8887358
1725351892.8897026
1725351892.9105768
1725351892.9114156
1725351892.9121249
1725351892.9140396
1725351892.9527662
1725351892.9549131
1725351892.9564312
1725351892.9628305
1725351892.9630115
1725351892.9634817
1725351893.0113678
1725351893.175268
1725351893.1759744
1725351893.266459
1725351893.2672849
1725351893.2683783
1725351893.424728
1725351893.4250073
1725351893.4291112
1725351893.500141
1725351893.5007799
1725351893.5016313
1725351893.5510843
1725351893.5517685
1725351893.5592287
1725351893.5601327
1725351893.5612657
1725351893.5871098
1725351893.5878983
1725351893.5886362
1725351893.6974456
1725351893.715352
1725351893.7160258
1725351893.7876434
1725351893.7884536
1725351893.7896445
1725351893.790151
1725351893.8605404
1725351893.8615203
1725351893.87027
1725351893.8706205
1725351893.904752
1725351893.9057343
1725351893.9059184
1725351893.9161174
1725351893.9199955
1725351893.9208174
1725351893.9922674
1725351893.9929588
1725351894.018468
1725351894.019966
1725351894.0222812
1725351894.0627394
1725351894.0652468
1725351894.0654087
1725351894.115393
1725351894.1155438
1725351894.1163154
1725351894.1182032
1725351894.2236123
1725351894.226065
1725351894.2269201
1725351894.2277308
1725351894.312339
1725351894.3128102
1725351894.3145535
1725351894.326145
1725351894.3278403
1725351894.3281257
1725351894.398591
1725351894.3992429
1725351894.3997495
1725351894.4942245
1725351894.496162
1725351894.606547
1725351894.6071353
1725351894.6091206
1725351894.6169317
1725351894.6184912
1725351894.6187599
1725351894.6989968
1725351894.708106
1725351894.7089698
1725351894.8226638
1725351894.9140313
1725351894.9169786
1725351894.9176605
1725351894.9186373
1725351894.943596
1725351894.9437351
1725351894.9526253
1725351894.9543536
1725351894.954735
1725351894.9621024
1725351894.9625864
1725351894.9638126
1725351895.003603
1725351895.0037336
1725351895.0145218
1725351895.0451813
1725351895.0458374
1725351895.046423
1725351895.0548007
1725351895.0871644
1725351895.0903423
1725351895.1405687
1725351895.141086
1725351895.1417124
1725351895.1422212
1725351895.1589673
1725351895.1610935
1725351895.173229
1725351895.1744008
1725351895.1752532
1725351895.1759565
1725351895.194002
1725351895.1955512
1725351895.297261
1725351895.327663
1725351895.32819
1725351895.3300087
1725351895.3304982
1725351895.3348725
1725351895.3353639
1725351895.3959045
1725351895.3991377
1725351895.4275744
1725351895.4287035
1725351895.4298265
1725351895.4375663
1725351895.4383106
1725351895.440226
1725351895.4876964
1725351895.4880877
1725351895.48924
1725351895.5724583
1725351895.573695
1725351895.5747175
1725351895.578899
1725351895.5938468
1725351895.5948582
1725351895.5953898
1725351895.6019542
1725351895.6198826
1725351895.6203926
1725351895.746544
1725351895.7473018
1725351895.748631
1725351895.7491086
1725351895.7800422
1725351895.7995644
1725351895.800398
1725351895.8019493
1725351895.835835
1725351895.836464
1725351895.837434
1725351895.8431127
1725351896.008824
1725351896.0099802
1725351896.0099998
1725351896.0100138
1725351896.0106096
1725351896.0206046
1725351896.025653
1725351896.2628
1725351896.2643995
1725351896.2760854
1725351896.2763019
1725351896.27781
1725351896.4294815
1725351896.4298072
1725351896.4318545
1725351896.4340625
1725351896.4476454
1725351896.4849029
1725351896.4859827
1725351896.486624
1725351896.516021
1725351896.517941
1725351896.5242941
1725351896.5459073
1725351896.5461276
1725351896.5465233
1725351896.5619066
1725351896.5624335
1725351896.5631933
1725351896.7140062
1725351896.7160263
1725351896.7227407
1725351896.7230208
1725351896.7243614
1725351896.7518353
1725351896.7545211
1725351896.7549133
1725351896.8552918
1725351896.9020536
1725351896.9026859
1725351896.9033897
1725351896.9040833
1725351896.9045615
1725351896.9089327
1725351897.0156696
1725351897.0295973
1725351897.0299308
1725351897.0302253
1725351897.0325196
1725351897.0328133
1725351897.0420527
1725351897.0435085
1725351897.0742579
1725351897.0745604
1725351897.074846
1725351897.078867
1725351897.1451125
1725351897.1751187
1725351897.1754055
1725351897.1763206
1725351897.196821
1725351897.1997685
1725351897.3521667
1725351897.352264
1725351897.367932
1725351897.369677
1725351897.3787892
1725351897.379726
1725351897.3943331
1725351897.3949664
1725351897.3957536
1725351897.4342978
1725351897.4351592
1725351897.4367278
1725351897.4886224
1725351897.4887505
1725351897.4952483
1725351897.5869977
1725351897.5876746
1725351897.5887535
1725351897.6031625
1725351897.6041
1725351897.6073387
1725351897.6144533
1725351897.6497533
1725351897.650303
1725351897.7434258
1725351897.7438972
1725351897.7719393
1725351897.7737103
1725351897.7743785
1725351897.8567996
1725351897.8581285
1725351897.9450164
1725351897.9461553
1725351897.947033
1725351897.9488342
1725351898.0532289
1725351898.0541115
1725351898.0794277
1725351898.0804253
1725351898.0806813
1725351898.2463822
1725351898.2470133
1725351898.2477522
1725351898.3022792
1725351898.3041615
1725351898.3328693
1725351898.3350499
1725351898.3474755
1725351898.3486075
1725351898.3487635
1725351898.3494864
1725351898.3548834
1725351898.356942
1725351898.3697233
1725351898.3707342
1725351898.3869746
1725351898.3870687
1725351898.3873708
1725351898.3987427
1725351898.4001148
1725351898.4025314
1725351898.4565132
1725351898.4582007
1725351898.458853
1725351898.4741492
1725351898.4763575
1725351898.488449
1725351898.4901042
1725351898.5053217
1725351898.5819333
1725351898.5830207
1725351898.5994134
1725351898.5999315
1725351898.6499639
1725351898.6509843
1725351898.6571605
1725351898.657732
1725351898.708882
1725351898.7094114
1725351898.7119071
1725351898.7349203
1725351898.7367506
1725351898.7721646
1725351898.7736986
1725351898.852384
1725351898.8531413
1725351898.8539453
1725351898.8548942
1725351898.8571286
1725351898.8771558
1725351898.9020047
1725351898.9037395
1725351898.9178193
1725351899.1475894
1725351899.1486926
1725351899.1497552
1725351899.1514566
1725351899.1995177
1725351899.2017741
1725351899.202785
1725351899.2252362
1725351899.225914
1725351899.2279027
1725351899.256449
1725351899.2580678
1725351899.2595105
1725351899.304015
1725351899.3085515
1725351899.3146296
1725351899.314722
1725351899.3147469
1725351899.3148096
1725351899.389523
1725351899.393407
1725351899.4370136
1725351899.4384995
1725351899.4407084
1725351899.4474518
1725351899.449902
1725351899.540532
1725351899.5412183
1725351899.5428233
1725351899.5498924
1725351899.6073036
1725351899.6079054
1725351899.6092494
1725351899.6114614
1725351899.6267107
1725351899.6334736
1725351899.7156377
1725351899.717167
1725351899.7185535
1725351899.7443404
1725351899.7448406
1725351899.95299
1725351899.9539502
1725351899.9560828
1725351900.0121214
1725351900.012887
1725351900.0156584
1725351900.0498433
1725351900.0520425
1725351900.0525975
1725351900.0527873
1725351900.1189365
1725351900.119678
1725351900.1211028
1725351900.123943
1725351900.1244674
1725351900.1388674
1725351900.1416821
1725351900.2042308
1725351900.2081254
1725351900.2912462
1725351900.2918894
1725351900.2952871
1725351900.2958252
1725351900.2963688
1725351900.348085
1725351900.349189
1725351900.3507638
1725351900.4538245
1725351900.4545038
1725351900.5347335
1725351900.5348258
1725351900.5356536
1725351900.5413723
1725351900.5430808
1725351900.6969182
1725351900.6985404
1725351900.6996953
1725351900.70107
1725351900.7195668
1725351900.7612705
1725351900.7619607
1725351900.7636976
1725351900.7668254
1725351900.833815
1725351900.8344073
1725351900.8506815
1725351900.8512042
1725351900.8519776
1725351900.8532786
1725351900.85431
1725351900.8572512
1725351900.869354
1725351900.8769686
1725351900.877936
1725351900.8781679
1725351900.8795373
1725351900.8856177
1725351900.9007325
1725351900.9018228
1725351900.9149766
1725351900.968549
1725351900.9697845
1725351901.0859869
1725351901.0878847
1725351901.0907292
1725351901.110142
1725351901.11089
1725351901.1119547
1725351901.1591525
1725351901.1599782
1725351901.1622124
1725351901.2336218
1725351901.2343633
1725351901.236035
1725351901.2373562
1725351901.257142
1725351901.2586737
1725351901.260585
1725351901.2765317
1725351901.3101852
1725351901.3112476
1725351901.343401
1725351901.3470278
1725351901.4378285
1725351901.44082
1725351901.49272
1725351901.494029
1725351901.495281
1725351901.5345128
1725351901.535199
1725351901.5369003
1725351901.5730603
1725351901.5746582
1725351901.5823295
1725351901.5843484
1725351901.6417382
1725351901.6437597
1725351901.6830263
1725351901.7117686
1725351901.7127724
1725351901.713869
1725351901.7247303
1725351901.7843525
1725351901.7861032
1725351902.0631492
1725351902.253383
1725351902.2534623
1725351902.2535305
1725351902.3538678
1725351902.3553386
1725351902.357947
1725351902.3595722
1725351902.3822556
1725351902.3842878
1725351902.3848205
1725351902.3865864
1725351902.3876915
1725351902.3897283
1725351902.4083467
1725351902.4095013
1725351902.4097624
1725351902.4138885
1725351902.4613492
1725351902.4628787
1725351902.4641664
1725351902.465887
1725351902.4773846
1725351902.4774446
1725351902.4934208
1725351902.4934855
1725351902.529405
1725351902.5295024
1725351902.5320957
1725351902.5828817
1725351902.583755
1725351902.585548
1725351902.586784
1725351902.5874531
1725351902.5888212
1725351902.610312
1725351902.6796877
1725351902.679784
1725351902.6799986
1725351902.6821256
1725351902.682943
1725351902.7551641
1725351902.8669724
1725351902.8792026
1725351902.8820682
1725351902.887023
1725351902.8878057
1725351902.901301
1725351902.9026873
1725351902.9448588
1725351902.9457333
1725351902.9472928
1725351902.9520638
1725351902.952392
1725351902.9662502
1725351902.9669464
1725351902.9789922
1725351903.0020227
1725351903.0228188
1725351903.0319376
1725351903.0476341
1725351903.0650432
1725351903.0901418
1725351903.104977
1725351903.1559741
1725351903.1827042
1725351903.1833212
1725351903.184555
1725351903.1985111
1725351903.2161689
1725351903.2300925
1725351903.245421
1725351903.2627456
1725351903.318204
1725351903.318819
1725351903.3211546
1725351903.3347309
1725351903.401829
1725351903.488431
1725351903.5821948
1725351903.5826666
1725351903.6176655
1725351903.6186473
1725351903.6199074
1725351903.620889
1725351903.6238425
1725351903.6241043
1725351903.6299636
1725351903.648392
1725351903.667011
1725351903.7309716
1725351903.7310345
1725351903.7310886
1725351903.7311366
1725351903.73121
1725351903.731516
1725351903.772373
1725351903.7901647
1725351903.7902107
1725351903.8402448
1725351903.8436408
1725351903.8765874
1725351903.915147
1725351903.9290955
1725351903.9549322
1725351903.9883258
1725351903.98844
1725351904.0760353
1725351904.0761862
1725351904.0764177
1725351904.076597
1725351904.1050358
1725351904.2703211
1725351904.270737
1725351904.2708693
1725351904.2710457
1725351904.2712102
1725351904.2714136
1725351904.271572
1725351904.271727
1725351904.2718792
1725351904.272022
1725351904.2767918
1725351904.3111775
1725351904.3112905
1725351904.3553855
1725351904.3554256
1725351904.3634422
1725351904.3987107
1725351904.4520817
1725351904.4522998
1725351904.4523263
1725351904.5412087
1725351904.5412521
1725351904.5412884
1725351904.5413387
1725351904.5413742
1725351904.5464687
1725351904.6091635
1725351904.6091964
1725351904.6092415
1725351904.6136315
1725351904.632065
1725351904.6557488
1725351904.6912844
1725351904.6924899
1725351904.707851
1725351904.7357125
1725351904.7404413
1725351904.7570388
1725351904.7747498
1725351904.8132684
1725351904.8296444
1725351904.8517458
1725351904.865577
1725351904.894607
1725351904.9214401
1725351904.9374542
1725351904.9415526
1725351904.98219
1725351905.0178595
1725351905.0183337
1725351905.0402403
1725351905.040532
1725351905.0574489
1725351905.1002254
1725351905.1083488
1725351905.133201
1725351905.167196
1725351905.1682472
1725351905.169292
1725351905.193178
1725351905.2417617
1725351905.2430727
1725351905.2553067
1725351905.307141
1725351905.3075554
1725351905.308578
1725351905.3218734
1725351905.33807
1725351905.4041278
1725351905.404447
1725351905.4069266
1725351905.4070303
1725351905.5022871
1725351905.5027988
1725351905.503575
1725351905.5142798
1725351905.5155668
1725351905.516179
1725351905.5245085
1725351905.5642295
1725351905.5647497
1725351905.6616397
1725351905.662164
1725351905.662965
1725351905.6823683
1725351905.6826344
1725351905.683112
1725351905.6912541
1725351905.8033965
1725351905.8168776
1725351905.8182142
1725351905.8193793
1725351905.827797
1725351905.8286097
1725351905.8298218
1725351905.8696458
1725351905.8729286
1725351905.97659
1725351905.9766152
1725351905.9766529
1725351905.986338
1725351906.0373998
1725351906.1820426
1725351906.2169366
1725351906.2747433
1725351906.2775571
1725351906.278346
1725351906.2798688
1725351906.2873533
1725351906.2883024
1725351906.3125455
1725351906.393005
1725351906.3959029
1725351906.4252226
1725351906.4260986
1725351906.427237
1725351906.4286296
1725351906.4294906
1725351906.452764
1725351906.4917967
1725351906.493873
1725351906.5122085
1725351906.5177171
1725351906.6035714
1725351906.6049173
1725351906.6062682
1725351906.6073847
1725351906.613334
1725351906.691659
1725351906.6921911
1725351906.6938334
1725351906.6948533
1725351906.703104
1725351906.7558007
1725351906.759691
1725351906.9371092
1725351906.9389172
1725351906.9394546
1725351906.9666998
1725351906.9674752
1725351906.9685173
1725351906.9693658
1725351907.008669
1725351907.0339577
1725351907.034706
1725351907.0355089
1725351907.0373645
1725351907.0816376
1725351907.0826921
1725351907.0841293
1725351907.1240149
1725351907.1251001
1725351907.1914608
1725351907.1924622
1725351907.1930382
1725351907.2166686
1725351907.3171706
1725351907.3178692
1725351907.318686
1725351907.3257735
1725351907.3928592
1725351907.3936276
1725351907.3939517
1725351907.4155931
1725351907.4200525
1725351907.4209316
1725351907.4217982
1725351907.4583075
1725351907.459993
1725351907.4771197
1725351907.4785297
1725351907.484235
1725351907.4845264
1725351907.5227046
1725351907.5247226
1725351907.5318346
1725351907.6192274
1725351907.6741033
1725351907.6762311
1725351907.6879325
1725351907.6885474
1725351907.6887598
1725351907.6961186
1725351907.7574503
1725351907.7585542
1725351907.766062
1725351907.7664218
1725351907.7974977
1725351907.798944
1725351907.8138463
1725351907.9435632
1725351907.9454627
1725351907.9811826
1725351907.981834
1725351907.9828277
1725351908.0703921
1725351908.071239
1725351908.0717216
1725351908.08739
1725351908.0883741
1725351908.112075
1725351908.1148195
1725351908.1671777
1725351908.167805
1725351908.1694677
1725351908.2302313
1725351908.2312717
1725351908.2881382
1725351908.290303
1725351908.2960417
1725351908.297011
1725351908.298024
1725351908.3903358
1725351908.3931103
1725351908.3943996
1725351908.3990521
1725351908.3997426
1725351908.4092343
1725351908.4458652
1725351908.4473872
1725351908.4507742
1725351908.461086
1725351908.4625723
1725351908.552758
1725351908.5549066
1725351908.555954
1725351908.5589695
1725351908.5727873
1725351908.635398
1725351908.636841
1725351908.6376057
1725351908.6419055
1725351908.6818278
1725351908.6835535
1725351908.684776
1725351908.7091265
1725351908.747168
1725351908.7491236
1725351908.7497146
1725351908.8497045
1725351908.8506894
1725351908.8520525
1725351908.8538811
1725351908.8669343
1725351908.8682134
1725351908.8697524
1725351908.940239
1725351908.9415264
1725351908.9429688
1725351908.943881
1725351908.9629507
1725351908.9639199
1725351908.998445
1725351909.1045253
1725351909.1070137
1725351909.1432018
1725351909.1437361
1725351909.2372322
1725351909.2375584
1725351909.2819996
1725351909.282096
1725351909.2821772
1725351909.2823517
1725351909.2853632
1725351909.4247186
1725351909.4252737
1725351909.4262016
1725351909.4275136
1725351909.4736958
1725351909.4741387
1725351909.474497
1725351909.4750173
1725351909.4760623
1725351909.5205722
1725351909.5220613
1725351909.5236683
1725351909.7492921
1725351909.750196
1725351909.7518725
1725351909.7970042
1725351909.8440256
1725351909.8446374
1725351909.8451312
1725351909.8540354
1725351909.8550973
1725351909.8560452
1725351909.8820398
1725351909.8837588
1725351909.9077108
1725351909.909125
1725351909.9096665
1725351909.910164
1725351909.9263308
1725351909.9270651
1725351909.9285967
1725351909.9301271
1725351909.962037
1725351909.9632387
1725351909.9654193
1725351909.9659472
1725351910.0387802
1725351910.1420794
1725351910.2245986
1725351910.2262974
1725351910.227201
1725351910.2285717
1725351910.2426755
1725351910.243722
1725351910.2440064
1725351910.2455297
1725351910.2497618
1725351910.4569194
1725351910.4585655
1725351910.4598858
1725351910.4643638
1725351910.4890268
1725351910.4906273
1725351910.4920769
1725351910.6379259
1725351910.641371
1725351910.6417682
1725351910.6533742
1725351910.655528
1725351910.68225
1725351910.6848946
1725351910.7908518
1725351910.7914448
1725351910.7931385
1725351910.7936988
1725351910.8597245
1725351910.8610713
1725351910.8617914
1725351910.8995736
1725351910.9001167
1725351910.9021356
1725351910.9025698
1725351910.9149516
1725351910.915032
1725351910.9548547
1725351910.9553723
1725351910.9879217
1725351911.0021112
1725351911.0028193
1725351911.0065997
1725351911.0224714
1725351911.0231817
1725351911.024364
1725351911.0283313
1725351911.0570674
1725351911.0571697
1725351911.118327
1725351911.1211839
1725351911.1217344
1725351911.1225843
1725351911.2560005
1725351911.2573886
1725351911.2654145
1725351911.266732
1725351911.2689779
1725351911.2705312
1725351911.2717397
1725351911.3233337
1725351911.3257074
1725351911.3376694
1725351911.3388171
1725351911.341787
1725351911.364976
1725351911.366008
1725351911.3924496
1725351911.4194694
1725351911.4447877
1725351911.4617329
1725351911.5136409
1725351911.5757217
1725351911.5762155
1725351911.5780334
1725351911.578729
1725351911.8005393
1725351911.8038454
1725351911.828315
1725351911.8302834
1725351911.8312812
1725351911.8318446
1725351911.9115515
1725351911.9127383
1725351911.9154196
1725351912.002471
1725351912.0026207
1725351912.0027773
1725351912.117766
1725351912.1182747
1725351912.11907
1725351912.1788008
1725351912.180086
1725351912.1817982
1725351912.2204647
1725351912.2211118
1725351912.221752
1725351912.229118
1725351912.2317579
1725351912.2326224
1725351912.3291202
1725351912.3298407
1725351912.3318043
1725351912.3400583
1725351912.341302
1725351912.3418782
1725351912.3423786
1725351912.3667593
1725351912.3669803
1725351912.3908927
1725351912.3914874
1725351912.392628
1725351912.4561028
1725351912.4568918
1725351912.457951
1725351912.45805
1725351912.4970639
1725351912.4988558
1725351912.5061476
1725351912.5073426
1725351912.5658195
1725351912.5669572
1725351912.5674996
1725351912.5689027
1725351912.5776227
1725351912.615641
1725351912.6185424
1725351912.6187634
1725351912.6189015
1725351912.6189442
1725351912.835003
1725351912.8406658
1725351913.033596
1725351913.0337982
1725351913.0446484
1725351913.0462513
1725351913.0652828
1725351913.0659497
1725351913.0680757
1725351913.125816
1725351913.1262293
1725351913.1275635
1725351913.1745298
1725351913.1750362
1725351913.1776714
1725351913.1930678
1725351913.194414
1725351913.2371986
1725351913.238441
1725351913.288166
1725351913.3180234
1725351913.3247156
1725351913.3322625
1725351913.340951
1725351913.3415568
1725351913.3421886
1725351913.3567498
1725351913.3589582
1725351913.3604407
1725351913.468773
1725351913.4699364
1725351913.4706106
1725351913.472233
1725351913.4946165
1725351913.5791917
1725351913.5807705
1725351913.6041665
1725351913.605107
1725351913.6062713
1725351913.6067588
1725351913.6783292
1725351913.678615
1725351913.6787157
1725351913.6985784
1725351913.7210739
1725351913.7258742
1725351913.7261684
1725351913.7696297
1725351913.7708824
1725351913.8703861
1725351913.8733017
1725351913.962076
1725351913.9621913
1725351914.0483823
1725351914.0499601
1725351914.052538
1725351914.082935
1725351914.0835323
1725351914.084106
1725351914.0867562
1725351914.0950108
1725351914.12736
1725351914.1280546
1725351914.129233
1725351914.1402342
1725351914.160048
1725351914.1612105
1725351914.1614394
1725351914.2077186
1725351914.2521868
1725351914.252557
1725351914.2619965
1725351914.2639008
1725351914.2849224
1725351914.2855105
1725351914.2982488
1725351914.3155963
1725351914.4045546
1725351914.4321373
1725351914.4339015
1725351914.4348984
1725351914.515755
1725351914.517438
1725351914.518941
1725351914.5203402
1725351914.5780213
1725351914.578749
1725351914.5794544
1725351914.594339
1725351914.595439
1725351914.596686
1725351914.6001208
1725351914.6017785
1725351914.6747885
1725351914.6792068
1725351914.6993213
1725351914.7010832
1725351914.7019918
1725351914.7296326
1725351914.7733934
1725351914.781564
1725351914.8760338
1725351914.8771858
1725351915.0147588
1725351915.0167487
1725351915.0182092
1725351915.024449
1725351915.0247493
1725351915.0606875
1725351915.0626934
1725351915.063369
1725351915.0717678
1725351915.073895
1725351915.149016
1725351915.14966
1725351915.2403593
1725351915.2406428
1725351915.2430642
1725351915.315371
1725351915.3234084
1725351915.4244199
1725351915.4294608
1725351915.4405043
1725351915.4424024
1725351915.4430933
1725351915.4446108
1725351915.4978848
1725351915.4983833
1725351915.4989157
1725351915.499765
1725351915.5011482
1725351915.5304227
1725351915.5310752
1725351915.5506978
1725351915.5525177
1725351915.5526104
1725351915.552698
1725351915.5809639
1725351915.581626
1725351915.5824306
1725351915.6035345
1725351915.6386263
1725351915.6803334
1725351915.6816535
1725351915.6830237
1725351915.706876
1725351915.7079887
1725351915.709494
1725351915.7796345
1725351915.809254
1725351915.8102088
1725351915.810231
1725351915.811912
1725351915.8697345
1725351915.8710794
1725351915.9077656
1725351915.9590523
1725351915.9597077
1725351915.9884589
1725351915.989153
1725351916.0638218
1725351916.066247
1725351916.0667744
1725351916.0673687
1725351916.0696394
1725351916.0880916
1725351916.1021779
1725351916.1947882
1725351916.196027
1725351916.1975641
1725351916.2317667
1725351916.2918231
1725351916.2935205
1725351916.294322
1725351916.3060102
1725351916.3083014
1725351916.3084369
1725351916.325561
1725351916.3752367
1725351916.4812014
1725351916.4821317
1725351916.5116606
1725351916.5125422
1725351916.5133667
1725351916.514073
1725351916.5906997
1725351916.6070764
1725351916.607983
1725351916.6085541
1725351916.6163228
1725351916.6178427
1725351916.6179776
1725351916.7547371
1725351916.7728498
1725351916.7734761
1725351916.846502
1725351916.847048
1725351916.8482647
1725351916.8489618
1725351916.8602562
1725351916.8611326
1725351916.8908935
1725351916.8912368
1725351916.8916125
1725351916.9035077
1725351916.90381
1725351916.9050717
1725351916.9361112
1725351916.9494247
1725351917.021727
1725351917.0529366
1725351917.1104982
1725351917.1112502
1725351917.2408981
1725351917.242673
1725351917.243384
1725351917.2871752
1725351917.287658
1725351917.288144
1725351917.4640462
1725351917.464526
1725351917.4741466
1725351917.4747167
1725351917.5197482
1725351917.5212808
1725351917.5218728
1725351917.537826
1725351917.5391207
1725351917.5404742
1725351917.5652642
1725351917.5681152
1725351917.5705
1725351917.571654
1725351917.643266
1725351917.643741
1725351917.6442175
1725351917.6579368
1725351917.6594977
1725351917.67578
1725351917.6771061
1725351917.6794627
1725351917.7429805
1725351917.7442954
1725351917.7450538
1725351917.9248383
1725351917.926611
1725351917.9271915
1725351918.1120543
1725351918.1449275
1725351918.1461735
1725351918.1625185
1725351918.1698062
1725351918.2434807
1725351918.2441707
1725351918.2466602
1725351918.3152418
1725351918.3162441
1725351918.4245613
1725351918.4276075
1725351918.4408944
1725351918.4418921
1725351918.4431179
1725351918.4504638
1725351918.457782
1725351918.5051174
1725351918.5052392
1725351918.5071623
1725351918.544179
1725351918.5483308
1725351918.549222
1725351918.6494374
1725351918.6566715
1725351918.6570554
1725351918.6585822
1725351918.6903062
1725351918.6914291
1725351918.7939377
1725351918.794437
1725351918.7981155
1725351918.824076
1725351918.8245995
1725351918.8250923
1725351918.828552
1725351918.8288805
1725351918.829503
1725351918.8302386
1725351918.853478
1725351918.8604112
1725351918.860699
1725351918.8611526
1725351918.8619153
1725351918.8627522
1725351918.8740623
1725351918.8746324
1725351918.9005406
1725351918.9020739
1725351918.902564
1725351918.909653
1725351918.911393
1725351918.9698255
1725351918.970496
1725351918.9713914
1725351918.9736974
1725351918.9993117
1725351919.0018322
1725351919.0044713
1725351919.0052247
1725351919.032874
1725351919.0334358
1725351919.033983
1725351919.0902376
1725351919.0905268
1725351919.100818
1725351919.1009078
1725351919.1009903
1725351919.153597
1725351919.1926935
1725351919.2077873
1725351919.2260294
1725351919.2273662
1725351919.2683184
1725351919.304566
1725351919.4619982
1725351919.462453
1725351919.4636822
1725351919.4647932
1725351919.466199
1725351919.486117
1725351919.4868479
1725351919.4874504
1725351919.4884315
1725351919.4985313
1725351919.5484712
1725351919.5750957
1725351919.5760715
1725351919.5772989
1725351919.5846179
1725351919.5855033
1725351919.607442
1725351919.6183612
1725351919.657929
1725351919.7245183
1725351919.7251399
1725351919.766914
1725351919.7683156
1725351919.7688196
1725351919.7702453
1725351919.7934227
1725351919.7940176
1725351919.8398712
1725351919.8420537
1725351919.8427281
1725351919.9503508
1725351919.9506052
1725351919.950825
1725351919.971803
1725351919.997586
1725351919.9997575
1725351920.0004208
1725351920.0010648
1725351920.2278287
1725351920.229164
1725351920.2296162
1725351920.3169332
1725351920.3186002
1725351920.3435407
1725351920.3735766
1725351920.3758562
1725351920.3761773
1725351920.3764703
1725351920.3942907
1725351920.3960042
1725351920.4104178
1725351920.411917
1725351920.4472358
1725351920.4718032
1725351920.4742913
1725351920.4831865
1725351920.484095
1725351920.4901428
1725351920.4916244
1725351920.5582273
1725351920.5602272
1725351920.5609586
1725351920.566943
1725351920.5690567
1725351920.5701492
1725351920.577851
1725351920.5935798
1725351920.6435714
1725351920.653402
1725351920.6550071
1725351920.6800635
1725351920.6803129
1725351920.7162523
1725351920.7170508
1725351920.7328968
1725351920.8859916
1725351920.887795
1725351920.919016
1725351920.9211369
1725351920.9301639
1725351920.9324698
1725351921.0545948
1725351921.0554256
1725351921.0779831
1725351921.0799997
1725351921.080775
1725351921.2589166
1725351921.259915
1725351921.2622523
1725351921.262763
1725351921.3007495
1725351921.3017704
1725351921.3063936
1725351921.3068426
1725351921.4400346
1725351921.440116
1725351921.4409
1725351921.5532608
1725351921.5542886
1725351921.6573613
1725351921.658895
1725351921.6633987
1725351921.6640947
1725351921.7505767
1725351921.7512822
1725351921.808822
1725351921.8130116
1725351921.8852735
1725351921.8862212
1725351921.8866627
1725351921.8877404
1725351921.9974396
1725351921.9992187
1725351922.0205083
1725351922.0214236
1725351922.1193628
1725351922.1199362
1725351922.120795
1725351922.1501765
1725351922.1526704
1725351922.1555097
1725351922.1570334
1725351922.2339604
1725351922.23638
1725351922.2382143
1725351922.3164732
1725351922.3180563
1725351922.3205626
1725351922.3680809
1725351922.3686018
1725351922.3691247
1725351922.3745394
1725351922.3758767
1725351922.3763962
1725351922.4712543
1725351922.472068
1725351922.5192893
1725351922.52003
1725351922.5209715
1725351922.5218606
1725351922.526193
1725351922.5347552
1725351922.5352418
1725351922.5366263
1725351922.5441175
1725351922.544777
1725351922.5455315
1725351922.5863843
1725351922.5886161
1725351922.5892553
1725351922.5899646
1725351922.6031113
1725351922.6036124
1725351922.616803
1725351922.8470178
1725351922.8470502
1725351922.8470752
1725351922.8471737
1725351922.868417
1725351922.9788158
1725351922.981101
1725351922.9836493
1725351923.005245
1725351923.007072
1725351923.0073678
1725351923.0196986
1725351923.0201964
1725351923.021478
1725351923.023796
1725351923.088159
1725351923.0888987
1725351923.0973692
1725351923.0983
1725351923.0996962
1725351923.1317825
1725351923.1325312
1725351923.1336086
1725351923.14538
1725351923.1454463
1725351923.1455066
1725351923.1615338
1725351923.162206
1725351923.1788483
1725351923.1802394
1725351923.1821992
1725351923.2201524
1725351923.220747
1725351923.2216089
1725351923.2239053
1725351923.2287931
1725351923.2300947
1725351923.2322228
1725351923.248586
1725351923.2490458
1725351923.2580335
1725351923.2641928
1725351923.2986314
1725351923.2993248
1725351923.299983
1725351923.3004885
1725351923.33091
1725351923.3322244
1725351923.5833108
1725351923.5838735
1725351923.7035728
1725351923.7050416
1725351923.7057478
1725351923.7314878
1725351923.7329905
1725351923.7335985
1725351923.7786489
1725351923.780138
1725351923.7826748
1725351923.7835956
1725351923.9508018
1725351923.9514651
1725351923.980898
1725351923.9839637
1725351924.0231555
1725351924.0241444
1725351924.0266197
1725351924.1087964
1725351924.109354
1725351924.11059
1725351924.1130004
1725351924.126905
1725351924.1280859
1725351924.129602
1725351924.1325407
1725351924.152762
1725351924.153381
1725351924.1539602
1725351924.1545625
1725351924.155217
1725351924.1561406
1725351924.1657813
1725351924.1662512
1725351924.1679611
1725351924.1768477
1725351924.1784961
1725351924.212468
1725351924.2144272
1725351924.241403
1725351924.2414782
1725351924.2434516
1725351924.2448359
1725351924.308165
1725351924.3095067
1725351924.317376
1725351924.317446
1725351924.3362553
1725351924.3369107
1725351924.3377135
1725351924.4238305
1725351924.426478
1725351924.4273984
1725351924.7005088
1725351924.7017689
1725351924.7024603
1725351924.7040915
1725351924.7582257
1725351924.7609437
1725351924.7616963
1725351924.793132
1725351924.793684
1725351924.8259754
1725351924.830099
1725351924.8307981
1725351924.8452375
1725351924.8482423
1725351924.8697443
1725351924.8737106
1725351924.9021993
1725351924.9027166
1725351924.903232
1725351924.9074392
1725351924.9442759
1725351924.9460204
1725351924.9480348
1725351924.948526
1725351924.949028
1725351924.973484
1725351924.97452
1725351925.0465066
1725351925.0473745
1725351925.0483427
1725351925.0633202
1725351925.063451
1725351925.0653045
1725351925.134864
1725351925.150107
1725351925.1524105
1725351925.1529768
1725351925.1535819
1725351925.15409
1725351925.1764414
1725351925.1774113
1725351925.21268
1725351925.3331416
1725351925.3342695
1725351925.3360796
1725351925.3593423
1725351925.3607826
1725351925.3614552
1725351925.3913472
1725351925.392904
1725351925.3943093
1725351925.4311776
1725351925.4344604
1725351925.4920995
1725351925.4926596
1725351925.4943566
1725351925.5087435
1725351925.538738
1725351925.5407372
1725351925.5765696
1725351925.57766
1725351925.5908551
1725351925.6397674
1725351925.641214
1725351925.7291722
1725351925.7903826
1725351925.7904193
1725351925.7904887
1725351925.7905183
1725351925.793228
1725351925.8699846
1725351925.9466033
1725351926.0413234
1725351926.0423348
1725351926.0472806
1725351926.0479145
1725351926.0487192
1725351926.078998
1725351926.0802727
1725351926.0829675
1725351926.0856636
1725351926.0861754
1725351926.0868304
1725351926.1262794
1725351926.1300533
1725351926.1380105
1725351926.188317
1725351926.189867
1725351926.1911674
1725351926.388437
1725351926.3979826
1725351926.3986616
1725351926.4451716
1725351926.4474132
1725351926.4481084
1725351926.4487236
1725351926.4705431
1725351926.4710479
1725351926.472683
1725351926.5391104
1725351926.539605
1725351926.542019
1725351926.5448189
1725351926.5829737
1725351926.624454
1725351926.6251922
1725351926.6260173
1725351926.6386306
1725351926.6395876
1725351926.6402822
1725351926.641705
1725351926.6694543
1725351926.755226
1725351926.7587078
1725351926.8107083
1725351926.8859959
1725351926.8904366
1725351927.0144174
1725351927.0157967
1725351927.0180452
1725351927.0574303
1725351927.0585907
1725351927.0591555
1725351927.095553
1725351927.0995576
1725351927.1004028
1725351927.11538
1725351927.1162992
1725351927.2852168
1725351927.2862248
1725351927.2877338
1725351927.332132
1725351927.3341048
1725351927.349544
1725351927.3500884
1725351927.350638
1725351927.370525
1725351927.3721836
1725351927.373645
1725351927.3744822
1725351927.375509
1725351927.4537165
1725351927.4563193
1725351927.4666293
1725351927.4871075
1725351927.4886696
1725351927.4898949
1725351927.5355468
1725351927.5360196
1725351927.539042
1725351927.5491927
1725351927.555294
1725351927.6234856
1725351927.6236193
1725351927.625765
1725351927.6268582
1725351927.675244
1725351927.6791565
1725351927.6797612
1725351927.6942675
1725351927.6950676
1725351927.7657893
1725351927.7675133
1725351927.7677865
1725351927.903315
1725351927.907094
1725351927.950165
1725351927.952324
1725351927.954293
1725351927.955787
1725351927.9842796
1725351927.986428
1725351927.9871905
1725351928.0190506
1725351928.0244381
1725351928.1377888
1725351928.1378856
1725351928.138613
1725351928.1411934
1725351928.2084327
1725351928.2104795
1725351928.212521
1725351928.2732773
1725351928.2746458
1725351928.2755435
1725351928.277672
1725351928.3035705
1725351928.3049173
1725351928.4393196
1725351928.4401379
1725351928.4420276
1725351928.4448853
1725351928.5238926
1725351928.525302
1725351928.5290124
1725351928.5385954
1725351928.5407584
1725351928.5423942
1725351928.5426087
1725351928.5437865
1725351928.5460088
1725351928.6053348
1725351928.6075656
1725351928.6126978
1725351928.6140656
1725351928.6148787
1725351928.6161914
1725351928.6242783
1725351928.625714
1725351928.626655
1725351928.6368926
1725351928.7255812
1725351928.7263787
1725351928.727194
1725351928.7389226
1725351928.7419093
1725351928.756015
1725351928.7572594
1725351928.8087187
1725351928.809434
1725351928.8809066
1725351928.8840423
1725351928.9077342
1725351928.9088538
1725351928.9095702
1725351928.911254
1725351928.9501853
1725351928.951369
1725351928.9929326
1725351929.081772
1725351929.0824172
1725351929.0824378
1725351929.0824656
1725351929.0911343
1725351929.1518025
1725351929.170673
1725351929.1740186
1725351929.2285974
1725351929.229716
1725351929.2504137
1725351929.293717
1725351929.294707
1725351929.2967207
1725351929.2988532
1725351929.439447
1725351929.4403195
1725351929.4421167
1725351929.4492605
1725351929.4500265
1725351929.4888556
1725351929.51823
1725351929.5190337
1725351929.5197296
1725351929.5213816
1725351929.5330102
1725351929.543253
1725351929.5445313
1725351929.6192682
1725351929.6621406
1725351929.7009463
1725351929.70262
1725351929.7765174
1725351929.7773676
1725351929.7785978
1725351929.780269
1725351929.8322861
1725351929.8326604
1725351929.835671
1725351929.8520114
1725351929.8525953
1725351929.853333
1725351929.975202
1725351929.9759984
1725351929.9831998
1725351929.9854367
1725351930.1061218
1725351930.1871367
1725351930.2136545
1725351930.2153814
1725351930.2161076
1725351930.32037
1725351930.3229046
1725351930.3233879
1725351930.3248327
1725351930.327234
1725351930.330518
1725351930.3325331
1725351930.3330092
1725351930.3951068
1725351930.3993409
1725351930.47451
1725351930.4751465
1725351930.475234
1725351930.5048237
1725351930.5058942
1725351930.506755
1725351930.5085902
1725351930.6415713
1725351930.6430812
1725351930.6451213
1725351930.645974
1725351930.6476445
1725351930.6497502
1725351930.656899
1725351930.6592963
1725351930.6783428
1725351930.6788535
1725351930.6794243
1725351930.6799266
1725351930.817693
1725351930.8178473
1725351930.8744423
1725351930.8762202
1725351930.8789027
1725351930.9157357
1725351930.9173496
1725351930.9174373
1725351931.0039647
1725351931.0071008
1725351931.0221314
1725351931.0242212
1725351931.0255225
1725351931.0265844
1725351931.052973
1725351931.0541306
1725351931.0547934
1725351931.05809
1725351931.0588248
1725351931.0594897
1725351931.0838718
1725351931.0879185
1725351931.088964
1725351931.0895896
1725351931.095337
1725351931.1248677
1725351931.126266
1725351931.148922
1725351931.1617823
1725351931.223156
1725351931.2244258
1725351931.225845
1725351931.2440228
1725351931.3022394
1725351931.3462627
1725351931.3471339
1725351931.3490033
1725351931.3496885
1725351931.38644
1725351931.5380483
1725351931.7070131
1725351931.7077558
1725351931.7091973
1725351931.7098205
1725351931.7688525
1725351931.770608
1725351931.7744784
1725351931.8623397
1725351931.8640082
1725351931.8655114
1725351931.8668766
1725351931.9366326
1725351931.937642
1725351931.9382052
1725351931.94108
1725351932.0093753
1725351932.012529
1725351932.0133529
1725351932.0138433
1725351932.1172075
1725351932.1185172
1725351932.1190054
1725351932.2694016
1725351932.2694921
1725351932.2696095
1725351932.2709544
1725351932.3654711
1725351932.3663266
1725351932.366835
1725351932.367339
1725351932.4043765
1725351932.4075687
1725351932.4080906
1725351932.4084582
1725351932.4113948
1725351932.5087264
1725351932.517366
1725351932.51743
1725351932.5174901
1725351932.5232356
1725351932.8418374
1725351932.8441687
1725351932.8446767
1725351932.8458655
1725351932.8897026
1725351932.8912823
1725351932.8923411
1725351932.897194
1725351932.923725
1725351932.9237854
1725351932.9238014
1725351932.9238844
1725351932.9276862
1725351933.022249
1725351933.215821
1725351933.2476416
1725351933.4128842
1725351933.4723806
1725351933.602204
1725351933.6032488
1725351933.6054015
1725351933.6077218
1725351933.6535728
1725351933.654542
1725351933.6556473
1725351933.6799757
1725351933.718714
1725351933.7209227
1725351933.721858
1725351933.7235928
1725351933.8171763
1725351933.8179812
1725351933.8187423
1725351933.821134
1725351933.8321218
1725351933.8327212
1725351933.8709717
1725351933.8716464
1725351933.8722663
1725351933.8749456
1725351933.9212127
1725351933.9234686
1725351933.925187
1725351933.9839914
1725351933.9854515
1725351933.9859948
1725351933.9878638
1725351934.0314562
1725351934.0444055
1725351934.0698354
1725351934.0704882
1725351934.0721622
1725351934.1153882
1725351934.1158917
1725351934.1186807
1725351934.1204357
1725351934.2604141
1725351934.262512
1725351934.2660816
1725351934.267331
1725351934.3660452
1725351934.369145
1725351934.3692853
1725351934.3694565
1725351934.4418192
1725351934.4433167
1725351934.4956043
1725351934.4990351
1725351934.4996057
1725351934.500097
1725351934.5138783
1725351934.5156605
1725351934.5248659
1725351934.5256171
1725351934.5287855
1725351934.6016448
1725351934.6040225
1725351934.6047528
1725351934.6069403
1725351934.6195924
1725351934.620728
1725351934.6212053
1725351934.6992288
1725351934.7076514
1725351934.709914
1725351934.7110825
1725351934.7115872
1725351934.712693
1725351934.7162042
1725351934.7166831
1725351934.717164
1725351934.7611134
1725351934.765594
1725351934.7669857
1725351934.767726
1725351934.7760677
1725351934.7767465
1725351934.817474
1725351934.8584683
1725351934.9239364
1725351934.927667
1725351934.9283388
1725351934.9304774
1725351934.93096
1725351934.9361253
1725351934.9590526
1725351934.959876
1725351935.019064
1725351935.020546
1725351935.0210733
1725351935.0225997
1725351935.0697935
1725351935.0708447
1725351935.0713751
1725351935.0748217
1725351935.1752965
1725351935.1768694
1725351935.1793723
1725351935.1802492
1725351935.1819136
1725351935.3071449
1725351935.310008
1725351935.3576026
1725351935.3582757
1725351935.360155
1725351935.4386141
1725351935.4400897
1725351935.4821067
1725351935.4837523
1725351935.4909382
1725351935.4922705
1725351935.5359116
1725351935.5363715
1725351935.5440753
1725351935.5459416
1725351935.5700707
1725351935.5705194
1725351935.5782866
1725351935.5787172
1725351935.5917988
1725351935.5932868
1725351935.6028454
1725351935.6668992
1725351935.6706266
1725351935.671252
1725351935.8322222
1725351935.9024248
1725351935.903362
1725351935.9041607
1725351935.9049108
1725351935.9552994
1725351935.9579773
1725351935.9593406
1725351936.0873673
1725351936.0900884
1725351936.090525
1725351936.092018
1725351936.1068408
1725351936.1083858
1725351936.1961975
1725351936.1967115
1725351936.1983652
1725351936.24143
1725351936.2422304
1725351936.2440872
1725351936.245271
1725351936.3791175
1725351936.3820267
1725351936.383277
1725351936.4328592
1725351936.434435
1725351936.5299747
1725351936.5319715
1725351936.5329103
1725351936.5339792
1725351936.5354037
1725351936.615854
1725351936.6185532
1725351936.61857
1725351936.618582
1725351936.6186738
1725351936.836827
1725351936.9451137
1725351937.0878017
1725351937.0900936
1725351937.1071963
1725351937.1078153
1725351937.1083524
1725351937.1318521
1725351937.2248507
1725351937.2253315
1725351937.2259257
1725351937.2285433
1725351937.233478
1725351937.2649403
1725351937.2655625
1725351937.2665825
1725351937.2701411
1725351937.2971807
1725351937.2980053
1725351937.36435
1725351937.365223
1725351937.367247
1725351937.3680198
1725351937.4156775
1725351937.417989
1725351937.420263
1725351937.4518418
1725351937.452854
1725351937.4547431
1725351937.4852138
1725351937.4859328
1725351937.487274
1725351937.48844
1725351937.5320914
1725351937.5326753
1725351937.5332088
1725351937.5369742
1725351937.5380595
1725351937.5411587
1725351937.6879745
1725351937.6916356
1725351937.799739
1725351937.8325834
1725351937.8330393
1725351937.8336422
1725351937.9260862
1725351937.9263654
1725351937.9269664
1725351938.008657
1725351938.0096002
1725351938.011384
1725351938.0247774
1725351938.02614
1725351938.090939
1725351938.0917275
1725351938.094894
1725351938.0961783
1725351938.2207458
1725351938.2220993
1725351938.2262223
1725351938.229114
1725351938.3492572
1725351938.350965
1725351938.5582438
1725351938.5590494
1725351938.5599546
1725351938.676439
1725351938.6769292
1725351938.6807573
1725351938.6808972
1725351938.6820393
1725351938.7090294
1725351938.7110887
1725351938.7338598
1725351938.7373705
1725351938.7379644
1725351938.7556677
1725351938.7575336
1725351938.759726
1725351938.7716558
1725351938.7735693
1725351938.7745674
1725351938.7764926
1725351938.7770586
1725351938.7891068
1725351938.7896802
1725351938.7905786
1725351938.8049679
1725351938.8058255
1725351938.8096938
1725351938.8279905
1725351938.830248
1725351938.830781
1725351938.8323147
1725351939.0529096
1725351939.0534055
1725351939.0546503
1725351939.062292
1725351939.0628371
1725351939.0844028
1725351939.0849988
1725351939.0908709
1725351939.0913153
1725351939.0942602
1725351939.102804
1725351939.104389
1725351939.16616
1725351939.1672337
1725351939.2574508
1725351939.2582545
1725351939.2596037
1725351939.4108815
1725351939.4128468
1725351939.4206476
1725351939.4466362
1725351939.4483101
1725351939.451577
1725351939.451972
1725351939.4695637
1725351939.4702148
1725351939.4738677
1725351939.5296152
1725351939.5300913
1725351939.5327022
1725351939.5358968
1725351939.5454535
1725351939.5457218
1725351939.546272
1725351939.5467749
1725351939.5516896
1725351939.6211362
1725351939.621763
1725351939.6422594
1725351939.6431835
1725351939.6443193
1725351939.6463368
1725351939.6482856
1725351939.6529665
1725351939.6551633
1725351939.6569943
1725351939.6579394
1725351939.6596024
1725351939.8577302
1725351939.8591735
1725351939.8944075
1725351939.8955066
1725351939.897745
1725351939.8987272
1725351939.9235108
1725351939.9249518
1725351939.9257767
1725351939.9278445
1725351939.9989202
1725351940.0002198
1725351940.0012474
1725351940.002644
1725351940.0167358
1725351940.1333926
1725351940.133597
1725351940.1409848
1725351940.1493926
1725351940.209445
1725351940.2097523
1725351940.2394404
1725351940.2404392
1725351940.240529
1725351940.2406096
1725351940.2407212
1725351940.2865818
1725351940.319528
1725351940.3267267
1725351940.3281238
1725351940.4231086
1725351940.4243054
1725351940.4716504
1725351940.4729946
1725351940.474923
1725351940.4756577
1725351940.552966
1725351940.553992
1725351940.5548084
1725351940.5564513
1725351940.5728967
1725351940.636487
1725351940.638241
1725351940.6540508
1725351940.655337
1725351940.924583
1725351940.925043
1725351940.9253602
1725351940.9273655
1725351940.9326055
1725351940.933197
1725351940.9488635
1725351940.9498484
1725351940.96719
1725351940.9684412
1725351940.9691837
1725351940.9729223
1725351940.9730313
1725351940.9864764
1725351940.987243
1725351940.9884992
1725351940.9999943
1725351941.000598
1725351941.0015929
1725351941.0034747
1725351941.0459428
1725351941.0672374
1725351941.1059577
1725351941.106093
1725351941.1062376
1725351941.1067052
1725351941.1623766
1725351941.163352
1725351941.1648068
1725351941.1652842
1725351941.2074964
1725351941.2743964
1725351941.2759054
1725351941.2768717
1725351941.2989063
1725351941.3003318
1725351941.3008213
1725351941.41252
1725351941.416777
1725351941.4884498
1725351941.4889364
1725351941.505866
1725351941.5089066
1725351941.5367713
1725351941.537262
1725351941.53801
1725351941.5606399
1725351941.5620556
1725351941.573433
1725351941.5747564
1725351941.5806313
1725351941.5822625
1725351941.6271079
1725351941.6277115
1725351941.6290379
1725351941.6448922
1725351941.6456313
1725351941.6528502
1725351941.6546307
1725351941.6551464
1725351941.7089152
1725351941.7094452
1725351941.8074746
1725351941.809952
1725351941.8151085
1725351941.8161116
1725351941.8389313
1725351942.02473
1725351942.0282557
1725351942.0634816
1725351942.064246
1725351942.0654113
1725351942.065582
1725351942.0710351
1725351942.0722122
1725351942.0741336
1725351942.0793421
1725351942.0799165
1725351942.0929432
1725351942.0932205
1725351942.120144
1725351942.1202466
1725351942.1224008
1725351942.1316414
1725351942.3997426
1725351942.4016523
1725351942.5372276
1725351942.5384457
1725351942.5417519
1725351942.5420895
1725351942.7020583
1725351942.7059798
1725351942.7359204
1725351942.73655
1725351942.737519
1725351942.7405803
1725351942.7578504
1725351942.760249
1725351942.828794
1725351942.8305793
1725351942.8325698
1725351942.8452315
1725351942.9609492
1725351942.962482
1725351942.965822
1725351942.9748528
1725351942.976433
1725351943.012395
1725351943.0136478
1725351943.0169363
1725351943.017711
1725351943.1077943
1725351943.109326
1725351943.110673
1725351943.1282113
1725351943.1283002
1725351943.1414745
1725351943.1415854
1725351943.1463258
1725351943.1468463
1725351943.1499221
1725351943.150426
1725351943.1523204
1725351943.1796567
1725351943.1804392
1725351943.1843355
1725351943.185924
1725351943.3750954
1725351943.3762434
1725351943.377965
1725351943.3854313
1725351943.431684
1725351943.4323368
1725351943.4333215
1725351943.4340332
1725351943.444056
1725351943.4836042
1725351943.4841738
1725351943.5081463
1725351943.560524
1725351943.5608675
1725351943.6015437
1725351943.6254241
1725351943.6254513
1725351943.6254718
1725351943.6254995
1725351943.6294427
1725351943.6516063
1725351943.6852725
1725351943.7002714
1725351943.7030842
1725351943.7039254
1725351943.7040637
1725351943.709635
1725351943.7315629
1725351943.7330616
1725351943.7351735
1725351943.7363753
1725351943.7757058
1725351943.7763557
1725351943.7792468
1725351943.7799337
1725351943.8153024
1725351943.8864865
1725351943.888728
1725351943.889392
1725351943.889947
1725351943.8907087
1725351943.8913553
1725351943.899402
1725351943.9375782
1725351943.9411075
1725351943.9734738
1725351943.9754925
1725351943.976482
1725351943.976975
1725351944.028416
1725351944.0306165
1725351944.0307062
1725351944.0427847
1725351944.0447948
1725351944.0462623
1725351944.0484312
1725351944.048509
1725351944.0493386
1725351944.0547397
1725351944.1105754
1725351944.112138
1725351944.1201713
1725351944.1209774
1725351944.1225514
1725351944.2165687
1725351944.2170541
1725351944.2175875
1725351944.2183633
1725351944.2863102
1725351944.2878065
1725351944.2888045
1725351944.4306335
1725351944.4322288
1725351944.4326417
1725351944.4341204
1725351944.4490278
1725351944.451458
1725351944.4785547
1725351944.4815564
1725351944.5039408
1725351944.5780199
1725351944.5785089
1725351944.5793257
1725351944.5980675
1725351944.5992804
1725351944.5999162
1725351944.6006196
1725351944.6171463
1725351944.618424
1725351944.6199446
1725351944.6233292
1725351944.643739
1725351944.6456373
1725351944.646634
1725351944.648929
1725351944.692277
1725351944.6926537
1725351944.6943772
1725351944.695243
1725351944.7047732
1725351944.7069616
1725351944.8272042
1725351944.8284883
1725351944.8509233
1725351944.851232
1725351944.85265
1725351944.8560817
1725351944.8564773
1725351944.9735994
1725351944.973727
1725351944.9821084
1725351944.98247
1725351944.9828484
1725351944.9832942
1725351945.1100972
1725351945.110703
1725351945.1110938
1725351945.1115716
1725351945.1124353
1725351945.186628
1725351945.1877584
1725351945.1902475
1725351945.1939135
1725351945.194429
1725351945.2166736
1725351945.2175028
1725351945.2194026
1725351945.2196815
1725351945.2199464
1725351945.2508905
1725351945.2528217
1725351945.2787352
1725351945.279288
1725351945.2808597
1725351945.2812421
1725351945.281685
1725351945.309789
1725351945.3106546
1725351945.3110564
1725351945.3466835
1725351945.3478909
1725351945.3482723
1725351945.348899
1725351945.3576458
1725351945.3969846
1725351945.4410062
1725351945.4414876
1725351945.4745214
1725351945.4754155
1725351945.4765198
1725351945.478718
1725351945.4808123
1725351945.4825234
1725351945.487044
1725351945.504421
1725351945.5047705
1725351945.505294
1725351945.5921972
1725351945.5926237
1725351945.5930243
1725351945.5934923
1725351945.5963354
1725351945.5971613
1725351945.6037908
1725351945.6041656
1725351945.6052666
1725351945.6165676
1725351945.6166575
1725351945.6172986
1725351945.617402
1725351945.6181004
1725351945.6348586
1725351945.6352427
1725351945.63564
1725351945.6368423
1725351945.6382873
1725351945.6476727
1725351945.6480818
1725351945.6484277
1725351945.6686919
1725351945.66937
1725351945.6697056
1725351945.6700084
1725351945.6775222
1725351945.677957
1725351945.6779857
1725351945.6780045
1725351945.7330291
1725351945.775807
1725351945.7981117
1725351945.8428109
1725351945.8507109
1725351945.8508153
1725351945.851618
1725351945.9305522
1725351945.930632
1725351945.9306962
1725351945.9318783
1725351945.932637
1725351946.027977
1725351946.0299325
1725351946.0302885
1725351946.0307176
1725351946.1158445
1725351946.1167483
1725351946.1181257
1725351946.2235463
1725351946.2238793
1725351946.2242012
1725351946.2247183
1725351946.2254725
1725351946.2518413
1725351946.2560484
1725351946.2565863
1725351946.3789675
1725351946.379032
1725351946.3796916
1725351946.3804557
1725351946.382108
1725351946.386047
1725351946.386359
1725351946.4584122
1725351946.458826
1725351946.4594436
1725351946.4605815
1725351946.4899886
1725351946.490123
1725351946.5415738
1725351946.542086
1725351946.6143904
1725351946.6342857
1725351946.6343427
1725351946.634403
1725351946.6344554
1725351946.6345046
1725351946.6494796
1725351946.6827455
1725351946.7188795
1725351946.8354092
1725351946.8358378
1725351946.8361387
1725351946.8367496
1725351946.8770826
1725351946.878569
1725351946.915995
1725351947.0901906
1725351947.0965738
1725351947.0990648
1725351947.099724
1725351947.1010835
1725351947.1011443
1725351947.1030724
1725351947.1501448
1725351947.1507044
1725351947.1509798
1725351947.1514478
1725351947.1537585
1725351947.1594076
1725351947.2112029
1725351947.2130585
1725351947.2320855
1725351947.232724
1725351947.3004935
1725351947.3007066
1725351947.3008885
1725351947.3010879
1725351947.3521142
1725351947.3572607
1725351947.3577561
1725351947.4278738
1725351947.4731216
1725351947.4820411
1725351947.4827967
1725351947.5492685
1725351947.5499723
1725351947.5630448
1725351947.5639825
1725351947.606809
1725351947.6142986
1725351947.6145566
1725351947.623534
1725351947.7551427
1725351947.7556741
1725351947.7562947
1725351947.7569382
1725351947.7622502
1725351947.7630172
1725351947.7637482
1725351947.7643826
1725351947.8354673
1725351947.8369927
1725351947.8863394
1725351947.9037046
1725351947.903955
1725351947.9512534
1725351947.9520454
1725351947.952986
1725351947.9982238
1725351948.0154767
1725351948.0457687
1725351948.0461583
1725351948.0471888
1725351948.243119
1725351948.2435656
1725351948.244404
1725351948.246488
1725351948.2507157
1725351948.251431
1725351948.2520874
1725351948.2700791
1725351948.3583481
1725351948.401671
1725351948.4025276
1725351948.4027512
1725351948.4033885
1725351948.4043357
1725351948.4050026
1725351948.407522
1725351948.4077659
1725351948.4080634
1725351948.4374764
1725351948.4464254
1725351948.4467864
1725351948.5169141
1725351948.517447
1725351948.5186675
1725351948.6139488
1725351948.6141465
1725351948.6147676
1725351948.6258602
1725351948.632871
1725351948.6331894
1725351948.6335526
1725351948.6421897
1725351948.7558239
1725351948.756458
1725351948.7568378
1725351948.7577777
1725351948.7579932
1725351948.7603123
1725351948.762332
1725351948.7625275
1725351948.7734723
1725351948.846603
1725351948.847466
1725351948.860391
1725351948.9175727
1725351948.9187512
1725351948.919056
1725351948.9208474
1725351949.0368419
1725351949.0373967
1725351949.0406349
1725351949.0574284
1725351949.057513
1725351949.1749046
1725351949.1768343
1725351949.1783934
1725351949.1811883
1725351949.181543
1725351949.2127266
1725351949.258216
1725351949.3481646
1725351949.3483834
1725351949.3487637
1725351949.348989
1725351949.3502624
1725351949.425582
1725351949.4265256
1725351949.4267604
1725351949.4272125
1725351949.4677517
1725351949.5028048
1725351949.5082114
1725351949.5092976
1725351949.5099561
1725351949.5671253
1725351949.5676215
1725351949.6086757
1725351949.6087725
1725351949.6521347
1725351949.652871
1725351949.6902668
1725351949.7041469
1725351949.7043166
1725351949.7048633
1725351949.7050362
1725351949.7087092
1725351949.7537744
1725351949.7544615
1725351949.7753863
1725351949.7755244
1725351949.8712919
1725351949.8719308
1725351949.8732457
1725351949.9075565
1725351949.9165428
1725351949.9170685
1725351949.9172955
1725351949.9535966
1725351949.9822986
1725351949.9824448
1725351950.020914
1725351950.0210412
1725351950.0214462
1725351950.0595555
1725351950.1369536
1725351950.1371222
1725351950.1375835
1725351950.1377416
1725351950.1489663
1725351950.1940084
1725351950.1945903
1725351950.2241402
1725351950.2242918
1725351950.2674592
1725351950.2676332
1725351950.3124032
1725351950.3460124
1725351950.3461733
1725351950.369522
1725351950.4450824
1725351950.445151
1725351950.5134733
1725351950.5135279
1725351950.5141752
1725351950.5142233
1725351950.5142674
1725351950.6062276
1725351950.6062858
1725351950.607109
1725351950.607215
1725351950.6073236
1725351950.607415
1725351950.676414
1725351950.6765192
1725351950.6765957
1725351950.6767135
1725351950.7770584
1725351950.7771962
1725351950.777864
1725351950.7779174
1725351950.778017
1725351950.8179955
1725351950.818042
1725351950.818268
1725351950.8423433
1725351951.082317
1725351951.0823557
1725351951.0824585
1725351951.0825427
1725351951.0829616
1725351951.0829976
1725351951.0830376
1725351951.083082
1725351951.0838265
1725351951.0839407
1725351951.08403
1725351951.0841196
1725351951.1122644
1725351951.1345026
1725351951.1911564
1725351951.2295432
1725351951.2295926
1725351951.2296705
1725351951.2300532
1725351951.2300816
1725351951.2301219
1725351951.2978547
1725351951.298893
1725351951.331383
1725351951.3822536
1725351951.3822985
1725351951.3823376
1725351951.383504
1725351951.4719634
1725351951.4720175
1725351951.4732993
1725351951.4733486
1725351951.6372397
1725351951.637302
1725351951.6373851
1725351951.638241
1725351951.6384284
1725351951.638765
1725351951.6388502
1725351951.639003
1725351951.6935315
1725351951.6936743
1725351951.7454119
1725351951.747023
1725351951.7642772
1725351951.7648375
1725351951.7653987
1725351951.7804954
1725351951.78219
1725351951.8000674
1725351951.8137715
1725351951.8336291
1725351951.852081
1725351951.8635652
1725351951.9068956
1725351951.9069898
