2024-09-03 16:51:16
../stream-replay/logs/stuttering-6206.txt
1725353326.4218636
1725353326.42837
1725353326.437663
1725353326.546331
1725353326.55192
1725353326.55288
1725353326.6148362
1725353326.6160157
1725353326.6165621
1725353326.617229
1725353326.6529288
1725353326.772297
1725353326.772764
1725353326.7870948
1725353326.878808
1725353326.8792686
1725353326.8797233
1725353326.8801868
1725353326.911961
1725353326.932705
1725353326.9348857
1725353326.9360871
1725353326.9637358
1725353326.966897
1725353326.967377
1725353326.968961
1725353327.2000873
1725353327.2016687
1725353327.2985947
1725353327.3016174
1725353327.3512993
1725353327.3517761
1725353327.5880451
1725353327.5885196
1725353327.6997304
1725353327.9041295
1725353328.0198133
1725353328.0198445
1725353328.019903
1725353328.0201328
1725353328.0910957
1725353328.1766639
1725353328.5116107
1725353328.524089
1725353328.5253804
1725353328.6543162
1725353328.6625974
1725353328.6637495
1725353328.6643221
1725353328.7870924
1725353328.867576
1725353328.8696039
1725353328.9382322
1725353328.9391217
1725353328.9397447
1725353328.9402108
1725353328.9990897
1725353329.2451391
1725353329.2471542
1725353329.31489
1725353329.3161693
1725353329.369791
1725353329.370569
1725353329.4175892
1725353329.4965932
1725353329.49787
1725353329.5141966
1725353329.5921018
1725353329.5926652
1725353329.593377
1725353329.5943413
1725353329.6753602
1725353329.6779535
1725353329.682506
1725353329.684985
1725353329.7264392
1725353329.7616327
1725353329.7621968
1725353329.7979188
1725353329.9654372
1725353329.9664397
1725353330.0555964
1725353330.0561662
1725353330.0566154
1725353330.0795953
1725353330.1317544
1725353330.1442525
1725353330.1451008
1725353330.2169755
1725353330.2190073
1725353330.2194583
1725353330.2725656
1725353330.344095
1725353330.3454754
1725353330.4245012
1725353330.4254372
1725353330.426125
1725353330.5004418
1725353330.504947
1725353330.5710254
1725353330.6473322
1725353330.6477766
1725353330.6766586
1725353330.7495406
1725353330.7501676
1725353330.7508602
1725353330.7633142
1725353330.8278587
1725353330.8287299
1725353330.83087
1725353330.8936982
1725353330.9617813
1725353330.9631774
1725353331.0014768
1725353331.0029578
1725353331.0037339
1725353331.1212554
1725353331.12419
1725353331.1246188
1725353331.2662911
1725353331.2877717
1725353331.4084299
1725353331.4099982
1725353331.4116163
1725353331.4210694
1725353331.4227786
1725353331.5841546
1725353331.6452763
1725353331.6461077
1725353331.6467164
1725353331.7525892
1725353331.753037
1725353331.779365
1725353331.7807922
1725353331.7885022
1725353331.7890022
1725353331.9459543
1725353332.1149952
1725353332.1156824
1725353332.1215644
1725353332.1246085
1725353332.2026844
1725353332.2219012
1725353332.2223952
1725353332.2259078
1725353332.4300256
1725353332.5882702
1725353332.5890682
1725353332.6302462
1725353332.6328418
1725353332.641358
1725353332.6418157
1725353332.6688333
1725353332.6964097
1725353332.7832296
1725353332.7836304
1725353332.784119
1725353332.804349
1725353333.0918145
1725353333.1878657
1725353333.1891003
1725353333.3558152
1725353333.3757427
1725353333.376338
1725353333.4935503
1725353333.4943295
1725353333.560932
1725353333.572265
1725353333.5732775
1725353333.5737329
1725353333.5745564
1725353333.5863175
1725353333.6691666
1725353333.723559
1725353333.7373538
1725353333.738548
1725353333.7596874
1725353333.9521039
1725353333.9535449
1725353333.9541647
1725353334.034083
1725353334.0858433
1725353334.086783
1725353334.087391
1725353334.1382892
1725353334.3154597
1725353334.3163552
1725353334.3235414
1725353334.3244212
1725353334.3279836
1725353334.4562078
1725353334.457761
1725353334.4711742
1725353334.4716887
1725353334.5000865
1725353334.500533
1725353334.5011597
1725353334.524216
1725353334.5461016
1725353334.5487509
1725353334.5487802
1725353334.5488036
1725353334.5488605
1725353334.6101785
1725353334.7391007
1725353334.8333678
1725353334.9173887
1725353334.930663
1725353334.9620254
1725353334.9625058
1725353334.963658
1725353334.9669232
1725353334.9718456
1725353334.9727056
1725353335.0136719
1725353335.023202
1725353335.0236883
1725353335.0245314
1725353335.1055686
1725353335.1071758
1725353335.182735
1725353335.1836727
1725353335.216374
1725353335.2171085
1725353335.2184348
1725353335.219999
1725353335.2980845
1725353335.298992
1725353335.3078442
1725353335.4412115
1725353335.5222976
1725353335.5229461
1725353335.5238156
1725353335.5371168
1725353335.5376093
1725353335.5653267
1725353335.5664563
1725353335.5696263
1725353335.5729969
1725353335.5915928
1725353335.5925817
1725353335.593675
1725353335.6303344
1725353335.653352
1725353335.6542926
1725353335.6549673
1725353335.7394927
1725353335.7411084
1725353335.741649
1725353335.8301747
1725353335.8682039
1725353335.8689413
1725353335.9030974
1725353335.9036446
1725353335.9041262
1725353335.9290345
1725353335.93627
1725353335.9367542
1725353335.9381406
1725353335.9454691
1725353335.9898908
1725353335.9976869
1725353335.9988244
1725353335.9997737
1725353336.0092921
1725353336.0110462
1725353336.0197158
1725353336.0203738
1725353336.1121526
1725353336.113653
1725353336.1273763
1725353336.1564472
1725353336.157202
1725353336.1576526
1725353336.1644804
1725353336.1650286
1725353336.1972382
1725353336.2161546
1725353336.2176075
1725353336.2316957
1725353336.2326424
1725353336.2332902
1725353336.2368956
1725353336.2448132
1725353336.2457252
1725353336.2471018
1725353336.2545037
1725353336.2800844
1725353336.3091373
1725353336.3105423
1725353336.3292942
1725353336.35767
1725353336.358372
1725353336.385826
1725353336.4217935
1725353336.4326465
1725353336.4331312
1725353336.4341812
1725353336.444811
1725353336.4476097
1725353336.4480615
1725353336.4722016
1725353336.4801447
1725353336.4808066
1725353336.4939125
1725353336.5019937
1725353336.5026083
1725353336.5477571
1725353336.5884326
1725353336.5903716
1725353336.6553435
1725353336.6785812
1725353336.6792004
1725353336.6799812
1725353336.6820235
1725353336.6838431
1725353336.6849964
1725353336.7171211
1725353336.7939851
1725353336.7949522
1725353336.7954462
1725353336.8000689
1725353336.8016381
1725353336.80289
1725353336.8213167
1725353336.8222406
1725353336.8310888
1725353336.840252
1725353336.8410993
1725353336.842004
1725353336.8658261
1725353336.8781555
1725353336.878919
1725353336.8995855
1725353336.9017518
1725353336.9112763
1725353336.921754
1725353336.9232628
1725353336.9376137
1725353336.9387417
1725353336.9698498
1725353336.9703789
1725353336.9708796
1725353337.0032957
1725353337.003911
1725353337.006393
1725353337.0230677
1725353337.0239818
1725353337.0450122
1725353337.0455508
1725353337.08444
1725353337.084906
1725353337.0885916
1725353337.089701
1725353337.096418
1725353337.1325226
1725353337.1347713
1725353337.135423
1725353337.1360307
1725353337.170311
1725353337.1708925
1725353337.1715872
1725353337.172051
1725353337.1725512
1725353337.1793945
1725353337.1982775
1725353337.1990666
1725353337.1997917
1725353337.202365
1725353337.2061489
1725353337.2069125
1725353337.207343
1725353337.229562
1725353337.235611
1725353337.2356412
1725353337.235664
1725353337.2357209
1725353337.274577
1725353337.3411152
1725353337.3782597
1725353337.379526
1725353337.3946264
1725353337.3959477
1725353337.3968277
1725353337.4080918
1725353337.4085567
1725353337.4092863
1725353337.4288661
1725353337.4860418
1725353337.492482
1725353337.4929338
1725353337.494001
1725353337.5028074
1725353337.5257795
1725353337.526368
1725353337.5341237
1725353337.5355296
1725353337.590731
1725353337.5983524
1725353337.60042
1725353337.6550364
1725353337.6562123
1725353337.6568098
1725353337.662507
1725353337.6713636
1725353337.672929
1725353337.6795661
1725353337.6836116
1725353337.6926978
1725353337.6934545
1725353337.7036889
1725353337.7072225
1725353337.7078402
1725353337.8589447
1725353337.8724651
1725353337.8759391
1725353337.883895
1725353337.8843637
1725353337.8850627
1725353337.8856587
1725353337.8871286
1725353337.9240036
1725353338.0204723
1725353338.0223327
1725353338.082302
1725353338.0831385
1725353338.0836225
1725353338.0929654
1725353338.107213
1725353338.1077504
1725353338.1966367
1725353338.1971612
1725353338.2113469
1725353338.2131536
1725353338.2598243
1725353338.2613776
1725353338.2678328
1725353338.2760336
1725353338.278574
1725353338.3122966
1725353338.3130689
1725353338.3142002
1725353338.327744
1725353338.3398883
1725353338.3403318
1725353338.3626275
1725353338.3692431
1725353338.3702953
1725353338.417535
1725353338.4182606
1725353338.4252038
1725353338.4651687
1725353338.465597
1725353338.4666672
1725353338.474867
1725353338.4768906
1725353338.4835212
1725353338.4847207
1725353338.5213172
1725353338.5225427
1725353338.569078
1725353338.5701425
1725353338.5976465
1725353338.6376805
1725353338.6385806
1725353338.7020195
1725353338.7024908
1725353338.7072668
1725353338.7080047
1725353338.7144923
1725353338.7154481
1725353338.727216
1725353338.7277143
1725353338.7282312
1725353338.7899563
1725353338.7906923
1725353338.854419
1725353338.8579745
1725353338.8585577
1725353338.866092
1725353338.8686209
1725353338.869681
1725353338.8748987
1725353338.875386
1725353338.8828578
1725353338.895582
1725353338.9211955
1725353338.9219966
1725353338.9287534
1725353338.934698
1725353338.9354773
1725353338.9388661
1725353338.9440055
1725353338.9450397
1725353338.9686506
1725353339.0076728
1725353339.0082989
1725353339.0220766
1725353339.0231078
1725353339.1006176
1725353339.1011755
1725353339.1148677
1725353339.1226273
1725353339.1249459
1725353339.1351593
1725353339.141043
1725353339.1429694
1725353339.1906917
1725353339.199371
1725353339.199829
1725353339.2370446
1725353339.237488
1725353339.2380648
1725353339.2652783
1725353339.290862
1725353339.2915807
1725353339.30959
1725353339.3110702
1725353339.3200634
1725353339.3209136
1725353339.3223786
1725353339.3238554
1725353339.332508
1725353339.3438506
1725353339.3446796
1725353339.3455126
1725353339.3477345
1725353339.349831
1725353339.3695056
1725353339.3708448
1725353339.3879051
1725353339.3894641
1725353339.3958397
1725353339.4034834
1725353339.4095998
1725353339.4104779
1725353339.411124
1725353339.4143946
1725353339.4152641
1725353339.4448473
1725353339.4604983
1725353339.461376
1725353339.4613972
1725353339.4614208
1725353339.461499
1725353339.473121
1725353339.5024061
1725353339.5120225
1725353339.563996
1725353339.5665755
1725353339.5912983
1725353339.5920386
1725353339.6279967
1725353339.6880846
1725353339.6889737
1725353339.6939893
1725353339.704441
1725353339.705425
1725353339.7061937
1725353339.7636845
1725353339.7644482
1725353339.907933
1725353340.2262478
1725353340.298265
1725353340.321795
1725353340.3227649
1725353340.3236747
1725353340.3657393
1725353340.4076812
1725353340.4090478
1725353340.4418185
1725353340.4870968
1725353340.4875565
1725353340.5959706
1725353340.596734
1725353340.6984386
1725353340.6999557
1725353340.7314072
1725353340.7319329
1725353340.8367167
1725353340.8384979
1725353340.8396451
1725353340.840795
1725353340.990061
1725353341.0020502
1725353341.0436854
1725353341.2317195
1725353341.2321708
1725353341.2661738
1725353341.2734916
1725353341.273941
1725353341.2743995
1725353341.4351716
1725353341.4359415
1725353341.4371595
1725353341.451999
1725353341.4524295
1725353341.5169806
1725353341.5973585
1725353341.5981557
1725353341.6531603
1725353341.6705725
1725353341.6714172
1725353341.7677562
1725353341.7829244
1725353341.783737
1725353341.785146
1725353341.8292425
1725353341.8797178
1725353342.0062423
1725353342.0073688
1725353342.0078292
1725353342.055002
1725353342.0582905
1725353342.0589387
1725353342.1013157
1725353342.188041
1725353342.188471
1725353342.4258237
1725353342.4263065
1725353342.4268575
1725353342.6446574
1725353342.6452198
1725353342.6460347
1725353342.667835
1725353342.7579162
1725353342.7600594
1725353342.761687
1725353342.9438004
1725353342.9852884
1725353342.994446
1725353342.9989915
1725353343.0012856
1725353343.0243802
1725353343.0257201
1725353343.0264208
1725353343.0288048
1725353343.0605664
1725353343.117089
1725353343.1673992
1725353343.1682293
1725353343.5077689
1725353343.5240498
1725353343.5245533
1725353343.525672
1725353343.6314754
1725353343.6321528
1725353343.716633
1725353343.7174106
1725353343.717974
1725353343.7184904
1725353343.728228
1725353343.7831233
1725353343.786547
1725353343.7874453
1725353343.789769
1725353343.8070319
1725353343.8077936
1725353343.8087327
1725353344.0583127
1725353344.0599544
1725353344.0674715
1725353344.1340768
1725353344.1349752
1725353344.160591
1725353344.161279
1725353344.250108
1725353344.286923
1725353344.4782934
1725353344.4800913
1725353344.5364597
1725353344.537199
1725353344.537572
1725353344.8297408
1725353344.8302033
1725353344.8656769
1725353344.8660762
1725353344.9911315
1725353344.9914339
1725353345.0009227
1725353345.0019362
1725353345.1712172
1725353345.1761703
1725353345.1767833
1725353345.1890388
1725353345.1899083
1725353345.1911378
1725353345.3184805
1725353345.3193283
1725353345.4035552
1725353345.403896
1725353345.4317768
1725353345.513118
1725353345.5145848
1725353345.5154564
1725353345.740762
1725353345.7519953
1725353345.7982128
1725353345.7998245
1725353345.7999518
1725353345.8000553
1725353345.8002076
1725353345.9041035
1725353346.209848
1725353346.4253778
1725353346.5330765
1725353346.5334964
1725353346.5357926
1725353346.5691972
1725353346.5698926
1725353346.5711293
1725353346.7184787
1725353346.7402866
1725353346.7407336
1725353346.8594422
1725353346.8620248
1725353346.904389
1725353347.0321655
1725353347.0326614
1725353347.0359526
1725353347.1233847
1725353347.132059
1725353347.1334386
1725353347.1740556
1725353347.289361
1725353347.2901013
1725353347.3008952
1725353347.3696215
1725353347.3710163
1725353347.4924936
1725353347.6983447
1725353347.8508413
1725353347.8517635
1725353347.9220822
1725353347.937293
1725353347.9383726
1725353347.939205
1725353347.9570723
1725353347.9575038
1725353347.9594858
1725353348.1592321
1725353348.163056
1725353348.1635418
1725353348.1731741
1725353348.2138855
1725353348.2620842
1725353348.263173
1725353348.4342172
1725353348.4351847
1725353348.4358184
1725353348.5912037
1725353348.6478984
1725353348.6649885
1725353348.7636337
1725353348.7809064
1725353348.7823186
1725353349.1433926
1725353349.1449592
1725353349.2767794
1725353349.2772408
1725353349.2789803
1725353349.3131666
1725353349.469143
1725353349.4706626
1725353349.4715357
1725353349.7290964
1725353349.729524
1725353349.7313397
1725353350.1017585
1725353350.1114557
1725353350.1575832
1725353350.1584296
1725353350.159784
1725353350.160218
1725353350.1675017
1725353350.1965253
1725353350.1979861
1725353350.2185936
1725353350.219749
1725353350.2305703
1725353350.2314696
1725353350.2724323
1725353350.283262
1725353350.283918
1725353350.2847936
1725353350.666617
1725353350.6673646
1725353350.6678524
1725353350.680427
1725353350.7111669
1725353350.8771877
1725353351.0022483
1725353351.0029612
1725353351.0076208
1725353351.0267217
1725353351.028677
1725353351.1931727
1725353351.193623
1725353351.3719685
1725353351.38469
1725353351.38544
1725353351.4737418
1725353351.5204394
1725353351.520892
1725353351.6806936
1725353351.8162172
1725353351.816978
1725353351.818315
1725353351.864376
1725353351.8752842
1725353352.177615
1725353352.1786191
1725353352.2660217
1725353352.2684495
1725353352.375849
1725353352.4861584
1725353352.4966898
1725353352.4972045
1725353352.497682
1725353352.4984634
1725353352.5184567
1725353352.519301
1725353352.5513234
1725353352.6494732
1725353352.6501997
1725353352.6536875
1725353352.6543243
1725353352.6695552
1725353352.6711917
1725353352.6937876
1725353352.9129963
1725353352.9150434
1725353352.915494
1725353353.0241945
1725353353.032633
1725353353.0335479
1725353353.0346777
1725353353.0351968
1725353353.4425178
1725353353.4619684
1725353353.4624715
1725353353.464899
1725353353.465397
1725353353.5850132
1725353353.589858
1725353353.7367756
1725353353.8308458
1725353353.8308775
1725353353.8309019
1725353353.8309445
1725353353.851265
1725353353.8865373
1725353353.9568121
1725353354.049016
1725353354.0520241
1725353354.1254945
1725353354.126809
1725353354.1276937
1725353354.2520158
1725353354.2531333
1725353354.2902212
1725353354.2923324
1725353354.4137883
1725353354.414266
1725353354.4147756
1725353354.4380636
1725353354.4401214
1725353354.4525695
1725353354.4531739
1725353354.5065017
1725353354.5073237
1725353354.5080035
1725353354.5084481
1725353354.5250196
1725353354.5265188
1725353354.5447106
1725353354.5624678
1725353354.5636964
1725353354.5644596
1725353354.6003036
1725353354.6059885
1725353354.6071205
1725353354.607881
1725353354.625909
1725353354.6372626
1725353354.638357
1725353354.639122
1725353354.6401167
1725353354.6788487
1725353354.7562437
1725353354.8850124
1725353354.885865
1725353354.9085016
1725353354.9184365
1725353354.9190774
1725353354.9200838
1725353354.990291
1725353354.9909818
1725353354.9918957
1725353355.0346887
1725353355.0353193
1725353355.0753841
1725353355.3019197
1725353355.3023338
1725353355.3032274
1725353355.4012535
1725353355.4024673
1725353355.5492256
1725353355.5496473
1725353355.584947
1725353355.7024102
1725353355.7719674
1725353355.7728686
1725353355.9144206
1725353356.0200138
1725353356.042619
1725353356.1769135
1725353356.1773674
1725353356.4827015
1725353356.618234
1725353356.6190171
1725353356.9006727
1725353356.9041226
1725353356.9045413
1725353356.9049945
1725353356.9241571
1725353357.0456388
1725353357.0564396
1725353357.0569723
1725353357.0574632
1725353357.0579274
1725353357.0809348
1725353357.0816538
1725353357.082542
1725353357.4202316
1725353357.5273452
1725353357.5812118
1725353357.5824842
1725353357.5829961
1725353357.6704116
1725353357.673278
1725353357.7481482
1725353357.7496998
1725353357.762339
1725353357.8520572
1725353357.8526928
1725353357.9806645
1725353358.2812552
1725353358.4688025
1725353358.470038
1725353358.520657
1725353358.6375713
1725353358.652853
1725353358.8131385
1725353358.8148403
1725353358.8156033
1725353358.8978322
1725353358.9918783
1725353358.993041
1725353358.9999666
1725353359.0325863
1725353359.0676718
1725353359.0681522
1725353359.135099
1725353359.1873667
1725353359.1885304
1725353359.1889923
1725353359.2522712
1725353359.2531397
1725353359.2538233
1725353359.2563622
1725353359.389541
1725353359.3941715
1725353359.3952315
1725353359.3957386
1725353359.3972683
1725353359.449216
1725353359.4504595
1725353359.4855084
1725353359.6392775
1725353359.6900337
1725353359.6958582
1725353359.6965756
1725353359.697593
1725353359.7366796
1725353359.7377114
1725353359.7389362
1725353359.8393848
1725353359.8719246
1725353359.8727093
1725353359.930159
1725353359.9724772
1725353360.0717988
1725353360.0838568
1725353360.085078
1725353360.0989544
1725353360.158271
1725353360.158969
1725353360.240685
1725353360.2855117
1725353360.2855418
1725353360.2855651
1725353360.285618
1725353360.2949948
1725353360.4134965
1725353360.608808
1725353360.6948476
1725353360.6958349
1725353360.7857924
1725353360.7863803
1725353360.7869995
1725353360.848853
1725353360.8849235
1725353360.893015
1725353361.2416792
1725353361.261101
1725353361.261608
1725353361.2632632
1725353361.2637568
1725353361.367416
1725353361.3832743
1725353361.3865283
1725353361.525995
1725353361.526809
1725353361.5278919
1725353361.7091432
1725353361.7095797
1725353361.7176213
1725353361.774226
1725353361.775945
1725353361.782006
1725353361.7843974
1725353362.133497
1725353362.2116675
1725353362.2122946
1725353362.5634627
1725353362.5731637
1725353362.7303774
1725353362.7311594
1725353362.8446474
1725353362.8724952
1725353362.8735023
1725353362.8840287
1725353362.9519203
1725353362.9526577
1725353362.9533627
1725353362.9649913
1725353363.0414083
1725353363.0870833
1725353363.0876107
1725353363.0884612
1725353363.1099849
1725353363.1671956
1725353363.1807904
1725353363.1814828
1725353363.243091
1725353363.2449605
1725353363.2476377
1725353363.4230063
1725353363.4240482
1725353363.4739783
1725353363.4757721
1725353363.585774
1725353363.5862305
1725353363.8308146
1725353363.951488
1725353363.9536543
1725353364.0352812
1725353364.0866323
1725353364.08722
1725353364.1396224
1725353364.1893826
1725353364.1903546
1725353364.191246
1725353364.230162
1725353364.2594657
1725353364.2812653
1725353364.2816935
1725353364.2824461
1725353364.2894483
1725353364.3119805
1725353364.3130045
1725353364.315962
1725353364.31798
1725353364.3188944
1725353364.3195772
1725353364.390252
1725353364.3914206
1725353364.4607012
1725353364.4622488
1725353364.471268
1725353364.472114
1725353364.4733667
1725353364.4811223
1725353364.5812006
1725353364.5925598
1725353364.618839
1725353364.7391803
1725353364.7398705
1725353364.7421985
1725353364.7431674
1725353364.7822812
1725353364.7834442
1725353364.8483288
1725353364.8491757
1725353364.8497138
1725353364.8758667
1725353364.8766177
1725353364.8797567
1725353365.1513548
1725353365.1561964
1725353365.1588027
1725353365.3520985
1725353365.352911
1725353365.363126
1725353365.416004
1725353365.504716
1725353365.5062943
1725353365.565779
1725353365.5669158
1725353365.6860113
1725353365.6864648
1725353365.6869643
1725353365.7229688
1725353365.7326472
1725353365.7331252
1725353365.8910832
1725353365.892049
1725353365.9260817
1725353365.926525
1725353366.0008323
1725353366.0042827
1725353366.0048666
1725353366.0053632
1725353366.0635786
1725353366.2556646
1725353366.4227684
1725353366.424124
1725353366.4250803
1725353366.6499448
1725353366.6503124
1725353366.6864624
1725353366.9642487
1725353366.964912
1725353367.1614292
1725353367.1650388
1725353367.250848
1725353367.2592614
1725353367.2597034
1725353367.4864056
1725353367.489367
1725353367.501814
1725353367.5026257
1725353367.5434918
1725353367.5458133
1725353367.5468416
1725353367.547827
1725353367.7166348
1725353367.717556
1725353367.7195415
1725353367.937377
1725353367.9379838
1725353367.9393587
1725353367.9954023
1725353368.000567
1725353368.0116751
1725353368.147505
1725353368.1531734
1725353368.1545062
1725353368.19428
1725353368.1958716
1725353368.2484565
1725353368.3456855
1725353368.3648946
1725353368.4393373
1725353368.541102
1725353368.5421293
1725353368.5732517
1725353368.5747895
1725353368.5811443
1725353368.7713978
1725353368.7718377
1725353368.7748225
1725353368.865638
1725353368.8680837
1725353368.8884523
1725353368.8891864
1725353368.9489286
1725353368.9496303
1725353369.2513263
1725353369.251775
1725353369.3065457
1725353369.4190006
1725353369.419929
1725353369.4388855
1725353369.439599
1725353369.4409578
1725353369.4638982
1725353369.4653385
1725353369.4673815
1725353369.8552558
1725353369.8563237
1725353369.9217625
1725353369.922238
1725353370.1377902
1725353370.1402872
1725353370.2461019
1725353370.2467651
1725353370.2493045
1725353370.2824616
1725353370.2906072
1725353370.291377
1725353370.2919939
1725353370.3025947
1725353370.3034587
1725353370.3047135
1725353370.3064106
1725353370.4316802
1725353370.432935
1725353370.5686615
1725353370.5692704
1725353370.5760355
1725353370.6179504
1725353370.6852193
1725353370.6856644
1725353370.7383993
1725353370.739392
1725353370.7394195
1725353370.753083
1725353371.3825464
1725353371.4179192
1725353371.4343216
1725353371.435128
1725353371.4361918
1725353371.4600713
1725353371.556471
1725353371.5570629
1725353371.9628284
1725353372.048329
1725353372.049421
1725353372.080915
1725353372.0822885
1725353372.121998
1725353372.291541
1725353372.2919564
1725353372.2932217
1725353372.3223114
1725353372.322919
1725353372.418313
1725353372.4420276
1725353372.4427927
1725353372.4435785
1725353372.4441924
1725353372.5727363
1725353372.5734286
1725353372.5751472
1725353372.6190836
1725353372.6197457
1725353372.6219912
1725353372.6869721
1725353372.6876419
1725353372.710883
1725353372.7784896
1725353372.7815316
1725353372.7826061
1725353372.7840197
1725353372.8033123
1725353372.8338563
1725353372.834585
1725353372.8490057
1725353372.8495383
1725353372.8915331
1725353372.8935006
1725353372.929877
1725353372.930657
1725353373.044539
1725353373.0454624
1725353373.21579
1725353373.2166398
1725353373.2322028
1725353373.4737082
1725353373.493449
1725353373.6253831
1725353373.6328115
1725353373.7016168
1725353373.7024586
1725353373.7397127
1725353373.740537
1725353373.7416754
1725353373.7551258
1725353373.75655
1725353373.7988393
1725353373.8650498
1725353373.8662057
1725353373.8919268
1725353373.905479
1725353373.9062667
1725353373.9069564
1725353374.0830605
1725353374.083929
1725353374.085875
1725353374.3977892
1725353374.4383605
1725353374.4408665
1725353374.4486275
1725353374.4543672
1725353374.4552062
1725353374.4557858
1725353374.5595298
1725353374.5612473
1725353374.5633845
1725353374.6234114
1725353374.7192106
1725353374.7200484
1725353374.7204938
1725353374.875817
1725353375.170317
1725353375.171421
1725353375.1773512
1725353375.1782212
1725353375.1807504
1725353375.2156682
1725353375.2161617
1725353375.324707
1725353375.3255243
1725353375.3834841
1725353375.3841302
1725353375.3847058
1725353375.5065448
1725353375.5075054
1725353375.5906312
1725353375.591188
1725353375.6181011
1725353375.713607
1725353375.7145777
1725353375.8416913
1725353375.8706024
1725353375.9771848
1725353375.9776256
1725353375.978599
1725353375.992549
1725353376.0164316
1725353376.0169728
1725353376.06258
1725353376.063052
1725353376.2007604
1725353376.2916682
1725353376.2932577
1725353376.5198536
1725353376.522803
1725353376.583062
1725353376.6596649
1725353376.660117
1725353376.7416203
1725353376.7422268
1725353376.7441823
1725353376.760332
1725353376.824542
1725353376.9021025
1725353376.902948
1725353376.9681365
1725353376.9693594
1725353376.9704201
1725353377.0719743
1725353377.0731177
1725353377.09083
1725353377.2248797
1725353377.2266629
1725353377.2272508
1725353377.2581644
1725353377.2641425
1725353377.2653062
1725353377.3701658
1725353377.3710568
1725353377.3825223
1725353377.4932284
1725353377.4943407
1725353377.4954019
1725353377.5003612
1725353377.5473502
1725353377.5500598
1725353377.5521476
1725353377.636611
1725353377.6373615
1725353377.638788
1725353377.6430364
1725353377.6434834
1725353377.6989017
1725353377.718576
1725353377.7286153
1725353377.7709615
1725353377.771446
1725353377.8554397
1725353377.8561473
1725353377.9530957
1725353377.9813516
1725353378.090111
1725353378.1560023
1725353378.157073
1725353378.1672916
1725353378.1689277
1725353378.1742477
1725353378.3209634
1725353378.3227432
1725353378.324396
1725353378.3251183
1725353378.34102
1725353378.3419192
1725353378.3424761
1725353378.6323073
1725353378.6332803
1725353379.0885997
1725353379.089382
1725353379.089817
1725353379.2337024
1725353379.2885513
1725353379.2894323
1725353379.3195772
1725353379.3209085
1725353379.3217025
1725353379.3968346
1725353379.397623
1725353379.4098325
1725353379.4506571
1725353379.4520335
1725353379.697602
1725353379.698069
1725353379.698562
1725353379.6990664
1725353379.703919
1725353379.7549148
1725353379.7559483
1725353379.7573493
1725353379.7846894
1725353379.818752
1725353379.8196976
1725353379.8207026
1725353379.9182696
1725353379.9560802
1725353379.9565003
1725353380.132903
1725353380.214376
1725353380.2144015
1725353380.214419
1725353380.2150521
1725353380.3758533
1725353380.4562283
1725353381.378166
1725353381.4177446
1725353381.5054743
1725353381.537675
1725353381.5381713
1725353381.538674
1725353381.5670373
1725353381.57078
1725353381.5724976
1725353381.5735245
1725353381.589609
1725353381.6314592
1725353381.6519103
1725353381.6928556
1725353381.795265
1725353381.8178246
1725353381.8200133
1725353381.849983
1725353381.8507953
1725353381.8822877
1725353381.8843982
1725353381.9511914
1725353381.9528413
1725353381.9575222
1725353381.9580483
1725353382.0933592
1725353382.093832
1725353382.2050524
1725353382.2083297
1725353382.3680186
1725353382.4671478
1725353382.5084085
1725353382.5441077
1725353382.544783
1725353382.545866
1725353382.556959
1725353382.559054
1725353382.5661395
1725353382.5720956
1725353382.6541188
1725353382.6550403
1725353382.6856303
1725353382.687106
1725353382.7481852
1725353382.7501628
1725353382.7821212
1725353382.7830555
1725353382.7955868
1725353382.796032
1725353382.7968636
1725353382.8126185
1725353382.932249
1725353382.9603417
1725353382.9629145
1725353382.9641833
1725353382.9677796
1725353382.9778678
1725353382.9786289
1725353383.1817603
1725353383.18264
1725353383.3186996
1725353383.3200877
1725353383.3219705
1725353383.3242164
1725353383.3538883
1725353383.373073
1725353383.4057226
1725353383.407252
1725353383.407713
1725353383.4148862
1725353383.4156556
1725353383.4259706
1725353383.42765
1725353383.4323218
1725353383.4336073
1725353383.5820332
1725353383.6002378
1725353383.601007
1725353383.6015913
1725353383.6272879
1725353383.6285272
1725353383.7352219
1725353383.7364492
1725353383.7371645
1725353383.820775
1725353383.8212185
1725353383.8448367
1725353383.845638
1725353383.8488412
1725353383.8580387
1725353383.8589032
1725353383.8593764
1725353383.888631
1725353383.8890717
1725353383.8897133
1725353383.9348683
1725353384.075622
1725353384.150875
1725353384.151812
1725353384.1527073
1725353384.4028788
1725353384.4046068
1725353384.4672816
1725353384.488892
1725353384.4908142
1725353384.4919634
1725353384.508753
1725353384.5157518
1725353384.5171392
1725353384.5718868
1725353384.5726805
1725353384.5734048
1725353384.6961694
1725353384.7604983
1725353384.7622607
1725353384.7645864
1725353384.8727472
1725353385.053146
1725353385.2036607
1725353385.23012
1725353385.2352672
1725353385.2782762
1725353385.2814524
1725353385.2822793
1725353385.3194282
1725353385.3202822
1725353385.3214104
1725353385.3239813
1725353385.3550267
1725353385.4689171
1725353385.4697077
1725353385.472843
1725353385.590221
1725353385.5907283
1725353385.7907858
1725353385.922925
1725353385.9234254
1725353385.9241786
1725353386.0827658
1725353386.0838447
1725353386.1335285
1725353386.1348667
1725353386.1872559
1725353386.1887157
1725353386.3065877
1725353386.307103
1725353386.3080575
1725353386.6089928
1725353386.621245
1725353386.622739
1725353386.6435823
1725353386.7156658
1725353387.0075107
1725353387.1318173
1725353387.1322181
1725353387.2260177
1725353387.2286198
1725353387.229756
1725353387.325919
1725353387.402773
1725353387.4037433
1725353387.4044988
1725353387.4084313
1725353387.4119396
1725353387.4127386
1725353387.43328
1725353387.4337485
1725353387.434459
1725353387.5212605
1725353387.5217066
1725353387.5567682
1725353387.558629
1725353387.5797076
1725353387.5809073
1725353387.5875626
1725353387.8467336
1725353387.8485332
1725353387.8776882
1725353387.8792212
1725353387.9478583
1725353387.9482906
1725353388.0516193
1725353388.05329
1725353388.072131
1725353388.1872163
1725353388.1878908
1725353388.4326634
1725353388.481854
1725353388.4819684
1725353388.4820662
1725353388.491749
1725353388.8978033
1725353388.897844
1725353388.8978765
1725353388.9547546
1725353388.9606993
1725353389.1264591
1725353389.2382467
1725353389.2953072
1725353389.3515053
1725353389.3520494
1725353389.3732712
1725353389.3763983
1725353389.3943639
1725353389.3951042
1725353389.4059834
1725353389.4079092
1725353389.4495254
1725353389.4508612
1725353389.5124822
1725353389.5287037
1725353389.6078105
1725353389.6091528
1725353389.7806985
1725353389.8158035
1725353389.88944
1725353390.2335675
1725353390.3464549
1725353390.3659089
1725353390.3672202
1725353390.3859837
1725353390.5019503
1725353390.5124702
1725353390.5129037
1725353390.7946012
1725353390.7953925
1725353390.7964187
1725353390.8060975
1725353390.8068352
1725353390.866102
1725353390.867204
1725353390.9189851
1725353390.9198375
1725353390.9268088
1725353390.9289992
1725353390.947716
1725353390.95909
1725353390.9653974
1725353390.9658885
1725353390.966328
1725353390.9671178
1725353391.411732
1725353391.4131808
1725353391.41363
1725353391.5008583
1725353391.5018756
1725353391.6073124
1725353391.6083539
1725353391.60907
1725353391.6354756
1725353391.7169793
1725353391.717755
1725353391.772415
1725353391.9051187
1725353391.9059474
1725353391.9174693
1725353391.9176085
1725353391.933837
1725353391.939665
1725353391.9410944
1725353392.0403678
1725353392.0511048
1725353392.0871243
1725353392.087917
1725353392.1117947
1725353392.1136158
1725353392.1397526
1725353392.1404839
1725353392.1465423
1725353392.148949
1725353392.1795776
1725353392.4611444
1725353392.463782
1725353392.4644818
1725353392.4655943
1725353392.4992661
1725353392.5034916
1725353392.626689
1725353392.627563
1725353392.6280434
1725353392.6602795
1725353392.663324
1725353392.6645014
1725353392.7883804
1725353392.8007224
1725353392.802135
1725353392.9518404
1725353392.9532554
1725353392.9540033
1725353393.259281
1725353393.2602255
1725353393.2624454
1725353393.2819188
1725353393.2862399
1725353393.4744778
1725353393.4752245
1725353393.4758554
1725353393.5712626
1725353393.5726862
1725353393.5841217
1725353393.7164755
1725353393.7170832
1725353393.792703
1725353393.7939003
1725353393.887564
1725353393.9274607
1725353393.92824
1725353393.9291298
1725353393.9297433
1725353394.0032084
1725353394.0042052
1725353394.2826438
1725353394.3917377
1725353394.392458
1725353394.4554672
1725353394.456354
1725353394.4570248
1725353394.5385578
1725353394.5392263
1725353394.5398662
1725353394.8617594
1725353394.8767364
1725353394.8774464
1725353394.8918095
1725353394.892473
1725353394.9125419
1725353394.9619308
1725353394.9627795
1725353394.963463
1725353395.0258617
1725353395.028405
1725353395.0488229
1725353395.0560515
1725353395.0566516
1725353395.05771
1725353395.1010387
1725353395.104655
1725353395.1062827
1725353395.1074514
1725353395.1260905
1725353395.126985
1725353395.1536856
1725353395.1830816
1725353395.1831188
1725353395.1831484
1725353395.1832337
1725353395.2412324
1725353395.2515485
1725353395.321989
1725353395.36799
1725353395.3951066
1725353395.423598
1725353395.4242795
1725353395.4550798
1725353395.4557645
1725353395.5483406
1725353395.6064537
1725353395.6074166
1725353395.6142836
1725353395.6159754
1725353395.62268
1725353395.707676
1725353395.7082717
1725353395.7118304
1725353395.730752
1725353395.7315118
1725353395.7331324
1725353395.7560358
1725353395.7579765
1725353395.7703402
1725353395.771036
1725353395.7729578
1725353395.8229766
1725353395.8313568
1725353395.8330028
1725353395.8713925
1725353395.872698
1725353395.8802173
1725353395.931126
1725353395.931726
1725353395.935863
1725353395.964728
1725353395.9709146
1725353395.9848027
1725353395.9859
1725353396.0093446
1725353396.010615
1725353396.0194347
1725353396.021505
1725353396.0243735
1725353396.03027
1725353396.0313296
1725353396.0320065
1725353396.0335145
1725353396.043478
1725353396.046001
1725353396.0579324
1725353396.059811
1725353396.06936
1725353396.0957317
1725353396.1130817
1725353396.1136978
1725353396.1143293
1725353396.124348
1725353396.1674309
1725353396.248652
1725353396.249318
1725353396.3203216
1725353396.3212924
1725353396.327485
1725353396.3289056
1725353396.355192
1725353396.3558576
1725353396.3915834
1725353396.4204094
1725353396.585779
1725353396.636798
1725353396.637914
1725353396.6394875
1725353396.6470368
1725353396.6647651
1725353396.6661863
1725353396.6958413
1725353396.6975222
1725353396.7025287
1725353396.7045758
1725353396.7630374
1725353396.7648678
1725353396.7661088
1725353396.7677736
1725353396.8639972
1725353396.864731
1725353396.880137
1725353396.880815
1725353396.9061253
1725353396.908749
1725353396.964154
1725353396.9647658
1725353397.0288653
1725353397.0512018
1725353397.052384
1725353397.0672438
1725353397.0688934
1725353397.0713017
1725353397.071954
1725353397.0725951
1725353397.0899162
1725353397.090057
1725353397.1041007
1725353397.110324
1725353397.1118495
1725353397.1233363
1725353397.123968
1725353397.1395862
1725353397.1409822
1725353397.141588
1725353397.2044399
1725353397.210006
1725353397.2100441
1725353397.2100742
1725353397.2101564
1725353397.2878988
1725353397.3097115
1725353397.386325
1725353397.4052854
1725353397.431263
1725353397.4335508
1725353397.441568
1725353397.4439142
1725353397.4472246
1725353397.4480803
1725353397.4487512
1725353397.475506
1725353397.5135832
1725353397.5155683
1725353397.5472887
1725353397.5492427
1725353397.5556407
1725353397.565432
1725353397.5663128
1725353397.6150517
1725353397.6243067
1725353397.6249118
1725353397.6284044
1725353397.6356318
1725353397.6366708
1725353397.6531935
1725353397.665818
1725353397.6665046
1725353397.6694653
1725353397.670583
1725353397.6893687
1725353397.6902802
1725353397.6912673
1725353397.7205708
1725353397.7250192
1725353397.7256873
1725353397.7525747
1725353397.7719202
1725353397.7725396
1725353397.797935
1725353397.8029366
1725353397.805923
1725353397.8066025
1725353397.82886
1725353397.8299155
1725353397.8307767
1725353397.8646119
1725353397.865217
1725353397.967042
1725353397.9759011
1725353398.0371637
1725353398.0840733
1725353398.0850382
1725353398.0856953
1725353398.0972178
1725353398.111502
1725353398.1128888
1725353398.144284
1725353398.1449032
1725353398.1528163
1725353398.1544766
1725353398.1638231
1725353398.1835873
1725353398.1854203
1725353398.1861923
1725353398.204123
1725353398.20515
1725353398.2154188
1725353398.229654
1725353398.2655015
1725353398.2683544
1725353398.2689853
1725353398.2712023
1725353398.3225274
1725353398.3238845
1725353398.33345
1725353398.3505874
1725353398.352086
1725353398.3948832
1725353398.395559
1725353398.4062421
1725353398.4068692
1725353398.417286
1725353398.4203737
1725353398.4226289
1725353398.4233496
1725353398.482018
1725353398.6339333
1725353398.636028
1725353398.659259
1725353398.6605468
1725353398.6946645
1725353398.6954162
1725353398.7073019
1725353398.7076166
1725353398.71132
1725353398.7119398
1725353398.720151
1725353398.7223623
1725353398.7262323
1725353398.7661908
1725353398.7672899
1725353398.7685614
1725353398.7776427
1725353398.7803419
1725353398.7832527
1725353398.8372593
1725353398.9301198
1725353398.9308307
1725353398.9372842
1725353398.9625878
1725353398.9700825
1725353398.971426
1725353398.9856675
1725353399.0075521
1725353399.0086317
1725353399.0310946
1725353399.03331
1725353399.0567915
1725353399.0580158
1725353399.0742164
1725353399.074966
1725353399.132932
1725353399.1335611
1725353399.1344838
1725353399.2163491
1725353399.3162086
1725353399.3169339
1725353399.3317404
1725353399.3358214
1725353399.336436
1725353399.4096775
1725353399.4107213
1725353399.4114766
1725353399.447064
1725353399.5614107
1725353399.5620239
1725353399.5637894
1725353399.566336
1725353399.5676556
1725353399.5783772
1725353399.5795166
1725353399.580248
1725353399.6108253
1725353399.612668
1725353399.613416
1725353399.6140506
1725353399.6820087
1725353399.683321
1725353399.8052437
1725353399.8058593
1725353399.8619633
1725353399.9024818
1725353399.903299
1725353399.9767509
1725353399.9773366
1725353399.9781199
1725353399.9936466
1725353400.0231338
1725353400.0390637
1725353400.0400136
1725353400.1219037
1725353400.1253843
1725353400.1731904
1725353400.1739392
1725353400.1745963
1725353400.4904194
1725353400.4926348
1725353400.497046
1725353400.4985979
1725353400.5006647
1725353400.5989037
1725353400.6014
1725353400.6077352
1725353400.6092365
1725353400.621855
1725353400.6625862
1725353400.711709
1725353400.7141194
1725353400.7169704
1725353400.7202296
1725353400.7209098
1725353400.7333705
1725353400.7357774
1725353400.7423954
1725353400.7446477
1725353400.7560432
1725353400.756929
1725353400.7636106
1725353400.7648954
1725353400.7754188
1725353400.7761748
1725353400.7794728
1725353400.7880888
1725353400.797406
1725353400.7982404
1725353400.7989306
1725353400.832084
1725353400.8343465
1725353400.8750553
1725353400.9809275
1725353400.98208
1725353400.9860759
1725353400.98742
1725353400.9891384
1725353400.9912107
1725353400.9927466
1725353401.0135188
1725353401.0145404
1725353401.038814
1725353401.038958
1725353401.065046
1725353401.1139154
1725353401.116827
1725353401.1206553
1725353401.121324
1725353401.1274924
1725353401.1281044
1725353401.1943495
1725353401.1960595
1725353401.2544363
1725353401.2637014
1725353401.2991703
1725353401.300119
1725353401.308543
1725353401.339666
1725353401.3404932
1725353401.342269
1725353401.4031184
1725353401.4222436
1725353401.4229348
1725353401.5446405
1725353401.5450592
1725353401.6229126
1725353401.6236515
1725353401.6243808
1725353401.626048
1725353401.6272807
1725353401.634407
1725353401.6437058
1725353401.644856
1725353401.687795
1725353401.6951241
1725353401.6959655
1725353401.7056715
1725353401.70745
1725353401.7086596
1725353401.710159
1725353401.7165382
1725353401.7171426
1725353401.717765
1725353401.850644
1725353401.8535233
1725353401.880924
1725353401.8819478
1725353401.8922255
1725353401.894976
1725353401.920257
1725353401.920895
1725353402.058091
1725353402.059128
1725353402.0591784
1725353402.0592086
1725353402.0613873
1725353402.1054351
1725353402.1424024
1725353402.2117748
1725353402.231164
1725353402.2335768
1725353402.2523823
1725353402.3145003
1725353402.3166845
1725353402.3173316
1725353402.3211355
1725353402.3223796
1725353402.3236122
1725353402.4041142
1725353402.4045377
1725353402.4047563
1725353402.4194193
1725353402.4789429
1725353402.4791236
1725353402.5362203
1725353402.536847
1725353402.5374756
1725353402.544572
1725353402.5469062
1725353402.569367
1725353402.5855093
1725353402.5884116
1725353402.6009076
1725353402.6025417
1725353402.6032946
1725353402.621351
1725353402.7181423
1725353402.7197573
1725353402.7205093
1725353402.7271419
1725353402.7282357
1725353402.8004396
1725353402.8167431
1725353402.9643924
1725353402.9921625
1725353402.992866
1725353403.0021873
1725353403.0035677
1725353403.129305
1725353403.1300523
1725353403.152251
1725353403.1528153
1725353403.1854577
1725353403.1932492
1725353403.1940727
1725353403.1950872
1725353403.2041523
1725353403.2050126
1725353403.2225084
1725353403.2244604
1725353403.2324739
1725353403.23451
1725353403.2438493
1725353403.245437
1725353403.3134038
1725353403.3154988
1725353403.316493
1725353403.340341
1725353403.3724525
1725353403.3974085
1725353403.399698
1725353403.4006386
1725353403.4019756
1725353403.452824
1725353403.4538796
1725353403.454501
1725353403.4838607
1725353403.485202
1725353403.5414574
1725353403.5488148
1725353403.5494516
1725353403.5511973
1725353403.580436
1725353403.5810404
1725353403.5816774
1725353403.5931506
1725353403.6031945
1725353403.6778033
1725353403.6785004
1725353403.7401845
1725353403.7408037
1725353403.7414145
1725353403.742017
1725353403.760367
1725353403.7652762
1725353403.80688
1725353403.8081784
1725353403.822856
1725353403.8229902
1725353403.9333649
1725353403.935493
1725353403.9894474
1725353403.990645
1725353404.0184784
1725353404.0374281
1725353404.0384347
1725353404.072348
1725353404.0729752
1725353404.0836847
1725353404.095345
1725353404.096023
1725353404.1297746
1725353404.1711023
1725353404.1717381
1725353404.176959
1725353404.1776025
1725353404.1884224
1725353404.1969647
1725353404.2076776
1725353404.2083333
1725353404.215145
1725353404.2157912
1725353404.2232058
1725353404.224615
1725353404.2309215
1725353404.2315946
1725353404.2740095
1725353404.2908533
1725353404.2915103
1725353404.3069646
1725353404.34021
1725353404.3436785
1725353404.3446734
1725353404.3524156
1725353404.360735
1725353404.4128947
1725353404.4135473
1725353404.4144766
1725353404.4286003
1725353404.4295511
1725353404.4302475
1725353404.4503322
1725353404.453689
1725353404.47521
1725353404.4770432
1725353404.4777787
1725353404.5531294
1725353404.562835
1725353404.5635333
1725353404.5756636
1725353404.5776377
1725353404.578292
1725353404.5866323
1725353404.587924
1725353404.5957224
1725353404.5984294
1725353404.5992148
1725353404.6245375
1725353404.6264718
1725353404.6423776
1725353404.644155
1725353404.644763
1725353404.6531982
1725353404.6555393
1725353404.6733358
1725353404.674815
1725353404.6882126
1725353404.7573278
1725353404.7579749
1725353404.776952
1725353404.7784445
1725353404.7791126
1725353404.811949
1725353404.8130727
1725353404.8131094
1725353404.8131413
1725353404.8607767
1725353405.002731
1725353405.0422456
1725353405.0686684
1725353405.0699415
1725353405.076001
1725353405.0783477
1725353405.097204
1725353405.0990138
1725353405.099647
1725353405.1159692
1725353405.1217027
1725353405.123043
1725353405.131631
1725353405.1322799
1725353405.138629
1725353405.1520813
1725353405.203396
1725353405.2042696
1725353405.2243981
1725353405.2292433
1725353405.2307658
1725353405.2316718
1725353405.2326605
1725353405.2521904
1725353405.2566712
1725353405.2670245
1725353405.2679243
1725353405.2688622
1725353405.2844596
1725353405.3486338
1725353405.3495986
1725353405.3504488
1725353405.4128785
1725353405.4136174
1725353405.4145532
1725353405.4306157
1725353405.4313917
1725353405.4402092
1725353405.4658368
1725353405.4804375
1725353405.4819062
1725353405.5266805
1725353405.5279331
1725353405.5341578
1725353405.5354235
1725353405.5490615
1725353405.5512397
1725353405.5518527
1725353405.5709932
1725353405.5860069
1725353405.5870442
1725353405.5876656
1725353405.5973785
1725353405.59808
1725353405.631894
1725353405.6807976
1725353405.6828096
1725353405.7124698
1725353405.7608774
1725353405.7614357
1725353405.8012452
1725353405.8017902
1725353405.8023605
1725353405.8430693
1725353405.8439436
1725353405.8447752
1725353405.872018
1725353405.8726532
1725353405.8732398
1725353405.875467
1725353405.8760371
1725353405.8769944
1725353405.9024644
1725353405.9031708
1725353405.9073918
1725353405.908037
1725353405.9086487
1725353405.940166
1725353405.9407265
1725353405.9660354
1725353405.990155
1725353406.0105863
1725353406.012166
1725353406.0196202
1725353406.0206914
1725353406.044081
1725353406.045012
1725353406.0500093
1725353406.0518868
1725353406.0529573
1725353406.0657024
1725353406.0662675
1725353406.0820925
1725353406.0834086
1725353406.0973732
1725353406.100118
1725353406.101905
1725353406.1154385
1725353406.1161988
1725353406.153653
1725353406.1546402
1725353406.156173
1725353406.201069
1725353406.201686
1725353406.2255392
1725353406.2263644
1725353406.2285352
1725353406.2426782
1725353406.244259
1725353406.2530515
1725353406.2692695
1725353406.2815595
1725353406.282796
1725353406.2833064
1725353406.2886605
1725353406.2891464
1725353406.3186262
1725353406.3202894
1725353406.329232
1725353406.3640447
1725353406.3645153
1725353406.3651474
1725353406.381013
1725353406.3820891
1725353406.394958
1725353406.4169905
1725353406.41771
1725353406.4189532
1725353406.4255424
1725353406.4267814
1725353406.4313061
1725353406.4327462
1725353406.4333138
1725353406.454417
1725353406.4657714
1725353406.4666429
1725353406.4674318
1725353406.4701695
1725353406.4709837
1725353406.4810688
1725353406.5228899
1725353406.5233977
1725353406.5668147
1725353406.5674725
1725353406.568335
1725353406.5688202
1725353406.5922868
1725353406.6033304
1725353406.6039662
1725353406.604473
1725353406.613765
1725353406.6158237
1725353406.6425626
1725353406.6453724
1725353406.669276
1725353406.6697319
1725353406.6740224
1725353406.6753783
1725353406.6814353
1725353406.700454
1725353406.7014034
1725353406.701889
1725353406.7023602
1725353406.721695
1725353406.758143
1725353406.7815943
1725353406.781633
1725353406.7816622
1725353406.781726
1725353406.8065956
1725353406.8230789
1725353406.8367434
1725353406.8391678
1725353406.8399324
1725353406.840445
1725353406.8480282
1725353406.8485448
1725353406.8489656
1725353406.888508
1725353406.8889017
1725353406.8895893
1725353406.8900838
1725353406.9100485
1725353406.9158328
1725353406.9162362
1725353406.9170222
1725353406.9312696
1725353406.9412887
1725353406.9420073
1725353406.9438012
1725353406.9611146
1725353406.9618337
1725353406.9619367
1725353406.9677367
1725353406.9889615
1725353406.991163
1725353406.9935322
1725353406.994631
1725353406.9950874
1725353406.9955072
1725353407.0008771
1725353407.0074492
1725353407.0081563
1725353407.0086732
1725353407.009121
1725353407.0095508
1725353407.0142944
1725353407.0163426
1725353407.0814943
1725353407.0878332
1725353407.108271
1725353407.10918
1725353407.1367629
1725353407.137504
1725353407.1487632
1725353407.149182
1725353407.1501856
1725353407.1573012
1725353407.171605
1725353407.1720307
1725353407.1724827
1725353407.1959078
1725353407.196593
1725353407.1972432
1725353407.197592
1725353407.2580423
1725353407.258311
1725353407.293267
1725353407.2939456
1725353407.2954757
1725353407.2957828
1725353407.3098857
1725353407.3114173
1725353407.3124628
1725353407.3128028
1725353407.3131375
1725353407.340754
1725353407.341026
1725353407.3417118
1725353407.3744621
1725353407.3751245
1725353407.3756528
1725353407.3760216
1725353407.3763564
1725353407.3789175
1725353407.4087963
1725353407.4104548
1725353407.4118288
1725353407.4142926
1725353407.4497745
1725353407.4508796
1725353407.4511955
1725353407.4515176
1725353407.4678152
1725353407.4813228
1725353407.4823685
1725353407.4828386
1725353407.483207
1725353407.4835582
1725353407.4938195
1725353407.4941254
1725353407.5068598
1725353407.5073714
1725353407.5077398
1725353407.5390503
1725353407.5393996
1725353407.539751
1725353407.540572
1725353407.5411153
1725353407.542807
1725353407.5437634
1725353407.5768833
1725353407.5776587
1725353407.5780025
1725353407.5788765
1725353407.579197
1725353407.5816472
1725353407.5935194
1725353407.594275
1725353407.6018813
1725353407.6199648
1725353407.6203275
1725353407.6206567
1725353407.6209862
1725353407.6215565
1725353407.6315186
1725353407.63175
1725353407.6448436
1725353407.6451128
1725353407.6455615
1725353407.6482136
1725353407.6727922
1725353407.6760669
1725353407.676317
1725353407.6765738
1725353407.6849368
1725353407.6851773
1725353407.6854317
1725353407.6856835
1725353407.6932483
1725353407.6952
1725353407.7213945
1725353407.7216663
1725353407.7219281
1725353407.7387881
1725353407.73903
1725353407.7393003
1725353407.8105614
1725353407.811618
1725353407.8153381
1725353407.8393528
1725353407.8399782
1725353407.8577824
1725353407.8595
1725353407.8651774
1725353407.8670216
1725353407.886483
1725353407.9197907
1725353407.920487
1725353407.9258854
1725353407.927282
1725353407.943923
1725353407.9756036
1725353407.9949708
1725353408.0077736
1725353408.0181446
1725353408.0397758
1725353408.0775788
1725353408.1088607
1725353408.152882
1725353408.1732666
1725353408.175051
1725353408.204897
1725353408.229086
1725353408.2676132
1725353408.2712896
1725353408.2763727
1725353408.2883172
1725353408.3030994
1725353408.3250508
1725353408.3377688
1725353408.3874056
1725353408.3875723
1725353408.3922591
1725353408.4289117
1725353408.4712424
1725353408.4719896
1725353408.509121
1725353408.5092819
1725353408.5371585
1725353408.537315
1725353408.5930233
1725353408.593272
1725353408.6198084
1725353408.6200013
1725353408.9881115
1725353408.9897127
1725353408.9916482
1725353408.9929385
1725353409.006101
1725353409.0259216
1725353409.0332541
1725353409.0616362
1725353409.06738
1725353409.0862944
1725353409.0899644
1725353409.0909524
1725353409.09311
1725353409.0937817
1725353409.1095495
1725353409.110363
1725353409.1489742
1725353409.1491306
1725353409.1493263
1725353409.1537044
1725353409.1642184
1725353409.205692
1725353409.2219143
1725353409.2359667
1725353409.4210553
1725353409.4338899
1725353409.434426
1725353409.4357812
1725353409.4407568
1725353409.4468873
1725353409.4661355
1725353409.4769273
1725353409.4903233
1725353409.497122
1725353409.49773
1725353409.5154943
1725353409.5480711
1725353409.548834
1725353409.6965332
1725353409.893886
1725353409.8952532
1725353409.8964612
1725353409.8986838
1725353410.0137436
1725353410.0152566
1725353410.0164545
1725353410.0298681
1725353410.031695
1725353410.0357945
1725353410.0364733
1725353410.0370598
1725353410.0390317
1725353410.04035
1725353410.0413432
1725353410.0549254
1725353410.05677
1725353410.0572674
1725353410.075528
1725353410.0916
1725353410.1050355
1725353410.3073373
1725353410.3089578
1725353410.321976
1725353410.3224466
1725353410.3315167
1725353410.3328397
1725353410.3390026
1725353410.3423555
1725353410.3611536
1725353410.36974
1725353410.3919318
1725353410.4029262
1725353410.7765644
1725353410.7785692
1725353410.7823129
1725353410.7827928
1725353410.7838805
1725353410.788254
1725353410.8761837
1725353410.8826432
1725353410.8830867
1725353410.8848999
1725353410.8853528
1725353410.886906
1725353410.8884392
1725353410.8915563
1725353410.8926225
1725353410.8958156
1725353410.903451
1725353411.2903278
1725353411.307357
1725353411.308592
1725353411.3144217
1725353411.3160245
1725353411.3196647
1725353411.3237033
1725353411.3303514
1725353411.3388839
1725353411.363806
1725353411.3658276
1725353411.3725424
1725353411.3735206
1725353411.3738923
1725353411.3744996
1725353411.377007
1725353411.3888485
1725353411.404164
1725353411.4041963
1725353411.404225
1725353411.4179716
1725353411.5049253
1725353411.5361073
1725353411.7137496
1725353411.7716856
1725353411.8806956
1725353411.881003
1725353411.881644
1725353411.9062543
1725353411.9068546
1725353411.9259822
1725353411.9263287
1725353411.926722
1725353412.0991094
1725353412.25524
1725353412.2566445
1725353412.3939052
1725353412.3942263
1725353412.3946087
1725353412.3956807
1725353412.47913
1725353412.480388
1725353412.5250285
1725353412.526729
1725353412.527205
1725353412.530826
1725353412.631896
1725353412.754021
1725353412.755602
1725353412.7562637
1725353412.7568223
1725353412.9457269
1725353412.9922295
1725353412.9955525
1725353413.0883253
1725353413.088713
1725353413.08953
1725353413.089899
1725353413.1638777
1725353413.1643925
1725353413.1647472
1725353413.1652708
1725353413.2432983
1725353413.2438211
1725353413.2839284
1725353413.2844927
1725353413.2848666
1725353413.3439405
1725353413.3455331
1725353413.3483152
1725353413.3486745
1725353413.3490195
1725353413.4756436
1725353413.4778798
1725353413.47857
1725353413.495913
1725353413.4969137
1725353413.497816
1725353413.534555
1725353413.5352695
1725353413.535704
1725353413.5545466
1725353413.5553877
1725353413.555733
1725353413.596045
1725353413.5970135
1725353413.597551
1725353413.6027956
1725353413.6028974
1725353413.6029987
1725353413.610642
1725353413.6118984
1725353413.6125731
1725353413.6129284
1725353413.8044932
1725353413.8300943
1725353413.83073
1725353413.8311908
1725353413.8315008
1725353413.832023
1725353414.1292176
1725353414.1949186
1725353414.1955247
1725353414.1960702
1725353414.1964421
1725353414.1967542
1725353414.2021751
1725353414.318142
1725353414.3185308
1725353414.392056
1725353414.3921633
1725353414.5805595
1725353414.5810044
1725353414.5824897
1725353414.6413023
1725353414.6487916
1725353414.6491113
1725353414.6494415
1725353414.6500797
1725353414.784252
1725353414.7849753
1725353414.8860822
1725353414.8881598
1725353414.888486
1725353414.8888004
1725353414.8891158
1725353414.9014294
1725353414.9024076
1725353414.9033267
1725353414.903656
1725353414.9516225
1725353414.951939
1725353414.9533973
1725353414.992983
1725353415.079855
1725353415.0801804
1725353415.0804315
1725353415.0806901
1725353415.0811856
1725353415.0814323
1725353415.219368
1725353415.2213004
1725353415.2808826
1725353415.2811427
1725353415.2814
1725353415.2816598
1725353415.2824895
1725353415.336183
1725353415.3365064
1725353415.3367815
1725353415.3370435
1725353415.436804
1725353415.4370728
1725353415.4375594
1725353415.4378245
1725353415.4687274
1725353415.4702206
1725353415.470501
1725353415.4707947
1725353415.4710634
1725353415.5172024
1725353415.5181456
1725353415.543718
1725353415.544074
1725353415.5446613
1725353415.5456233
1725353415.5458796
1725353415.5461519
1725353415.9211216
1725353415.9980407
1725353415.998408
1725353415.9985251
1725353415.998643
1725353415.9988332
1725353415.9995227
1725353416.0002573
1725353416.042698
1725353416.04306
1725353416.043849
1725353416.0441906
1725353416.16475
1725353416.1650658
1725353416.172787
1725353416.1730754
1725353416.173548
1725353416.173901
1725353416.1743577
1725353416.1746998
1725353416.202743
1725353416.2031581
1725353416.2049668
1725353416.2178922
1725353416.2179825
1725353416.218058
1725353416.2181273
1725353416.2181935
1725353416.218609
1725353416.2194026
1725353416.2254074
1725353416.2262762
1725353416.227753
1725353416.2279418
1725353416.2282116
1725353416.2490265
1725353416.249604
1725353416.2503316
1725353416.2514346
1725353416.2517433
1725353416.2520397
1725353416.252491
1725353416.2528028
1725353416.262151
1725353416.2624128
1725353416.2644591
1725353416.2711985
1725353416.2729933
1725353416.2732768
1725353416.2745652
1725353416.2748973
1725353416.2751608
1725353416.2925196
1725353416.2927442
1725353416.2928295
1725353416.2941823
1725353416.298797
1725353416.299292
1725353416.299396
1725353416.2994695
1725353416.2995477
1725353416.2996628
1725353416.2997513
1725353416.2998984
1725353416.2999818
1725353416.3310394
1725353416.3319428
1725353416.3329833
1725353416.3331494
1725353416.3333175
1725353416.3336303
1725353416.350401
1725353416.3505976
1725353416.3508465
1725353416.3519366
1725353416.3520923
1725353416.3523264
1725353416.3525155
1725353416.3527765
1725353416.352945
1725353416.353032
1725353416.3531199
1725353416.3532054
1725353416.3532934
1725353416.3840902
1725353416.3842258
1725353416.464605
1725353416.4647093
1725353416.4653583
1725353416.4654741
1725353416.4655614
1725353416.5057364
1725353416.5406024
1725353416.5449476
1725353416.7716303
1725353416.7717314
1725353416.7718954
1725353416.7737832
1725353416.7738607
1725353416.773958
1725353416.7740438
1725353416.774131
1725353416.774221
1725353416.774447
1725353416.7745516
1725353416.7746384
1725353416.7925477
1725353416.7941422
1725353416.8552
1725353416.8552833
1725353416.9005644
1725353416.9009507
1725353416.9146264
1725353417.0131543
1725353417.0132234
1725353417.0133018
1725353417.013387
1725353417.0134737
1725353417.0700018
1725353417.206972
1725353417.2109625
1725353417.2123454
1725353417.233175
1725353417.2339032
1725353417.2355733
1725353417.2554963
1725353417.2584093
1725353417.2595205
1725353417.286972
1725353417.370822
1725353417.370893
1725353417.3709536
1725353417.3710425
1725353417.373686
1725353417.3765452
1725353417.3967817
1725353417.4635954
1725353417.4637086
1725353417.463769
1725353417.4638274
1725353417.4854999
1725353417.5102649
1725353417.5344498
1725353417.5415933
1725353417.550754
1725353417.5679758
1725353417.5837755
1725353417.6141856
1725353417.62399
1725353417.6430843
1725353417.6672304
1725353417.6869857
1725353417.693431
1725353417.70889
1725353417.7222195
1725353417.7397172
1725353417.7568583
1725353417.7670345
1725353417.7841837
1725353417.7978523
1725353417.8194263
1725353417.8355796
1725353417.8566298
1725353417.8711898
1725353417.878215
1725353417.925918
1725353417.9503217
1725353417.987711
1725353417.9914289
1725353418.0045443
1725353418.010875
1725353418.0207953
1725353418.0423248
1725353418.0829842
1725353418.0930772
1725353418.0981524
1725353418.1191351
1725353418.143695
1725353418.1802633
1725353418.6126754
1725353418.671197
1725353418.71775
1725353418.719652
1725353418.7313914
1725353418.7379534
1725353418.7647948
1725353418.7710004
1725353418.7734284
1725353418.774644
1725353418.8306446
1725353418.836508
1725353418.8406625
1725353418.841898
1725353418.8458583
1725353418.8673785
1725353418.882843
1725353418.8841233
1725353418.8929982
1725353418.9732451
1725353418.9913635
1725353418.9932582
1725353419.0176952
1725353419.0234299
1725353419.052564
1725353419.0639758
1725353419.0851798
1725353419.1111917
1725353419.1637177
1725353419.1647956
1725353419.181912
1725353419.2108843
1725353419.2256446
1725353419.2407467
1725353419.2478514
1725353419.2844687
1725353419.3017824
1725353419.322322
1725353419.3248503
1725353419.6895537
1725353419.7210445
1725353419.7214746
1725353419.7364993
1725353419.8104994
1725353419.8134491
1725353419.8711956
1725353419.87259
1725353419.8741724
1725353419.8940017
1725353419.895158
1725353419.9231718
1725353419.9257224
1725353419.9410079
1725353419.9435835
1725353419.969293
1725353419.9933972
1725353420.013007
1725353420.0594273
1725353420.0603185
1725353420.0630004
1725353420.0838003
1725353420.0860627
1725353420.095281
1725353420.0968077
1725353420.1214123
1725353420.1238956
1725353420.1348474
1725353420.1477544
1725353420.1499321
1725353420.1895955
1725353420.1908548
1725353420.2528286
1725353420.268569
1725353420.2722733
1725353420.2919056
1725353420.2985
1725353420.3026836
1725353420.3132868
1725353420.3411593
1725353420.8674698
1725353421.0498595
1725353421.0910716
1725353421.531914
1725353421.5351098
1725353421.5413191
1725353421.587304
1725353421.6484184
1725353421.6511154
1725353421.6563334
1725353421.6836295
1725353421.6961687
1725353421.70394
1725353421.7238867
1725353421.7271361
1725353421.7450027
1725353421.752876
1725353421.7656326
1725353421.7902055
1725353421.8170407
1725353421.8381329
1725353421.8810031
1725353421.8953369
1725353421.934097
1725353421.9363813
1725353421.9505725
1725353421.9936044
1725353421.9947476
1725353422.0265129
1725353422.0287542
1725353422.0607457
1725353422.063515
1725353422.0805082
1725353422.1144137
1725353422.263413
1725353422.3204646
1725353422.3763857
1725353422.3833456
1725353422.4401493
1725353422.4436965
1725353422.445054
1725353422.4478216
1725353422.4505022
1725353422.4893913
1725353422.4924765
1725353422.4935553
1725353422.5103145
1725353422.5201173
1725353422.5225735
1725353422.7428448
1725353422.7452781
1725353422.7975185
1725353422.8022063
1725353422.8074489
1725353422.8139236
1725353422.83516
1725353422.853904
1725353422.8574033
1725353422.8738472
1725353422.8770902
1725353422.913556
1725353422.9167387
1725353422.9184673
1725353422.935444
1725353422.9564035
1725353422.9651124
1725353422.9993045
1725353423.0014894
1725353423.0194387
1725353423.035641
1725353423.0410867
1725353423.0542295
1725353423.0712314
1725353423.0845397
1725353423.1070228
1725353423.122552
1725353423.1425176
1725353423.1527257
1725353423.2007525
1725353423.2130365
1725353423.2232225
1725353423.2453113
1725353423.2692957
1725353423.2775059
1725353423.2966907
1725353423.3247397
1725353423.3422823
1725353423.3590436
1725353423.3848054
1725353423.4114633
1725353423.4143062
1725353423.4269712
1725353423.4475677
1725353423.4546056
1725353423.4777734
1725353423.492025
1725353423.5137708
1725353423.546489
1725353423.569381
1725353423.5785618
1725353423.600938
1725353423.6167445
1725353423.6261759
1725353423.6498482
1725353423.6757395
1725353423.6964138
1725353423.7136374
1725353423.7506323
1725353423.7621658
1725353423.7770205
1725353423.795421
1725353423.8106039
1725353423.86451
1725353423.8832178
1725353423.9175696
1725353423.918354
1725353423.9223866
1725353423.9385574
1725353423.9781966
1725353423.9927218
1725353424.007624
1725353424.0194974
1725353424.031977
1725353424.0456789
1725353424.065634
1725353424.0878801
1725353424.1017172
1725353424.1357467
1725353424.1466382
1725353424.1697433
1725353424.1801665
1725353424.1983128
1725353424.2214384
1725353424.2308836
1725353424.2439628
1725353424.2718077
1725353424.2862759
1725353424.2958925
1725353424.3117516
1725353424.3294935
1725353424.3521633
1725353424.3681414
1725353424.3805757
1725353424.4053626
1725353424.423299
1725353424.4384127
1725353424.454515
1725353424.4735014
1725353424.4888837
1725353424.5141919
1725353424.517269
1725353424.5379539
1725353424.5584748
1725353424.5830722
1725353424.6065307
1725353424.642403
1725353424.6514616
1725353424.6540124
1725353424.6720977
1725353424.6851888
1725353424.7013674
1725353424.7482796
1725353424.762714
1725353424.7713063
1725353424.7823896
1725353424.8146234
1725353424.875329
1725353424.9145818
1725353424.9516559
1725353424.9532216
1725353424.9782784
1725353424.986394
1725353425.0315018
1725353425.033096
1725353425.0410607
1725353425.0544167
1725353425.079851
1725353425.0961614
1725353425.1112945
1725353425.1173303
1725353425.1501672
1725353425.154287
1725353425.1863046
1725353425.2276697
1725353425.243208
1725353425.2564309
1725353425.2677476
1725353425.294972
1725353425.30616
1725353425.3239188
1725353425.3533986
1725353425.376246
1725353425.3912191
1725353425.4076302
1725353425.4260883
1725353425.4400241
1725353425.4622145
1725353425.470591
1725353425.5033367
1725353425.510639
1725353425.5278275
1725353425.5435002
1725353425.5498927
1725353425.572065
1725353425.5991702
1725353425.6437385
1725353425.6581028
1725353425.7115622
1725353425.714861
1725353425.7173395
1725353425.7466786
1725353425.7507617
1725353425.757231
1725353425.7653306
1725353425.7747777
1725353425.817142
1725353425.8392963
1725353425.864188
1725353425.8761415
1725353425.906321
1725353425.9133885
1725353425.9345038
1725353425.9447117
1725353425.983386
1725353425.9927707
1725353426.0045242
1725353426.0274875
1725353426.0689447
1725353426.118247
1725353426.1197774
1725353426.1454184
1725353426.1676235
1725353426.1891131
1725353426.2023232
1725353426.2315512
1725353426.2499454
1725353426.2702851
1725353426.2812326
1725353426.2955086
1725353426.3244529
1725353426.3538716
1725353426.3573434
1725353426.3738286
1725353426.38791
1725353426.4132135
1725353426.4172983
1725353426.4398758
1725353426.4543235
1725353426.476874
1725353426.5069804
1725353426.51638
1725353426.5292633
1725353426.5579793
1725353426.578136
1725353426.5922406
1725353426.6274416
1725353426.6542094
1725353426.659146
1725353426.6875997
1725353426.6923096
1725353426.7085698
1725353426.7202663
1725353426.7478168
1725353426.7504036
1725353426.7808955
1725353426.794534
1725353426.8054335
1725353426.821239
1725353426.837757
1725353426.8540697
1725353426.8652472
1725353427.1269047
1725353427.131686
1725353427.133451
1725353427.1574306
1725353427.168992
1725353427.172407
1725353427.1802313
1725353427.1838336
1725353427.191052
1725353427.2208636
1725353427.267971
1725353427.312163
1725353427.3149354
1725353427.3460195
1725353427.348746
1725353427.3522491
1725353427.4124694
1725353427.4326172
1725353427.45616
1725353427.4659796
1725353427.4683352
1725353427.4727862
1725353427.5052013
1725353427.5094016
1725353427.5162928
1725353427.5278177
1725353427.5382242
1725353427.540932
1725353427.5846052
1725353427.5867748
1725353427.5995548
1725353427.6075366
1725353427.6238606
1725353427.6658237
1725353427.6684542
1725353427.680676
1725353427.6837015
1725353427.710732
1725353427.7250988
1725353427.7481182
1725353427.7730227
1725353427.7756784
1725353427.801642
1725353427.8024745
1725353427.8179615
1725353427.854767
1725353427.884156
1725353427.8873062
1725353427.8888667
1725353427.913014
1725353427.9328403
1725353427.9583714
1725353428.0070744
1725353428.0153053
1725353428.0175478
1725353428.0373569
1725353428.0561774
1725353428.0644655
1725353428.1183667
1725353428.1319575
1725353428.1332564
1725353428.1398525
1725353428.173096
1725353428.2234454
1725353428.260415
1725353428.2823381
1725353428.2873008
1725353428.3210676
1725353428.3432953
1725353428.387706
1725353428.3901944
1725353428.3917403
1725353428.3997672
1725353428.4240937
1725353428.4407246
1725353428.470177
1725353428.4725633
1725353428.4896898
1725353428.5086
1725353428.5520036
1725353428.5859518
1725353428.5922766
1725353428.6080904
1725353428.6218166
1725353428.639203
1725353428.651284
1725353428.6869547
1725353428.70905
1725353428.734033
1725353428.7389195
1725353428.770317
1725353428.7876415
1725353428.8022509
1725353428.803175
1725353428.8348157
1725353428.8497918
1725353428.8701062
1725353428.8773134
1725353428.8953714
1725353428.9248433
1725353428.9260771
1725353428.9482348
1725353429.0169551
1725353429.0774367
1725353429.0817058
1725353429.0874739
1725353429.0958478
1725353429.0966299
1725353429.1095617
1725353429.111677
1725353429.1152444
1725353429.1505861
1725353429.1789699
1725353429.189169
1725353429.207342
1725353429.2241669
1725353429.2520335
1725353429.2585316
1725353429.2849295
1725353429.2985082
1725353429.3385684
1725353429.3475282
1725353429.356842
1725353429.3699493
1725353429.4165535
1725353429.4547942
1725353429.466039
1725353429.4879844
1725353429.5208542
1725353429.538896
1725353429.5568302
1725353429.5898106
1725353429.605044
1725353429.6208484
1725353429.6425447
1725353429.6508074
1725353429.677295
1725353429.7058277
1725353429.7092044
1725353429.7345347
1725353429.7488136
1725353429.7592092
1725353429.7795916
1725353429.798017
1725353429.8115427
1725353429.8256161
1725353429.8780096
1725353429.8806615
1725353429.9016714
1725353429.9156792
1725353429.9345014
1725353429.9617414
1725353429.9645572
1725353429.998464
1725353430.020988
1725353430.036923
1725353430.0648355
1725353430.0827236
1725353430.0981982
1725353430.1100874
1725353430.1230075
1725353430.1431587
1725353430.1625636
1725353430.1734383
1725353430.198987
1725353430.2064583
1725353430.2316785
1725353430.2373824
1725353430.267789
1725353430.2960324
1725353430.3344066
1725353430.3360195
1725353430.3443246
1725353430.3761446
1725353430.3892412
1725353430.4181602
1725353430.4290369
1725353430.6218867
1725353430.62448
1725353430.6273441
1725353430.628562
1725353430.652224
1725353430.7859502
1725353430.7881222
1725353430.7902164
1725353430.8074653
1725353430.8321362
1725353430.8669052
1725353430.8726466
1725353430.8755646
1725353430.8803077
1725353430.8928237
1725353430.9221518
1725353430.9480793
1725353430.9505026
1725353430.9533384
1725353430.9763281
1725353430.9775407
1725353430.9972374
1725353431.018002
1725353431.0323431
1725353431.035516
1725353431.0493147
1725353431.0817378
1725353431.0896912
1725353431.1206937
1725353431.1222172
1725353431.14545
1725353431.1604064
1725353431.170321
1725353431.1818078
1725353431.2020652
1725353431.21967
1725353431.2447689
1725353431.2542245
1725353431.285171
1725353431.2907026
1725353431.3236997
1725353431.3397303
1725353431.5146677
1725353431.5180836
1725353431.5458262
1725353431.5508668
1725353431.6091325
1725353431.6105688
1725353431.6106167
1725353431.6106822
1725353431.6108785
1725353431.6603844
1725353431.688515
1725353431.7670386
1725353431.7825463
1725353431.7933187
1725353431.796444
1725353431.7997272
1725353431.8274493
1725353431.8284967
1725353431.8364656
1725353431.840155
1725353431.8557708
1725353431.8594697
1725353431.8702264
1725353431.8813512
1725353431.899672
1725353432.1831934
1725353432.3503356
1725353432.3556836
1725353432.3842075
1725353432.3932002
1725353432.5276124
1725353432.5322967
1725353432.5582364
1725353432.5942197
1725353432.7429879
1725353432.7908015
1725353432.8015416
1725353432.803794
1725353432.8187962
1725353432.8382142
1725353432.8422244
1725353432.8432708
1725353432.930697
1725353432.9354985
1725353432.9684503
1725353432.9709034
1725353432.976639
1725353432.9791222
1725353433.0171971
1725353433.0184264
1725353433.0264664
1725353433.0382066
1725353433.0483274
1725353433.0656683
1725353433.0849771
1725353433.1219208
1725353433.1237586
1725353433.152188
1725353433.1536107
1725353433.1723354
1725353433.175639
1725353433.1934304
1725353433.2094946
1725353433.2264621
1725353433.2465343
1725353433.2762432
1725353433.301626
1725353433.314174
1725353433.3349824
1725353433.3526285
1725353433.3612273
1725353433.379486
1725353433.4083498
1725353433.4329662
1725353433.4501846
1725353433.4594765
1725353433.4814355
1725353433.5056908
1725353433.524041
1725353433.5327127
1725353433.548565
1725353433.560591
1725353433.5824387
1725353433.5918372
1725353433.611668
1725353433.6702144
1725353433.6790903
1725353433.7135818
1725353433.7171216
1725353433.7274036
1725353433.7483048
1725353433.7512407
1725353433.7833939
1725353433.7983732
1725353433.8294623
1725353433.8448477
1725353434.032375
1725353434.0325952
1725353434.0375893
1725353434.0474055
1725353434.1095545
1725353434.1105886
1725353434.1688612
1725353434.170401
1725353434.1734753
1725353434.199365
1725353434.2043123
1725353434.2327938
1725353434.2335732
1725353434.234337
1725353434.2390888
1725353434.2591734
1725353434.2613747
1725353434.2877357
1725353434.2886481
1725353434.3154862
1725353434.3182623
1725353434.322377
1725353434.3237627
1725353434.3568628
1725353434.3655636
1725353434.3841548
1725353434.4116588
1725353434.421049
1725353434.44088
1725353434.450034
1725353434.461019
1725353434.6333365
1725353434.6351714
1725353434.678758
1725353434.6805615
1725353434.7258148
1725353434.7265782
1725353434.727458
1725353434.7285492
1725353434.7388942
1725353434.7410557
1725353434.7672565
1725353434.7690537
1725353434.7710614
1725353434.821703
1725353434.8243768
1725353434.828086
1725353434.8551347
1725353434.855769
1725353434.9184911
1725353434.9501038
1725353434.993325
1725353434.9945128
1725353434.9945536
1725353434.994584
1725353434.9968162
1725353435.00003
1725353435.1383512
1725353435.1531909
1725353435.160711
1725353435.166353
1725353435.3543644
1725353435.3840635
1725353435.3849504
1725353435.409999
1725353435.445314
1725353435.4527972
1725353435.4676468
1725353435.4712772
1725353435.4727461
1725353435.5292149
1725353435.5321426
1725353435.533882
1725353435.537368
1725353435.5762823
1725353435.5783136
1725353435.6218412
1725353435.634179
1725353435.6723475
1725353435.67344
1725353435.6795685
1725353435.6838446
1725353435.6975455
1725353435.7000747
1725353435.7119987
1725353435.7347672
1725353435.7365873
1725353435.794823
1725353435.8320355
1725353435.8430924
1725353435.8439102
1725353435.847009
1725353435.8638985
1725353435.871618
1725353436.0365517
1725353436.054702
1725353436.059618
1725353436.0798132
1725353436.104772
1725353436.1115897
1725353436.1126986
1725353436.1170483
1725353436.1183567
1725353436.1270685
1725353436.1387196
1725353436.1529841
1725353436.196214
1725353436.2649517
1725353436.3117747
1725353436.3151877
1725353436.3191648
1725353436.341736
1725353436.405067
1725353436.4074833
1725353436.4088247
1725353436.4210494
1725353436.423552
1725353436.4562955
1725353436.4803846
1725353436.538563
1725353436.5400243
1725353436.543293
1725353436.5500095
1725353436.5601177
1725353436.5982304
1725353436.6016426
1725353436.6039383
1725353436.6213777
1725353436.623077
1725353436.6304643
1725353436.7880437
1725353436.977832
1725353436.9832637
1725353437.066038
1725353437.0722182
1725353437.163828
1725353437.1644466
1725353437.172541
1725353437.1791406
1725353437.1838334
1725353437.2152152
1725353437.2351606
1725353437.238614
1725353437.2468526
1725353437.2816305
1725353437.2839994
1725353437.447514
1725353437.5025628
1725353437.5036762
1725353437.5708404
1725353437.5720797
1725353437.5875432
1725353437.5921817
1725353437.6765769
1725353437.6778755
1725353437.7123008
1725353437.7314322
1725353437.7327478
1725353437.7584848
1725353437.7639759
1725353437.765565
1725353437.7808464
1725353437.7837393
1725353437.7985415
1725353437.8515882
1725353437.8543754
1725353438.0135605
1725353438.0174484
1725353438.0626862
1725353438.0666037
1725353438.0673974
1725353438.0735507
1725353438.0845065
1725353438.0857177
1725353438.0872025
1725353438.1122801
1725353438.3454747
1725353439.0650032
1725353439.0857737
1725353439.0895882
1725353439.0924532
1725353439.0962434
1725353439.4479172
1725353439.4488957
1725353439.4510415
1725353439.4520032
1725353439.4576366
1725353439.7689047
1725353439.770098
1725353439.9322681
1725353439.9331305
1725353439.9339213
1725353439.9384055
1725353440.2534192
1725353440.2560554
1725353440.4435725
1725353440.491404
1725353440.6117225
1725353441.7473245
1725353441.7949913
1725353442.1627655
1725353442.2430289
1725353442.2647784
1725353442.3423038
1725353442.3439715
1725353442.40185
1725353442.459944
1725353442.46151
1725353442.5321083
1725353442.5980406
1725353442.6021688
1725353442.638353
1725353442.6410112
1725353442.7040775
1725353442.7056072
1725353442.7260864
1725353442.7304542
1725353442.7446914
1725353442.7708352
1725353442.7725248
1725353442.7748582
1725353442.8614922
1725353442.863166
1725353443.1693125
1725353443.170232
1725353444.7577128
1725353448.1874633
1725353448.2134922
1725353448.3017535
1725353448.3025608
1725353448.4686759
1725353448.695546
1725353448.7420158
1725353448.773803
1725353448.8185017
1725353448.8345368
1725353448.8437247
1725353448.8736014
1725353448.9574108
1725353448.9828126
1725353449.0830812
1725353449.0879831
1725353449.1067874
1725353449.1078131
1725353449.122251
1725353449.18579
1725353449.2223513
1725353449.2350783
1725353449.2690454
1725353449.2712908
1725353449.4419022
1725353449.5906968
1725353449.9235141
1725353449.9399943
1725353449.9422388
1725353449.9451392
1725353449.9838262
1725353449.9851286
1725353449.9891052
1725353449.9935317
1725353450.0236857
1725353450.026173
1725353450.0519185
1725353450.0983288
1725353450.1476955
1725353450.1500359
1725353450.1716619
1725353450.1759057
1725353450.2042122
1725353450.2068412
1725353450.2108843
1725353450.2340782
1725353450.2362013
1725353450.2392862
1725353450.2429209
1725353450.2476497
1725353450.2992303
1725353450.302258
1725353450.346107
1725353450.3830476
1725353450.385108
1725353450.41588
1725353451.2042184
1725353451.2046583
1725353451.6453125
1725353451.8743916
1725353452.3658524
1725353452.3851135
1725353452.390807
1725353452.3909612
1725353452.391103
1725353452.3918626
1725353452.7309923
1725353452.73474
1725353453.169042
1725353453.1713529
1725353453.4537454
1725353453.4818316
1725353453.53454
1725353453.5364547
1725353453.556436
1725353453.5606956
1725353453.570018
1725353453.5708246
1725353453.5723712
1725353453.6097312
1725353453.617802
1725353453.6909857
1725353453.691821
1725353453.7053995
1725353453.758812
1725353453.766632
1725353453.7768047
1725353453.7991722
1725353453.8010485
1725353453.8839304
1725353453.887479
1725353453.9737039
1725353453.9789152
1725353453.9934652
1725353453.9951258
1725353454.0166993
1725353454.0184371
1725353454.0195527
1725353454.0512228
1725353454.05579
1725353454.062978
1725353454.073377
1725353454.1216004
1725353454.126036
1725353454.1559327
1725353454.159413
1725353454.2044551
1725353454.207894
1725353454.2221682
1725353454.2250414
1725353454.6534386
1725353455.2932162
1725353455.294638
1725353455.4388099
1725353455.97657
1725353455.980345
1725353455.9816668
1725353455.9874256
1725353455.988462
