2024-09-03 16:32:43
../stream-replay/logs/stuttering-6207.txt
1725352271.3199692
1725352271.3288152
1725352271.3292477
1725352271.3296816
1725352271.3300517
1725352271.3318117
1725352271.343564
1725352271.3712285
1725352271.3719573
1725352271.3725696
1725352271.3882709
1725352271.3889248
1725352271.4070032
1725352271.408655
1725352271.4090014
1725352271.4095466
1725352271.4186532
1725352271.419552
1725352271.4207366
1725352271.4289296
1725352271.4294546
1725352271.4299734
1725352271.4384775
1725352271.4394221
1725352271.440052
1725352271.4405427
1725352271.5214427
1725352271.5218282
1725352271.5642529
1725352271.5653822
1725352271.6254573
1725352271.6262536
1725352271.62679
1725352271.628011
1725352271.696316
1725352271.6964834
1725352271.7593749
1725352271.7609553
1725352271.761009
1725352271.761208
1725352271.761329
1725352271.828173
1725352271.8379133
1725352272.0088854
1725352272.010176
1725352272.0114243
1725352272.0364366
1725352272.0369365
1725352272.0377893
1725352272.1186664
1725352272.1190534
1725352272.1195247
1725352272.1395924
1725352272.1403036
1725352272.1405828
1725352272.1411774
1725352272.1598
1725352272.1610827
1725352272.2380028
1725352272.238195
1725352272.3218608
1725352272.3225043
1725352272.3230834
1725352272.3233433
1725352272.333336
1725352272.3440711
1725352272.3443918
1725352272.3447375
1725352272.3454163
1725352272.3558826
1725352272.366005
1725352272.3937762
1725352272.4418323
1725352272.4426157
1725352272.450344
1725352272.4508488
1725352272.4719517
1725352272.4819572
1725352272.5347183
1725352272.5445879
1725352272.663192
1725352272.7932556
1725352272.7950034
1725352272.7956407
1725352272.8362408
1725352272.836841
1725352272.8378692
1725352272.8383036
1725352272.8551552
1725352272.8579361
1725352272.8752599
1725352272.8755748
1725352272.877129
1725352272.8893967
1725352272.8899357
1725352272.8916583
1725352272.892589
1725352272.9314952
1725352272.9317842
1725352272.932487
1725352273.0138817
1725352273.0150113
1725352273.0338407
1725352273.0339792
1725352273.035327
1725352273.0645635
1725352273.1271296
1725352273.1281006
1725352273.129008
1725352273.1755626
1725352273.1765604
1725352273.2027056
1725352273.2030995
1725352273.2157545
1725352273.2684407
1725352273.269962
1725352273.270907
1725352273.3933277
1725352273.393922
1725352273.3943915
1725352273.3951087
1725352273.3962297
1725352273.4370744
1725352273.4417264
1725352273.4428847
1725352273.4438124
1725352273.4744427
1725352273.4753914
1725352273.48216
1725352273.5051818
1725352273.531271
1725352273.540372
1725352273.5836442
1725352273.587941
1725352273.6165652
1725352273.617287
1725352273.7410934
1725352273.7417734
1725352273.7428663
1725352273.7503507
1725352273.7510462
1725352273.7513044
1725352273.7814138
1725352273.7818732
1725352273.7819953
1725352273.8157442
1725352273.882852
1725352273.8839314
1725352273.8911011
1725352273.8917062
1725352273.8917758
1725352273.9019442
1725352273.9398296
1725352273.9674883
1725352273.9693055
1725352273.98926
1725352274.015564
1725352274.0732281
1725352274.073567
1725352274.0739586
1725352274.122004
1725352274.122725
1725352274.1307378
1725352274.2262669
1725352274.2268746
1725352274.229063
1725352274.2293952
1725352274.2321696
1725352274.3045871
1725352274.3059766
1725352274.3064604
1725352274.3544285
1725352274.355143
1725352274.356351
1725352274.357053
1725352274.3965092
1725352274.3972862
1725352274.4206808
1725352274.4556735
1725352274.4560933
1725352274.486087
1725352274.4864001
1725352274.5056484
1725352274.5217788
1725352274.598394
1725352274.5990179
1725352274.599815
1725352274.600202
1725352274.6017163
1725352274.6145477
1725352274.6365778
1725352274.6686068
1725352274.6690013
1725352274.7177124
1725352274.717949
1725352274.718704
1725352274.7283375
1725352274.7686067
1725352274.769757
1725352274.8052409
1725352274.805564
1725352274.9221234
1725352274.9232447
1725352274.9247127
1725352274.9315965
1725352274.9317439
1725352274.9326212
1725352274.9332774
1725352274.981691
1725352274.9830492
1725352275.0390732
1725352275.0391135
1725352275.039136
1725352275.1640797
1725352275.1649132
1725352275.1852298
1725352275.2726758
1725352275.273581
1725352275.274986
1725352275.2753503
1725352275.2870803
1725352275.2872248
1725352275.2874923
1725352275.2878678
1725352275.3049436
1725352275.3638263
1725352275.3641436
1725352275.3643672
1725352275.3673964
1725352275.436604
1725352275.4376357
1725352275.4455607
1725352275.4604287
1725352275.4816875
1725352275.4992504
1725352275.5330925
1725352275.5332894
1725352275.569347
1725352275.5805056
1725352275.628486
1725352275.629167
1725352275.62922
1725352275.6794224
1725352275.6799562
1725352275.6802554
1725352275.699061
1725352275.7446146
1725352275.745202
1725352275.7455113
1725352275.7691348
1725352275.8078506
1725352275.8081498
1725352275.8083935
1725352275.855332
1725352275.8691094
1725352275.8768606
1725352275.895057
1725352275.9894292
1725352275.9900222
1725352275.9907646
1725352275.991093
1725352275.991299
1725352275.9942315
1725352276.0381033
1725352276.1250808
1725352276.1254156
1725352276.1256797
1725352276.125932
1725352276.1266766
1725352276.1448188
1725352276.1591096
1725352276.2143724
1725352276.214637
1725352276.2277012
1725352276.263467
1725352276.2703466
1725352276.3490474
1725352276.3493037
1725352276.349548
1725352276.371805
1725352276.3979409
1725352276.407136
1725352276.440279
1725352276.4529426
1725352276.4782267
1725352276.482256
1725352276.5076728
1725352276.535759
1725352276.5367622
1725352276.5522792
1725352276.5905833
1725352276.5908153
1725352276.669805
1725352276.6700857
1725352276.670285
1725352276.670491
1725352276.6707292
1725352276.6884458
1725352276.7123637
1725352276.719454
1725352276.8241847
1725352276.8245523
1725352276.8248901
1725352276.8250806
1725352276.8253036
1725352276.9449444
1725352276.945272
1725352276.9454775
1725352276.945681
1725352276.9831812
1725352276.9834843
1725352276.9838934
1725352276.9841328
1725352276.9843268
1725352277.0015478
1725352277.022834
1725352277.030879
1725352277.0738862
1725352277.0741036
1725352277.1219378
1725352277.124985
1725352277.2449522
1725352277.2455192
1725352277.24572
1725352277.2459352
1725352277.2461329
1725352277.2465146
1725352277.2602222
1725352277.2686214
1725352277.4438143
1725352277.4440346
1725352277.444243
1725352277.444635
1725352277.4450364
1725352277.4511228
1725352277.4574075
1725352277.4575946
1725352277.4652994
1725352277.4811838
1725352277.4978657
1725352277.561945
1725352277.562233
1725352277.5648737
1725352277.6068163
1725352277.607011
1725352277.6577234
1725352277.657979
1725352277.6597006
1725352277.665688
1725352277.7163274
1725352277.7165294
1725352277.773404
1725352277.7735684
1725352277.7737257
1725352277.7846093
1725352277.876713
1725352277.8768902
1725352277.877078
1725352277.8772469
1725352277.877406
1725352277.8890934
1725352277.903156
1725352277.9169009
1725352277.9503758
1725352277.9505408
1725352278.0028
1725352278.00302
1725352278.0032065
1725352278.0182729
1725352278.0340328
1725352278.0593128
1725352278.0618865
1725352278.098272
1725352278.0984638
1725352278.1167693
1725352278.1780741
1725352278.1786268
1725352278.1787994
1725352278.202501
1725352278.2442868
1725352278.244683
1725352278.2534044
1725352278.2787707
1725352278.314176
1725352278.3283584
1725352278.3567834
1725352278.356884
1725352278.404906
1725352278.494235
1725352278.4945908
1725352278.4955943
1725352278.4957528
1725352278.527032
1725352278.593476
1725352278.5936575
1725352278.5938182
1725352278.5948396
1725352278.6034014
1725352278.629971
1725352278.6314952
1725352278.6569061
1725352278.6917496
1725352278.6917925
1725352278.7097738
1725352278.7511923
1725352278.7919068
1725352278.791955
1725352278.8018186
1725352278.8410625
1725352278.8411005
1725352278.8466482
1725352278.8743813
1725352278.9193993
1725352278.9195352
1725352278.9462445
1725352278.9500492
1725352279.0182843
1725352279.0183444
1725352279.0184371
1725352279.018508
1725352279.0365717
1725352279.0494044
1725352279.0678146
1725352279.0935874
1725352279.094866
1725352279.1357877
1725352279.1358502
1725352279.1861556
1725352279.2188494
1725352279.2189322
1725352279.218998
1725352279.2629719
1725352279.2630324
1725352279.263096
1725352279.285625
1725352279.298138
1725352279.3175497
1725352279.3625731
1725352279.3758545
1725352279.397481
1725352279.4204307
1725352279.4247162
1725352279.4768217
1725352279.4781601
1725352279.4889755
1725352279.5340133
1725352279.5340776
1725352279.5628414
1725352279.562875
1725352279.6005404
1725352279.6294794
1725352279.6435838
1725352279.6733027
1725352279.7030733
1725352279.718168
1725352279.7365496
1725352279.7805216
1725352279.7880626
1725352279.8053255
1725352279.8248355
1725352279.8416672
1725352279.8605418
1725352279.880341
1725352279.8928685
1725352279.9135005
1725352279.9279459
1725352279.9425497
1725352279.9583263
1725352279.979319
1725352279.9963925
1725352280.015888
1725352280.027424
1725352280.043447
1725352280.0585537
1725352280.0939639
1725352280.1099458
1725352280.1253965
1725352280.146073
1725352280.1647978
1725352280.1767042
1725352280.1949425
1725352280.2259333
1725352280.2413273
1725352280.2600045
1725352280.2787778
1725352280.2984576
1725352280.3127692
1725352280.325804
1725352280.338528
1725352280.3599286
1725352280.3722022
1725352280.388536
1725352280.4087348
1725352280.442086
1725352280.4670618
1725352280.4723473
1725352280.5004473
1725352280.5065145
1725352280.5267847
1725352280.5445273
1725352280.569978
1725352280.5889595
1725352280.6073868
1725352280.6305118
1725352280.6547673
1725352280.6709733
1725352280.6844494
1725352280.7031581
1725352280.7425895
1725352280.7691207
1725352280.7756772
1725352280.787539
1725352280.8013482
1725352280.8179626
1725352280.8587675
1725352280.9082675
1725352280.911664
1725352280.912367
1725352280.919415
1725352280.9356313
1725352280.953313
1725352280.9686718
1725352280.9830203
1725352281.022633
1725352281.0403852
1725352281.0527833
1725352281.0688517
1725352281.0832458
1725352281.100597
1725352281.1158125
1725352281.1387713
1725352281.1646366
1725352281.175348
1725352281.1848733
1725352281.200655
1725352281.2158954
1725352281.2313151
1725352281.2482421
1725352281.2660704
1725352281.283341
1725352281.303751
1725352281.3269243
1725352281.333652
1725352281.3499992
1725352281.3660989
1725352281.385543
1725352281.4034111
1725352281.4241922
1725352281.441745
1725352281.479879
1725352281.5019286
1725352281.5137954
1725352281.527151
1725352281.5387125
1725352281.5601194
1725352281.5748477
1725352281.5900905
1725352281.6400154
1725352281.6430311
1725352281.655449
1725352281.6740294
1725352281.7071295
1725352281.7543747
1725352281.7827466
1725352281.796054
1725352281.8004117
1725352281.842572
1725352281.8593595
1725352281.9160526
1725352281.9165823
1725352281.917586
1725352281.9266217
1725352281.9402213
1725352281.9567897
1725352281.9711995
1725352281.9876068
1725352282.0036945
1725352282.0239582
1725352282.0810757
1725352282.092603
1725352282.1037943
1725352282.1258607
1725352282.1440876
1725352282.1549125
1725352282.168932
1725352282.196124
1725352282.2305586
1725352282.246276
1725352282.2645142
1725352282.271527
1725352282.2908208
1725352282.3030453
1725352282.3176823
1725352282.3357916
1725352282.352271
1725352282.3693442
1725352282.388997
1725352282.400778
1725352282.4180138
1725352282.449355
1725352282.4570622
1725352282.5213206
1725352282.527913
1725352282.534177
1725352282.5415084
1725352282.5712469
1725352282.5799632
1725352282.5897338
1725352282.605944
1725352282.6214638
1725352282.6497068
1725352282.6857696
1725352282.7155585
1725352282.731082
1725352282.7398682
1725352282.7570288
1725352282.7720578
1725352282.7966886
1725352282.8110096
1725352282.8560817
1725352282.8644605
1725352282.8742833
1725352282.8904283
1725352282.9270897
1725352282.9616556
1725352282.9775202
1725352282.9906173
1725352283.0269725
1725352283.0451543
1725352283.0637817
1725352283.0942714
1725352283.1036284
1725352283.120508
1725352283.1346269
1725352283.1507611
1725352283.1709366
1725352283.1979902
1725352283.2077875
1725352283.21904
1725352283.2392018
1725352283.2733994
1725352283.2743192
1725352283.291783
1725352283.304138
1725352283.3201036
1725352283.3465784
1725352283.3524966
1725352283.3698468
1725352283.4066625
1725352283.4186215
1725352283.4349196
1725352283.4509861
1725352283.474538
1725352283.4892266
1725352283.501751
1725352283.5377004
1725352283.5505257
1725352283.5657218
1725352283.583147
1725352283.6052585
1725352283.6176329
1725352283.6397378
1725352283.6507497
1725352283.68012
1725352283.6854222
1725352283.6994631
1725352283.7167733
1725352283.747973
1725352283.7657697
1725352283.7845044
1725352283.8113842
1725352283.820857
1725352283.8306696
1725352283.8454254
1725352283.881613
1725352283.9013035
1725352283.9218535
1725352283.9300494
1725352283.9659777
1725352283.9808977
1725352283.992505
1725352284.0100477
1725352284.0429642
1725352284.0676835
1725352284.0855403
1725352284.098543
1725352284.1077263
1725352284.1214936
1725352284.163973
1725352284.1871212
1725352284.2013085
1725352284.2052674
1725352284.2257986
1725352284.2361484
1725352284.2636669
1725352284.272571
1725352284.2975833
1725352284.322977
1725352284.3376365
1725352284.3606396
1725352284.3710344
1725352284.3887699
1725352284.403865
1725352284.4275951
1725352284.4365766
1725352284.4559374
1725352284.4816678
1725352284.4949653
1725352284.5012636
1725352284.5203915
1725352284.538202
1725352284.5556068
1725352284.5691466
1725352284.5838509
1725352284.602228
1725352284.6218655
1725352284.6335807
1725352284.6555338
1725352284.6671436
1725352284.6828191
1725352284.7110567
1725352284.718589
1725352284.7321486
1725352284.788196
1725352284.791271
1725352284.8021636
1725352284.8266144
1725352284.8323035
1725352284.8470435
1725352284.8703926
1725352284.8875139
1725352284.9307263
1725352284.9339004
1725352284.9461486
1725352284.9605985
1725352284.9947813
1725352285.0887427
1725352285.094647
1725352285.118508
1725352285.119445
1725352285.1353745
1725352285.157878
1725352285.2033231
1725352285.2129571
1725352285.219266
1725352285.2208939
1725352285.230753
1725352285.249409
1725352285.264678
1725352285.2778451
1725352285.3138988
1725352285.3203464
1725352285.3444386
1725352285.4002166
1725352285.4008832
1725352285.4150884
1725352285.4317527
1725352285.45512
1725352285.468454
1725352285.4775028
1725352285.539615
1725352285.5573804
1725352285.5594237
1725352285.5770342
1725352285.5876224
1725352285.6017647
1725352285.6124532
1725352285.6310177
1725352285.641705
1725352285.6666563
1725352285.676317
1725352285.6918938
1725352285.7123706
1725352285.7315142
1725352285.7457602
1725352285.810186
1725352285.827062
1725352285.8285015
1725352285.833478
1725352285.850906
1725352285.862593
1725352285.8781986
1725352285.8978386
1725352285.9118423
1725352285.9342916
1725352285.9730065
1725352286.0004106
1725352286.0169837
1725352286.0305138
1725352286.0467074
1725352286.0611491
1725352286.0784802
1725352286.096139
1725352286.134349
1725352286.153234
1725352286.172528
1725352286.181313
1725352286.2213397
1725352286.249082
1725352286.2651684
1725352286.2825077
1725352286.3108642
1725352286.3288028
1725352286.3477437
1725352286.3725083
1725352286.3903964
1725352286.4083652
1725352286.4232438
1725352286.4550412
1725352286.4618206
1725352286.4843874
1725352286.4937649
1725352286.5082777
1725352286.5261908
1725352286.5450408
1725352286.5622065
1725352286.5700428
1725352286.5860116
1725352286.6263647
1725352286.6361392
1725352286.6527846
1725352286.6611326
1725352286.701233
1725352286.7106109
1725352286.7305365
1725352286.748717
1725352286.7601163
1725352286.780658
1725352286.7955701
1725352286.8313787
1725352286.847357
1725352286.8576837
1725352286.8803768
1725352286.8963027
1725352286.9130921
1725352286.9291787
1725352286.941721
1725352286.957407
1725352286.9861405
1725352287.0000505
1725352287.009949
1725352287.05201
1725352287.0624359
1725352287.0779893
1725352287.117411
1725352287.1179628
1725352287.130089
1725352287.1382706
1725352287.173085
1725352287.1901784
1725352287.2102494
1725352287.2360535
1725352287.2695572
1725352287.28038
1725352287.2943997
1725352287.3114429
1725352287.3455617
1725352287.3790276
1725352287.3818877
1725352287.3923075
1725352287.4095771
1725352287.4220457
1725352287.4717207
1725352287.4815784
1725352287.50551
1725352287.517173
1725352287.5271463
1725352287.5479228
1725352287.5662534
1725352287.5816808
1725352287.5994585
1725352287.634488
1725352287.6450737
1725352287.6668024
1725352287.6848207
1725352287.69765
1725352287.7168574
1725352287.729849
1725352287.748105
1725352287.7780309
1725352287.7881362
1725352287.8031528
1725352287.8127537
1725352287.8329144
1725352287.8485227
1725352287.863297
1725352287.898202
1725352287.9001758
1725352287.9160576
1725352287.9297886
1725352287.9470172
1725352287.961242
1725352287.9851673
1725352287.9942358
1725352288.0089433
1725352288.0270946
1725352288.0481782
1725352288.089574
1725352288.0951414
1725352288.111653
1725352288.132167
1725352288.1408715
1725352288.1598854
1725352288.1829433
1725352288.1938434
1725352288.244081
1725352288.2451391
1725352288.2582936
1725352288.273266
1725352288.3048658
1725352288.3585362
1725352288.3890464
1725352288.3966758
1725352288.397666
1725352288.4724588
1725352288.4738386
1725352288.5348217
1725352288.5353863
1725352288.536
1725352288.5375233
1725352288.541362
1725352288.5647461
1725352288.572535
1725352288.590718
1725352288.6051147
1725352288.6214404
1725352288.6566665
1725352288.6979191
1725352288.710931
1725352288.726636
1725352288.7377722
1725352288.7554128
1725352288.7714148
1725352288.794933
1725352288.8227017
1725352288.847637
1725352288.854822
1725352288.8956506
1725352288.8980234
1725352288.9090958
1725352288.9191394
1725352288.9374926
1725352288.9520931
1725352288.973589
1725352288.9878297
1725352289.0034041
1725352289.023315
1725352289.037347
1725352289.056616
1725352289.1178474
1725352289.127582
1725352289.1283796
1725352289.1442838
1725352289.1507392
1725352289.166658
1725352289.1855392
1725352289.2053778
1725352289.2256622
1725352289.2351925
1725352289.2836707
1725352289.3160987
1725352289.319928
1725352289.3347409
1725352289.350948
1725352289.372665
1725352289.3921173
1725352289.4070737
1725352289.4429417
1725352289.4544973
1725352289.4681613
1725352289.4933057
1725352289.5243158
1725352289.566026
1725352289.5765672
1725352289.5855942
1725352289.6297657
1725352289.638355
1725352289.6573663
1725352289.6853464
1725352289.7017689
1725352289.7228346
1725352289.735488
1725352289.7490485
1725352289.7760117
1725352289.7939093
1725352289.8004596
1725352289.8194585
1725352289.8338919
1725352289.8495462
1725352289.8654084
1725352289.88199
1725352289.8982322
1725352289.9288943
1725352289.9414542
1725352289.9511583
1725352289.9646654
1725352290.0103388
1725352290.0282423
1725352290.0316823
1725352290.047831
1725352290.0659873
1725352290.0833557
1725352290.1000743
1725352290.1288114
1725352290.147214
1725352290.1634243
1725352290.1876833
1725352290.2053897
1725352290.2176511
1725352290.23004
1725352290.2450614
1725352290.2706296
1725352290.2846892
1725352290.2979112
1725352290.3153672
1725352290.348624
1725352290.365177
1725352290.3823721
1725352290.3966308
1725352290.4110594
1725352290.4303713
1725352290.4430792
1725352290.4766505
1725352290.4986362
1725352290.518174
1725352290.5391169
1725352290.5571375
1725352290.576292
1725352290.5896204
1725352290.606308
1725352290.6467245
1725352290.663041
1725352290.6832874
1725352290.6904194
1725352290.707146
1725352290.7236822
1725352290.7624223
1725352290.778738
1725352290.797417
1725352290.8047898
1725352290.81865
1725352290.8534782
1725352290.8566132
1725352290.8694692
1725352290.8853335
1725352290.9219182
1725352290.9343915
1725352290.9508333
1725352290.9686463
1725352290.98286
1725352290.999369
1725352291.016382
1725352291.0396552
1725352291.0547426
1725352291.0678468
1725352291.0824654
1725352291.100352
1725352291.118994
1725352291.1311378
1725352291.161549
1725352291.1649494
1725352291.1840217
1725352291.2000961
1725352291.2157679
1725352291.2320015
1725352291.2516823
1725352291.2705984
1725352291.2911744
1725352291.3044736
1725352291.319492
1725352291.3354554
1725352291.3766198
1725352291.3917603
1725352291.412662
1725352291.419161
1725352291.438214
1725352291.4510152
1725352291.4717095
1725352291.4863083
1725352291.5359352
1725352291.5368934
1725352291.5605881
1725352291.56848
1725352291.596415
1725352291.6420476
1725352291.6730442
1725352291.6981192
1725352291.7000163
1725352291.740264
1725352291.7500844
1725352291.8067122
1725352291.8077323
1725352291.815544
1725352291.8214383
1725352291.8324344
1725352291.8535593
1725352291.8712118
1725352291.8815186
1725352291.8993702
1725352291.917118
1725352291.9544685
1725352291.981208
1725352291.9937403
1725352292.0099118
1725352292.028464
1725352292.0452306
1725352292.0645852
1725352292.08488
1725352292.1113832
1725352292.135164
1725352292.1448019
1725352292.1603394
1725352292.1876042
1725352292.2049618
1725352292.216419
1725352292.2316213
1725352292.2522788
1725352292.2692542
1725352292.2825353
1725352292.3090298
1725352292.3219166
1725352292.3341284
1725352292.3484087
1725352292.4017308
1725352292.4276135
1725352292.4286678
1725352292.4376986
1725352292.4514508
1725352292.4819632
1725352292.4869614
1725352292.5058372
1725352292.5308268
1725352292.542683
1725352292.5776045
1725352292.608071
1725352292.6242115
1725352292.6412752
1725352292.6550033
1725352292.6776023
1725352292.6992047
1725352292.7074678
1725352292.7438643
1725352292.7574763
1725352292.775934
1725352292.7953866
1725352292.8292558
1725352292.8670278
1725352292.8741107
1725352292.8902166
1725352292.9331124
1725352292.9598074
1725352292.9608712
1725352292.992904
1725352293.007075
1725352293.0201998
1725352293.041718
1725352293.061498
1725352293.0810237
1725352293.1074357
1725352293.1106563
1725352293.118777
1725352293.1446967
1725352293.1566644
1725352293.168377
1725352293.1898885
1725352293.2077117
1725352293.2209086
1725352293.2388096
1725352293.251235
1725352293.2702384
1725352293.3067236
1725352293.3201635
1725352293.335337
1725352293.357797
1725352293.3686507
1725352293.3959703
1725352293.4068182
1725352293.4337509
1725352293.453158
1725352293.4800327
1725352293.48685
1725352293.5087235
1725352293.5255144
1725352293.5391665
1725352293.5513387
1725352293.572265
1725352293.598356
1725352293.608001
1725352293.619545
1725352293.6544495
1725352293.6840765
1725352293.6915956
1725352293.7086887
1725352293.72115
1725352293.7369878
1725352293.7550852
1725352293.7870636
1725352293.8042614
1725352293.822989
1725352293.8426812
1725352293.8730676
1725352293.886861
1725352293.9040692
1725352293.916562
1725352293.951402
1725352293.9723217
1725352293.982392
1725352293.997093
1725352294.0169873
1725352294.0305605
1725352294.0679781
1725352294.088095
1725352294.1126018
1725352294.125567
1725352294.1419632
1725352294.1561
1725352294.172357
1725352294.1828861
1725352294.1975958
1725352294.232355
1725352294.2513597
1725352294.2646565
1725352294.2836125
1725352294.305082
1725352294.3155901
1725352294.329494
1725352294.349183
1725352294.369237
1725352294.382952
1725352294.3955905
1725352294.414673
1725352294.4303155
1725352294.4471884
1725352294.4659283
1725352294.4789217
1725352294.4997184
1725352294.5207403
1725352294.5353425
1725352294.5486045
1725352294.5645854
1725352294.5789165
1725352294.5924478
1725352294.6145113
1725352294.6340911
1725352294.642684
1725352294.71412
1725352294.7165349
1725352294.7177594
1725352294.7347047
1725352294.7467446
1725352294.7609277
1725352294.7807178
1725352294.7911959
1725352294.8395555
1725352294.8436792
1725352294.857801
1725352294.871494
1725352294.9072115
1725352294.9591885
1725352294.979757
1725352294.9978383
1725352294.9995797
1725352295.04543
1725352295.0571003
1725352295.1102803
1725352295.110435
1725352295.1180925
1725352295.1255784
1725352295.146205
1725352295.1581583
1725352295.175351
1725352295.1888194
1725352295.20709
1725352295.2198617
1725352295.2605608
1725352295.3012488
1725352295.3070078
1725352295.3246741
1725352295.3384805
1725352295.3583431
1725352295.3694937
1725352295.4023647
1725352295.4246113
1725352295.442728
1725352295.4608095
1725352295.4699903
1725352295.4833274
1725352295.511171
1725352295.5422933
1725352295.5448833
1725352295.556207
1725352295.5682254
1725352295.582703
1725352295.6048927
1725352295.6179729
1725352295.6395562
1725352295.673772
1725352295.7076433
1725352295.713468
1725352295.7182622
1725352295.7373428
1725352295.7623894
1725352295.7686572
1725352295.791958
1725352295.8021293
1725352295.821684
1725352295.8354666
1725352295.8756645
1725352295.899076
1725352295.923565
1725352295.9395847
1725352295.9535456
1725352295.9661522
1725352295.9867172
1725352296.0003684
1725352296.037562
1725352296.0545661
1725352296.07394
1725352296.0823514
1725352296.1189592
1725352296.157153
1725352296.1689167
1725352296.1786711
1725352296.218531
1725352296.2310238
1725352296.2452192
1725352296.2819533
1725352296.2987237
1725352296.3188286
1725352296.3341656
1725352296.3437142
1725352296.3639054
1725352296.402931
1725352296.4042823
1725352296.4107525
1725352296.4270344
1725352296.4424248
1725352296.4596198
1725352296.4815962
1725352296.4934683
1725352296.5117068
1725352296.5317652
1725352296.5510526
1725352296.5630493
1725352296.6022496
1725352296.6115055
1725352296.6333215
1725352296.6453888
1725352296.6610777
1725352296.694919
1725352296.6968791
1725352296.7253237
1725352296.7439048
1725352296.7573647
1725352296.7714052
1725352296.7882245
1725352296.8144064
1725352296.8224356
1725352296.8452227
1725352296.8608394
1725352296.875224
1725352296.887377
1725352296.9103372
1725352296.9524217
1725352296.966508
1725352296.977382
1725352296.992068
1725352297.0058634
1725352297.0200262
1725352297.041249
1725352297.0706904
1725352297.105283
1725352297.116768
1725352297.1252728
1725352297.150591
1725352297.1683571
1725352297.1843543
1725352297.2009263
1725352297.2442632
1725352297.2568479
1725352297.2699075
1725352297.2841465
1725352297.302233
1725352297.316485
1725352297.3519232
1725352297.3733115
1725352297.3985672
1725352297.403778
1725352297.4176526
1725352297.4375188
1725352297.462048
1725352297.4790194
1725352297.4923627
1725352297.5335715
1725352297.5413482
1725352297.5616508
1725352297.5706906
1725352297.5892363
1725352297.6064036
1725352297.6207697
1725352297.641907
1725352297.6627202
1725352297.679148
1725352297.6972163
1725352297.708976
1725352297.7225962
1725352297.7399576
1725352297.7552257
1725352297.7795317
1725352297.7952285
1725352297.8128657
1725352297.8322816
1725352297.83644
1725352297.8535519
1725352297.871759
1725352297.8864086
1725352297.9101367
1725352297.9202087
1725352297.9403067
1725352297.975415
1725352297.9993036
1725352298.0109406
1725352298.0221336
1725352298.0414333
1725352298.052809
1725352298.0689003
1725352298.0859768
1725352298.1477032
1725352298.1485865
1725352298.1532078
1725352298.166504
1725352298.1999373
1725352298.2498312
1725352298.2691467
1725352298.2834039
1725352298.2980351
1725352298.3414133
1725352298.3595917
1725352298.4195387
1725352298.4235106
1725352298.4259827
1725352298.426262
1725352298.4359772
1725352298.4535897
1725352298.467649
1725352298.4831676
1725352298.5162141
1725352298.5229366
1725352298.5533152
1725352298.591299
1725352298.6004658
1725352298.6140668
1725352298.6341949
1725352298.6531076
1725352298.6667202
1725352298.6789975
1725352298.7364745
1725352298.7381256
1725352298.7561297
1725352298.7637818
1725352298.7793918
1725352298.7959528
1725352298.8105695
1725352298.8320239
1725352298.8563185
1725352298.890147
1725352298.8918004
1725352298.9046195
1725352298.9141216
1725352298.9352412
1725352298.9456935
1725352298.9956806
1725352299.0178342
1725352299.0344536
1725352299.04295
1725352299.048047
1725352299.068896
1725352299.0821748
1725352299.1032763
1725352299.112437
1725352299.1266506
1725352299.163193
1725352299.2005246
1725352299.2137873
1725352299.2284832
1725352299.248819
1725352299.262312
1725352299.2802963
1725352299.2903163
1725352299.326863
1725352299.3467264
1725352299.3584933
1725352299.3723543
1725352299.4135947
1725352299.4458728
1725352299.4546733
1725352299.4710433
1725352299.5244927
1725352299.5263824
1725352299.545626
1725352299.5735433
1725352299.6100345
1725352299.612583
1725352299.6263115
1725352299.6474864
1725352299.6639757
1725352299.6812072
1725352299.6921992
1725352299.7093036
1725352299.723368
1725352299.7548134
1725352299.7738292
1725352299.7760727
1725352299.7942684
1725352299.8181314
1725352299.8271449
1725352299.8422773
1725352299.8584342
1725352299.8868902
1725352299.9022582
1725352299.9204469
1725352299.9440036
1725352299.9622536
1725352299.9736571
1725352299.9859533
1725352300.0154479
1725352300.036015
1725352300.0512576
1725352300.065674
1725352300.0855153
1725352300.1061947
1725352300.115535
1725352300.1324413
1725352300.1547778
1725352300.1640816
1725352300.1812057
1725352300.1960049
1725352300.2311065
1725352300.2486537
1725352300.2730753
1725352300.2840714
1725352300.2993824
1725352300.316258
1725352300.3306496
1725352300.365023
1725352300.3794544
1725352300.4127624
1725352300.416339
1725352300.4433773
1725352300.473771
1725352300.4899292
1725352300.4936237
1725352300.532993
1725352300.55199
1725352300.5614145
1725352300.5814424
1725352300.5938416
1725352300.6083791
1725352300.6464005
1725352300.6638803
1725352300.682708
1725352300.696455
1725352300.7103834
1725352300.761021
1725352300.781346
1725352300.7826061
1725352300.7831318
1725352300.8150792
1725352300.832178
1725352300.8457663
1725352300.8602886
1725352300.8778653
1725352300.892744
1725352300.9119203
1725352300.9383154
1725352300.9438984
1725352300.9610755
1725352300.9794643
1725352301.0002458
1725352301.012225
1725352301.024163
1725352301.0465145
1725352301.0696354
1725352301.0866017
1725352301.0941052
1725352301.1066961
1725352301.1271825
1725352301.1412807
1725352301.1575398
1725352301.1739235
1725352301.1924682
1725352301.2068877
1725352301.2212372
1725352301.2568183
1725352301.2793772
1725352301.2909245
1725352301.3111024
1725352301.3248055
1725352301.3439608
1725352301.3523612
1725352301.3740792
1725352301.4138353
1725352301.4226475
1725352301.4361784
1725352301.453557
1725352301.4955964
1725352301.5337634
1725352301.5546486
1725352301.5952055
1725352301.5963824
1725352301.6360192
1725352301.6484647
1725352301.7025564
1725352301.702936
1725352301.7139716
1725352301.726847
1725352301.7329502
1725352301.7509904
1725352301.7695696
1725352301.7825274
1725352301.8141778
1725352301.8161998
1725352301.8510816
1725352301.8948238
1725352301.9140213
1725352301.9264889
1725352301.9337592
1725352301.9483843
1725352301.964364
1725352301.9801009
1725352302.0230143
1725352302.033992
1725352302.0465298
1725352302.0621786
1725352302.08265
1725352302.0986242
1725352302.1173115
1725352302.1324835
1725352302.1454139
1725352302.1633258
1725352302.1791348
1725352302.1996849
1725352302.217918
1725352302.2493608
1725352302.2599423
1725352302.2946615
1725352302.302463
1725352302.3194811
1725352302.3353376
1725352302.3480272
1725352302.363723
1725352302.3841298
1725352302.3964033
1725352302.420082
1725352302.4285243
1725352302.4645445
1725352302.4937205
1725352302.5151198
1725352302.5359669
1725352302.5430696
1725352302.5621498
1725352302.5862443
1725352302.6025827
1725352302.6323166
1725352302.6438613
1725352302.6593354
1725352302.6768596
1725352302.734716
1725352302.746818
1725352302.7611692
1725352302.7749271
1725352302.808711
1725352302.836782
1725352302.8432455
1725352302.8733325
1725352302.8937867
1725352302.9147942
1725352302.9289658
1725352302.9445536
1725352302.9664237
1725352302.9897988
1725352303.0009472
1725352303.0105774
1725352303.031731
1725352303.0427144
1725352303.0615585
1725352303.078718
1725352303.0926988
1725352303.1188445
1725352303.1624267
1725352303.1641853
1725352303.1663995
1725352303.2030303
1725352303.2152848
1725352303.2358122
1725352303.2470148
1725352303.265912
1725352303.2793586
1725352303.2991116
1725352303.327894
1725352303.3483858
1725352303.3621378
1725352303.37741
1725352303.4044816
1725352303.4142952
1725352303.433225
1725352303.4444132
1725352303.4573092
1725352303.4771123
1725352303.489131
1725352303.5114176
1725352303.5455914
1725352303.5662975
1725352303.5751178
1725352303.6000106
1725352303.6078444
1725352303.623016
1725352303.64373
1725352303.6842284
1725352303.7011738
1725352303.7071142
1725352303.7338467
1725352303.7573967
1725352303.7736297
1725352303.789229
1725352303.8111162
1725352303.8411498
1725352303.8613894
1725352303.8729901
1725352303.8895226
1725352303.907616
1725352303.923631
1725352303.959783
1725352303.98145
1725352303.994098
1725352304.0044546
1725352304.0206304
1725352304.0376978
1725352304.0609555
1725352304.072387
1725352304.0933537
1725352304.1392615
1725352304.1405935
1725352304.15826
1725352304.1713445
1725352304.1857417
1725352304.2029889
1725352304.2198517
1725352304.23497
1725352304.2573967
1725352304.276423
1725352304.2929294
1725352304.3031776
1725352304.318966
1725352304.3390071
1725352304.3665848
1725352304.3742583
1725352304.3930986
1725352304.4028976
1725352304.4196424
1725352304.441387
1725352304.4547782
1725352304.4804153
1725352304.4976645
1725352304.501974
1725352304.5151293
1725352304.5352097
1725352304.5873082
1725352304.5890117
1725352304.6039975
1725352304.6165767
1725352304.6312685
1725352304.6480598
1725352304.6718378
1725352304.687658
1725352304.7228005
1725352304.7352798
1725352304.7453158
1725352304.7628095
1725352304.8013608
1725352304.8572972
1725352304.8630087
1725352304.884079
1725352304.8923275
1725352304.9357588
1725352304.9471052
1725352305.007139
1725352305.007761
1725352305.0082996
1725352305.0162692
1725352305.0313873
1725352305.048068
1725352305.0621095
1725352305.082418
1725352305.0926836
1725352305.1204784
1725352305.1485863
1725352305.1885366
1725352305.1952224
1725352305.21354
1725352305.2272367
1725352305.2420077
1725352305.2633035
1725352305.279675
1725352305.3123176
1725352305.3258417
1725352305.341588
1725352305.3603222
1725352305.3926742
1725352305.4292982
1725352305.4304757
1725352305.4322922
1725352305.4386709
1725352305.472094
1725352305.492318
1725352305.5023136
1725352305.5131364
1725352305.528505
1725352305.545918
1725352305.597877
1725352305.6164854
1725352305.629369
1725352305.6502972
1725352305.6552072
1725352305.6684906
1725352305.6862388
1725352305.698892
1725352305.7097058
1725352305.7305036
1725352305.7782338
1725352305.7976787
1725352305.823303
1725352305.8311954
1725352305.843272
1725352305.8597732
1725352305.877959
1725352305.899592
1725352305.9298625
1725352305.9427702
1725352305.958369
1725352305.9819994
1725352306.0215988
1725352306.0426457
1725352306.0576189
1725352306.0785825
1725352306.113556
1725352306.1279733
1725352306.1412723
1725352306.1763802
1725352306.1893985
1725352306.2074857
1725352306.229026
1725352306.2496045
1725352306.2700016
1725352306.2781384
1725352306.2935126
1725352306.3110554
1725352306.3224993
1725352306.3425136
1725352306.3597991
1725352306.3781557
1725352306.3938828
1725352306.410429
1725352306.4298353
1725352306.440053
1725352306.458375
1725352306.497072
1725352306.5110784
1725352306.5254996
1725352306.5403395
1725352306.5591002
1725352306.5732324
1725352306.589829
1725352306.6277146
1725352306.6393757
1725352306.6890032
1725352306.6908133
1725352306.6926641
1725352306.724002
1725352306.7299273
1725352306.7397184
1725352306.7568426
1725352306.7783089
1725352306.7875183
1725352306.8103077
1725352306.842687
1725352306.860409
1725352306.8770466
1725352306.8895042
1725352306.9066536
1725352306.9259784
1725352306.9379537
1725352306.9746723
1725352306.990086
1725352307.0046134
1725352307.0321734
1725352307.0580235
1725352307.069381
1725352307.0851836
1725352307.1029716
1725352307.136292
1725352307.1582167
1725352307.1740026
1725352307.1853597
1725352307.2034903
1725352307.217429
1725352307.2588396
1725352307.2690568
1725352307.313137
1725352307.3177679
1725352307.333662
1725352307.3446295
1725352307.3623152
1725352307.3731449
1725352307.3893824
1725352307.426369
1725352307.448386
1725352307.473602
1725352307.4923418
1725352307.496062
1725352307.5074055
1725352307.5351968
1725352307.5464222
1725352307.568307
1725352307.5806022
1725352307.5936995
1725352307.6147718
1725352307.625444
1725352307.6431577
1725352307.6659453
1725352307.6820467
1725352307.7054257
1725352307.713027
1725352307.7271888
1725352307.741641
1725352307.7603111
1725352307.7783515
1725352307.7994125
1725352307.811009
1725352307.8295429
1725352307.8440979
1725352307.883086
1725352307.9075716
1725352307.923604
1725352307.9288678
1725352307.955024
1725352307.9648988
1725352307.9816046
1725352307.998317
1725352308.0610194
1725352308.0616639
1725352308.0626307
1725352308.0776749
1725352308.1103518
1725352308.1720462
1725352308.1757977
1725352308.1995435
1725352308.2005131
1725352308.2460604
1725352308.2616577
1725352308.3149624
1725352308.3156235
1725352308.3251724
1725352308.3465273
1725352308.347905
1725352308.369735
1725352308.3864417
1725352308.3952675
1725352308.412783
1725352308.426184
1725352308.4761417
1725352308.5067399
1725352308.5077868
1725352308.526196
1725352308.5478613
1725352308.562654
1725352308.5733447
1725352308.5925925
1725352308.624549
1725352308.663625
1725352308.6796165
1725352308.6796885
1725352308.723533
1725352308.7273364
1725352308.7285755
1725352308.7404442
1725352308.7649925
1725352308.7717512
1725352308.804315
1725352308.8069904
1725352308.831282
1725352308.8359761
1725352308.8564026
1725352308.8912406
1725352308.9181635
1725352308.9707837
1725352308.9727733
1725352308.9741461
1725352308.9757514
1725352308.9857965
1725352309.010414
1725352309.0203571
1725352309.040363
1725352309.086732
1725352309.1089118
1725352309.133587
1725352309.1585124
1725352309.1605043
1725352309.1776896
1725352309.187681
1725352309.21379
1725352309.2386816
1725352309.245528
1725352309.26007
1725352309.2890716
1725352309.3168073
1725352309.3486009
1725352309.367111
1725352309.38872
1725352309.4214485
1725352309.4520562
1725352309.4537446
1725352309.49126
1725352309.5080924
1725352309.5192375
1725352309.5404823
1725352309.559267
1725352309.5815566
1725352309.603597
1725352309.6050801
1725352309.6287382
1725352309.6336024
1725352309.6514256
1725352309.6742833
1725352309.6867921
1725352309.7110846
1725352309.725223
1725352309.7464564
1725352309.7560349
1725352309.772757
1725352309.8098211
1725352309.8232315
1725352309.8320608
1725352309.8565521
1725352309.8697894
1725352309.8965173
1725352309.908931
1725352309.9406276
1725352309.9502087
1725352309.965911
1725352309.9953947
1725352310.0034173
1725352310.0220616
1725352310.0377107
1725352310.053326
1725352310.0663297
1725352310.0896947
1725352310.0965445
1725352310.1131663
1725352310.1497252
1725352310.1693835
1725352310.2077298
1725352310.2194762
1725352310.2319212
1725352310.2499127
1725352310.2991583
1725352310.3090506
1725352310.3364768
1725352310.3384786
1725352310.360578
1725352310.3757408
1725352310.3923178
1725352310.4102163
1725352310.465812
1725352310.4776554
1725352310.5255527
1725352310.526519
1725352310.5270357
1725352310.5292258
1725352310.5746267
1725352310.5893657
1725352310.6071413
1725352310.614946
1725352310.6281283
1725352310.6419554
1725352310.6608505
1725352310.6738086
1725352310.691836
1725352310.7357585
1725352310.7582712
1725352310.7600336
1725352310.7881455
1725352310.7893252
1725352310.814246
1725352310.824017
1725352310.84166
1725352310.8680778
1725352310.8747811
1725352310.8868003
1725352310.9087834
1725352310.9206614
1725352310.9382498
1725352310.9565623
1725352310.9720414
1725352311.0043902
1725352311.0186868
1725352311.029511
1725352311.0606985
1725352311.0763001
1725352311.0775554
1725352311.0860572
1725352311.1014957
1725352311.121696
1725352311.1362782
1725352311.1900256
1725352311.1920416
1725352311.209514
1725352311.2283313
1725352311.2376409
1725352311.255929
1725352311.2772489
1725352311.282922
1725352311.3467155
1725352311.3474565
1725352311.374446
1725352311.3744698
1725352311.397657
1725352311.4460635
1725352311.4892552
1725352311.492666
1725352311.5063338
1725352311.551514
1725352311.552854
1725352311.6189442
1725352311.6194894
1725352311.6202056
1725352311.6223352
1725352311.6509993
1725352311.653541
1725352311.68146
1725352311.686655
1725352311.6967273
1725352311.7230828
1725352311.755757
1725352311.7922938
1725352311.7972882
1725352311.8248315
1725352311.8406432
1725352311.847776
1725352311.8682733
1725352311.8899112
1725352311.9193149
1725352311.940504
1725352311.9475863
1725352311.963332
1725352311.9906552
1725352312.0135527
1725352312.014807
1725352312.0335417
1725352312.0515935
1725352312.0895052
1725352312.0914435
1725352312.0946288
1725352312.1192334
1725352312.1512024
1725352312.1515589
1725352312.2371652
1725352312.2510693
1725352312.2517982
1725352312.2530894
1725352312.2547631
1725352312.33806
1725352312.3404229
1725352312.3473995
1725352312.3486788
1725352312.3736963
1725352312.376676
1725352312.4143426
1725352312.4210494
1725352312.45079
1725352312.4734857
1725352312.485371
1725352312.5038579
1725352312.5325212
1725352312.567532
1725352312.5680919
1725352312.6022618
1725352312.604946
1725352312.6775384
1725352312.681974
1725352312.6824882
1725352312.7115238
1725352312.733541
1725352312.7601109
1725352312.767401
1725352312.8013701
1725352312.8097446
1725352312.8307261
1725352312.8669376
1725352312.8694122
1725352312.8780699
1725352312.9111059
1725352312.9127636
1725352312.9232836
1725352312.949477
1725352312.960839
1725352312.9791918
1725352312.9963782
1725352313.0106268
1725352313.0260205
1725352313.0460148
1725352313.064732
1725352313.0892696
1725352313.115457
1725352313.149878
1725352313.150153
1725352313.1607637
1725352313.2107193
1725352313.2107935
1725352313.2108417
1725352313.243582
1725352313.2649682
1725352313.291697
1725352313.3168812
1725352313.316937
1725352313.3241518
1725352313.3425338
1725352313.3657253
1725352313.371483
1725352313.3991125
1725352313.426786
1725352313.4283235
1725352313.5058162
1725352313.5059326
1725352313.507759
1725352313.5347471
1725352313.534804
1725352313.562011
1725352313.5624688
1725352313.5974464
1725352313.671428
1725352313.6715922
1725352313.6717525
1725352313.6834114
1725352313.7531657
1725352313.7531974
1725352313.7532384
1725352313.771362
1725352313.7941225
1725352313.797222
1725352313.8161786
1725352313.8476331
1725352313.8479288
1725352313.8883917
1725352313.9067316
1725352313.995562
1725352313.9956114
1725352313.995644
1725352313.9958158
1725352313.9967813
1725352313.9974034
1725352314.0280976
1725352314.078653
1725352314.0787985
1725352314.0807197
1725352314.100173
1725352314.1130664
1725352314.1354175
1725352314.1560683
1725352314.1747708
1725352314.1789453
1725352314.2045913
1725352314.2233038
1725352314.2428212
1725352314.2446022
1725352314.267348
1725352314.282276
1725352314.2984047
1725352314.3215218
1725352314.3356974
1725352314.348233
1725352314.3604395
1725352314.3863196
1725352314.3944438
1725352314.408705
1725352314.433638
1725352314.4458892
1725352314.4658966
1725352314.50905
1725352314.5226488
1725352314.524831
1725352314.5418403
1725352314.5599585
1725352314.575737
1725352314.5922382
1725352314.6072347
1725352314.663232
1725352314.6641605
1725352314.6741924
1725352314.6918392
1725352314.7241092
1725352314.8572905
1725352314.8773422
1725352314.8786874
1725352314.9335597
1725352314.934605
1725352314.9482458
1725352314.949122
1725352314.9688098
1725352314.9823294
1725352314.9965968
1725352315.0298672
1725352315.0301635
1725352315.046725
1725352315.078921
1725352315.1220176
1725352315.1227944
1725352315.1573975
1725352315.15854
1725352315.1723452
1725352315.191615
1725352315.2232676
1725352315.23756
1725352315.266216
1725352315.2705107
1725352315.287468
1725352315.3029358
1725352315.3354158
1725352315.3525093
1725352315.3686528
1725352315.3941216
1725352315.4399416
1725352315.4871912
1725352315.4887605
1725352315.53465
1725352315.5487509
1725352315.5566223
1725352315.5671215
1725352315.6407382
1725352315.6473331
1725352315.649458
1725352315.6508489
1725352315.6519346
1725352315.6527104
1725352315.6551986
1725352315.695219
1725352315.7312925
1725352315.739806
1725352315.7493138
1725352315.7732022
1725352315.7811728
1725352315.8002605
1725352315.8701463
1725352315.8726335
1725352315.873957
1725352315.8841329
1725352315.8984241
1725352315.9387128
1725352315.966609
1725352315.9844618
1725352315.9941323
1725352316.039349
1725352316.0516949
1725352316.0773125
1725352316.1000237
1725352316.110151
1725352316.1456442
1725352316.1475456
1725352316.179578
1725352316.199598
1725352316.2022908
1725352316.2104516
1725352316.225452
1725352316.2425742
1725352316.2562127
1725352316.2747948
1725352316.2989902
1725352316.3316085
1725352316.333646
1725352316.3505185
1725352316.3665714
1725352316.3879318
1725352316.4100714
1725352316.430763
1725352316.458941
1725352316.4616742
1725352316.4722695
1725352316.508025
1725352316.5114527
1725352316.556102
1725352316.5575202
1725352316.5695758
1725352316.621278
1725352316.622577
1725352316.6493702
1725352316.65105
1725352316.6784058
1725352316.679956
1725352316.687121
1725352316.7021635
1725352316.7236116
1725352316.758642
1725352316.778891
1725352316.786019
1725352316.8097715
1725352316.816358
1725352316.8305192
1725352316.8476644
1725352316.9079747
1725352316.9104316
1725352316.9225228
1725352316.9751673
1725352316.9766524
1725352316.9887295
1725352316.9978693
1725352317.0127115
1725352317.0737863
1725352317.0762386
1725352317.1042345
1725352317.1051383
1725352317.1224194
1725352317.1323721
1725352317.1793668
1725352317.1978898
1725352317.2001977
1725352317.2333534
1725352317.2351646
1725352317.246817
1725352317.2723532
1725352317.2849598
1725352317.2977004
1725352317.3421328
1725352317.3551245
1725352317.3717666
1725352317.377187
1725352317.4078715
1725352317.414233
1725352317.4390323
1725352317.454517
1725352317.4822295
1725352317.5376828
1725352317.540511
1725352317.5495672
1725352317.5509737
1725352317.552258
1725352317.5629673
1725352317.6471546
1725352317.6491003
1725352317.6506844
1725352317.7365446
1725352317.738962
1725352317.745352
1725352317.7469716
1725352317.7509246
1725352317.7664835
1725352317.7685912
1725352317.7936542
1725352317.842057
1725352317.8451476
1725352317.8466299
1725352317.8491976
1725352317.863152
1725352317.8653054
1725352317.9211502
1725352317.923436
1725352317.9368765
1725352317.9640381
1725352317.9641094
1725352318.0095422
1725352318.0222933
1725352318.0625741
1725352318.121992
1725352318.1279273
1725352318.1289434
1725352318.1444333
1725352318.167563
1725352318.2484953
1725352318.2490873
1725352318.2499578
1725352318.251102
1725352318.2530255
1725352318.2913158
1725352318.2921045
1725352318.2938766
1725352318.315009
1725352318.326727
1725352318.3649356
1725352318.394464
1725352318.433734
1725352318.4607043
1725352318.4615424
1725352318.5268636
1725352318.5269406
1725352318.5287158
1725352318.5529819
1725352318.5791261
1725352318.580413
1725352318.5815442
1725352318.600417
1725352318.6097422
1725352318.666922
1725352318.6826856
1725352318.6840332
1725352318.686114
1725352318.7015786
1725352318.7140653
1725352318.7328577
1725352318.738861
1725352318.786209
1725352318.8102329
1725352318.8349845
1725352318.8358536
1725352318.8477046
1725352318.8936312
1725352318.8946908
1725352318.900419
1725352318.9043226
1725352318.9237554
1725352318.946191
1725352318.982889
1725352319.0385928
1725352319.0403595
1725352319.0676746
1725352319.0694795
1725352319.0790145
1725352319.1146865
1725352319.115649
1725352319.1492643
1725352319.1565068
1725352319.17793
1725352319.247788
1725352319.2518208
1725352319.3223615
1725352319.3230853
1725352319.324997
1725352319.3613954
1725352319.3630366
1725352319.3799918
1725352319.4008873
1725352319.4174898
1725352319.43472
1725352319.448193
1725352319.4655807
1725352319.4931636
1725352319.507463
1725352319.5167394
1725352319.52857
1725352319.542841
1725352319.569639
1725352319.6795595
1725352319.681234
1725352319.6820834
1725352319.6852133
1725352319.6877167
1725352319.6895819
1725352319.7300491
1725352319.7503834
1725352319.753588
1725352319.787323
1725352319.7901704
1725352319.8256428
1725352319.8271708
1725352319.8706992
1725352319.8721683
1725352319.8735287
1725352319.8913517
1725352319.9014885
1725352319.9333777
1725352319.9638581
1725352319.9793217
1725352319.9802594
1725352319.9864366
1725352320.003974
1725352320.0381663
1725352320.0396144
1725352320.075773
1725352320.0871356
1725352320.100247
1725352320.1283748
1725352320.14352
1725352320.1566052
1725352320.1662033
1725352320.2043083
1725352320.2265244
1725352320.2357447
1725352320.263991
1725352320.2807589
1725352320.2986064
1725352320.3114924
1725352320.3411248
1725352320.3612127
1725352320.3936338
1725352320.3960536
1725352320.4206755
1725352320.443175
1725352320.4453874
1725352320.4894257
1725352320.508325
1725352320.5257063
1725352320.5606005
1725352320.5622194
1725352320.564057
1725352320.5802555
1725352320.596307
1725352320.606619
1725352320.6441321
1725352320.6652644
1725352320.702804
1725352320.704036
1725352320.7163997
1725352320.730834
1725352320.7476282
1725352320.7896242
1725352320.791474
1725352320.7954388
1725352320.8565369
1725352320.86155
1725352320.8624206
1725352320.8630993
1725352320.8858197
1725352320.9057791
1725352320.9162424
1725352320.925045
1725352320.9806478
1725352320.9809551
1725352321.011997
1725352321.0149562
1725352321.018889
1725352321.0203364
1725352321.0494313
1725352321.1012933
1725352321.101419
1725352321.1596406
1725352321.159754
1725352321.1612992
1725352321.1854498
1725352321.1870518
1725352321.245818
1725352321.2488012
1725352321.26094
1725352321.261772
1725352321.2914789
1725352321.3384774
1725352321.3407476
1725352321.3829
1725352321.3865163
1725352321.42705
1725352321.4305353
1725352321.4540637
1725352321.473699
1725352321.5313601
1725352321.5327806
1725352321.5503223
1725352321.5516336
1725352321.5619593
1725352321.5930448
1725352321.613074
1725352321.6141164
1725352321.637189
1725352321.643107
1725352321.685577
1725352321.7135756
1725352321.7283833
1725352321.7424505
1725352321.759915
1725352321.7812583
1725352321.7945197
1725352321.8165872
1725352321.845037
1725352321.8785412
1725352321.8801255
1725352321.8941977
1725352321.906207
1725352321.9163113
1725352321.9365327
1725352321.9488375
1725352321.9794
1725352321.9897509
1725352322.0007508
1725352322.0175328
1725352322.0327184
1725352322.0565317
1725352322.0861657
1725352322.1153057
1725352322.134446
1725352322.1565316
1725352322.191805
1725352322.1938462
1725352322.1948948
1725352322.19914
1725352322.2297122
1725352322.2408004
1725352322.2456207
1725352322.2960443
1725352322.3194456
1725352322.3296273
1725352322.3477259
1725352322.3605297
1725352322.383937
1725352322.4005606
1725352322.4401882
1725352322.4584599
1725352322.484111
1725352322.4872608
1725352322.499228
1725352322.5402803
1725352322.574347
1725352322.5994916
1725352322.6123135
1725352322.646449
1725352322.6890802
1725352322.6927478
1725352322.7039545
1725352322.7431858
1725352322.7467752
1725352322.7631726
1725352322.775295
1725352322.7963893
1725352322.8097441
1725352322.8207052
1725352322.839245
1725352322.8589175
1725352322.8816128
1725352322.8884037
1725352322.902037
1725352322.9239006
1725352322.9404924
1725352323.009411
1725352323.0190732
1725352323.0297847
1725352323.046358
1725352323.0474553
1725352323.0522501
1725352323.0679548
1725352323.104178
1725352323.1227767
1725352323.1231453
1725352323.1962333
1725352323.2026744
1725352323.2107441
1725352323.235685
1725352323.238982
1725352323.2773542
1725352323.2786622
1725352323.2802637
1725352323.2855227
1725352323.3452518
1725352323.34711
1725352323.4080446
1725352323.4129052
1725352323.463658
1725352323.4825706
1725352323.485504
1725352323.4866264
1725352323.5342536
1725352323.54757
1725352323.5738144
1725352323.575368
1725352323.6364627
1725352323.6467204
1725352323.6731887
1725352323.6743371
1725352323.688326
1725352323.7017758
1725352323.7239842
1725352323.7263837
1725352323.7520041
1725352323.7526846
1725352323.7554219
1725352323.7579637
1725352323.8292968
1725352323.831665
1725352323.8702257
1725352323.8718488
1725352323.8737485
1725352323.8752174
1725352323.898563
1725352323.9101207
1725352323.9643898
1725352324.0251803
1725352324.0271819
1725352324.028493
1725352324.0300543
1725352324.0441632
1725352324.0453484
1725352324.0557606
1725352324.076311
1725352324.0842242
1725352324.0976458
1725352324.1359165
1725352324.1369445
1725352324.2950535
1725352324.2968972
1725352324.29783
1725352324.2994752
1725352324.3289933
1725352324.3305538
1725352324.3323116
1725352324.3337667
1725352324.344468
1725352324.345226
1725352324.3463597
1725352324.3774462
1725352324.3785777
1725352324.4488027
1725352324.4503896
1725352324.4522283
1725352324.4851243
1725352324.4862623
1725352324.4879682
1725352324.494894
1725352324.521302
1725352324.5772939
1725352324.5780823
1725352324.5781112
1725352324.587584
1725352324.6258605
1725352324.6714404
1725352324.7065873
1725352324.7219887
1725352324.7473364
1725352324.794935
1725352324.8054388
1725352324.8312204
1725352324.832057
1725352324.8944943
1725352324.8960793
1725352324.8974488
1725352324.8992374
1725352324.904741
1725352324.920493
1725352324.9502287
1725352324.9629972
1725352324.9889266
1725352325.055643
1725352325.0557418
1725352325.0565746
1725352325.0743365
1725352325.0880086
1725352325.1051195
1725352325.1140053
1725352325.155095
1725352325.1837788
1725352325.184906
1725352325.1979704
1725352325.2187786
1725352325.2349982
1725352325.2595842
1725352325.272792
1725352325.2983146
1725352325.3005714
1725352325.3150163
1725352325.339025
1725352325.3821325
1725352325.387144
1725352325.403361
1725352325.4620912
1725352325.465707
1725352325.4667783
1725352325.5060675
1725352325.5074036
1725352325.508781
1725352325.5452487
1725352325.547909
1725352325.5613382
1725352325.5710819
1725352325.6135519
1725352325.6329644
1725352325.6992068
1725352325.6994913
1725352325.700793
1725352325.713585
1725352325.726115
1725352325.7460568
1725352325.7818358
1725352325.8153338
1725352325.8157852
1725352325.8318746
1725352325.8669202
1725352325.889237
1725352325.9080212
1725352325.9182413
1725352325.9711802
1725352325.972984
1725352325.981179
1725352326.0172195
1725352326.0413496
1725352326.0472894
1725352326.0813553
1725352326.1125348
1725352326.1146765
1725352326.1237779
1725352326.1440034
1725352326.1515384
1725352326.165969
1725352326.1827505
1725352326.206111
1725352326.2186432
1725352326.2396662
1725352326.274803
1725352326.2785017
1725352326.2957335
1725352326.2974122
1725352326.3388057
1725352326.3516412
1725352326.35739
1725352326.3854356
1725352326.4051704
1725352326.4271972
1725352326.4340932
1725352326.4806519
1725352326.4941773
1725352326.5023026
1725352326.5145528
1725352326.5312681
1725352326.5654826
1725352326.5690603
1725352326.5809023
1725352326.5978053
1725352326.611013
1725352326.6373847
1725352326.6695402
1725352326.7194188
1725352326.7335007
1725352326.7354484
1725352326.7443273
1725352326.7444165
1725352326.7709172
1725352326.7769713
1725352326.8076212
1725352326.8238983
1725352326.844556
1725352326.8829596
1725352326.8945508
1725352326.9169683
1725352326.9254365
1725352326.934614
1725352326.9810472
1725352327.0437095
1725352327.0443163
1725352327.0484324
1725352327.0568547
1725352327.0615947
1725352327.124006
1725352327.1261318
1725352327.1435087
1725352327.14412
1725352327.1665938
1725352327.1824589
1725352327.2255192
1725352327.2269506
1725352327.2328942
1725352327.264812
1725352327.316298
1725352327.3176515
1725352327.319932
1725352327.3217523
1725352327.373912
1725352327.3757248
1725352327.3765004
1725352327.4013247
1725352327.4082177
1725352327.4292321
1725352327.4427874
1725352327.4616218
1725352327.4726913
1725352327.5298061
1725352327.5656028
1725352327.5718021
1725352327.5872972
1725352327.5890958
1725352327.5908458
1725352327.5925806
1725352327.614538
1725352327.6279867
1725352327.6578739
1725352327.6605775
1725352327.6674848
1725352327.7266967
1725352327.7535079
1725352327.7550812
1725352327.756604
1725352327.7717206
1725352327.8037202
1725352327.8053508
1725352327.8205628
1725352327.8623292
1725352327.8701243
1725352327.8877542
1725352327.9257827
1725352327.9938676
1725352328.0391417
1725352328.1211102
1725352328.2301192
1725352328.2316017
1725352328.3018448
1725352328.3644323
1725352328.364821
1725352328.3719125
1725352328.37458
1725352328.3771741
1725352328.4039512
1725352328.4198363
1725352328.4219477
1725352328.4858468
1725352328.4874437
1725352328.497471
1725352328.5615997
1725352328.5634816
1725352328.5674162
1725352328.568075
1725352328.6199458
1725352328.6211472
1725352328.6381502
1725352328.639659
1725352328.6412544
1725352328.6436174
1725352328.6437135
1725352328.6767552
1725352328.6925542
1725352328.6984277
1725352328.7993362
1725352328.8030214
1725352328.8131235
1725352328.8136988
1725352328.8143249
1725352328.8273792
1725352328.8446162
1725352328.8786943
1725352328.879722
1725352328.881531
1725352328.9649954
1725352328.9663293
1725352328.967434
1725352329.029718
1725352329.0309849
1725352329.0331006
1725352329.0399945
1725352329.0438514
1725352329.0854146
1725352329.1035616
1725352329.1038637
1725352329.1068003
1725352329.148515
1725352329.188737
1725352329.2068026
1725352329.2077434
1725352329.2809567
1725352329.2827187
1725352329.2857983
1725352329.3617647
1725352329.363921
1725352329.366624
1725352329.3813431
1725352329.4027596
1725352329.4049988
1725352329.4204571
1725352329.422268
1725352329.4609609
1725352329.4624624
1725352329.4864225
1725352329.4890726
1725352329.5375924
1725352329.5653734
1725352329.5667763
1725352329.5785491
1725352329.5805335
1725352329.6071663
1725352329.6573637
1725352329.6580029
1725352329.6595724
1725352329.6640298
1725352329.733696
1725352329.7366564
1725352329.737359
1725352329.778879
1725352329.7900424
1725352329.7917356
1725352329.8081608
1725352329.8290732
1725352329.8438501
1725352329.8574612
1725352329.8661416
1725352329.8807676
1725352329.9090958
1725352329.938217
1725352329.9712586
1725352329.9744997
1725352330.0052013
1725352330.0063949
1725352330.0223658
1725352330.0461166
1725352330.0496478
1725352330.0798118
1725352330.1053052
1725352330.1200755
1725352330.1369205
1725352330.29122
1725352330.294188
1725352330.2964199
1725352330.3142238
1725352330.3529716
1725352330.3689485
1725352330.4245348
1725352330.4277418
1725352330.4284823
1725352330.4299989
1725352330.6004882
1725352330.629578
1725352330.6568034
1725352330.7062047
1725352330.714427
1725352330.7152584
1725352330.7182624
1725352330.7220075
1725352330.722634
1725352330.7254713
1725352330.7268417
1725352330.7659464
1725352330.7835999
1725352330.8700395
1725352330.8706567
1725352330.8721159
1725352330.8742104
1725352330.9419873
1725352330.94703
1725352330.9482365
1725352330.9525619
1725352330.958354
1725352331.074706
1725352331.076345
1725352331.0784667
1725352331.0805085
1725352331.103443
1725352331.1065047
1725352331.1101966
1725352331.1160486
1725352331.1196363
