2024-09-03 16:32:31
../stream-replay/logs/stuttering-6206.txt
1725352271.5649998
1725352271.8116016
1725352271.8123095
1725352271.8667402
1725352271.8684473
1725352271.8685799
1725352271.9029036
1725352271.9050179
1725352271.905486
1725352271.905945
1725352271.9611802
1725352271.961709
1725352271.9705229
1725352271.971061
1725352271.9715114
1725352272.1174324
1725352272.1181986
1725352272.119045
1725352272.128352
1725352272.1289732
1725352272.129457
1725352272.1460729
1725352272.146818
1725352272.1473014
1725352272.1805832
1725352272.181117
1725352272.181564
1725352272.182017
1725352272.2046282
1725352272.2084396
1725352272.209295
1725352272.229957
1725352272.2517338
1725352272.2524378
1725352272.2529423
1725352272.2541263
1725352272.2629766
1725352272.278851
1725352272.278892
1725352272.2967505
1725352272.3352096
1725352272.4018698
1725352272.4087255
1725352272.422898
1725352272.423453
1725352272.4685466
1725352272.50598
1725352272.5385227
1725352272.5396538
1725352272.5401323
1725352272.5587804
1725352272.5744143
1725352272.5844164
1725352272.6598618
1725352272.6603417
1725352272.6809542
1725352272.6814468
1725352272.7433455
1725352272.7453005
1725352272.7514534
1725352272.805772
1725352272.8065002
1725352272.8071413
1725352272.8130352
1725352272.8280652
1725352272.8908546
1725352272.9149454
1725352272.9156253
1725352272.9338155
1725352272.9681244
1725352272.968655
1725352273.0021484
1725352273.0025115
1725352273.0431154
1725352273.0437906
1725352273.0533478
1725352273.1178586
1725352273.118815
1725352273.1191385
1725352273.1970267
1725352273.199431
1725352273.2343445
1725352273.236031
1725352273.2365012
1725352273.2793286
1725352273.2797961
1725352273.280274
1725352273.3129115
1725352273.3133245
1725352273.3609157
1725352273.4140062
1725352273.4144747
1725352273.414866
1725352273.4370885
1725352273.568756
1725352273.5693388
1725352273.5698187
1725352273.5899322
1725352273.5902917
1725352273.590642
1725352273.591043
1725352273.6079748
1725352273.7069647
1725352273.7076628
1725352273.7081196
1725352273.7293751
1725352273.7299325
1725352273.7689526
1725352273.7694042
1725352273.8074715
1725352273.8081563
1725352273.838412
1725352273.8388562
1725352273.920039
1725352273.9215603
1725352273.9221282
1725352273.924824
1725352273.925227
1725352273.974035
1725352273.975015
1725352273.9754055
1725352274.0075526
1725352274.0103302
1725352274.027999
1725352274.0465002
1725352274.1418457
1725352274.1428025
1725352274.1655838
1725352274.166411
1725352274.170716
1725352274.1709535
1725352274.2410717
1725352274.2416487
1725352274.2421122
1725352274.286228
1725352274.2869117
1725352274.2954123
1725352274.3482435
1725352274.3489237
1725352274.349375
1725352274.3808577
1725352274.381258
1725352274.4055002
1725352274.442494
1725352274.4513402
1725352274.4686606
1725352274.4903498
1725352274.5423553
1725352274.5434144
1725352274.5437613
1725352274.5866644
1725352274.5870492
1725352274.6370502
1725352274.6375852
1725352274.6822884
1725352274.6833153
1725352274.7482183
1725352274.7486148
1725352274.7489545
1725352274.7493007
1725352274.7978287
1725352274.810355
1725352274.810727
1725352274.8797412
1725352274.8800962
1725352274.8804362
1725352274.9240057
1725352274.9246035
1725352274.976349
1725352274.9767504
1725352274.9771936
1725352274.9778202
1725352274.993165
1725352275.0130205
1725352275.054906
1725352275.1005945
1725352275.101163
1725352275.1015964
1725352275.1197395
1725352275.129151
1725352275.1470854
1725352275.1698947
1725352275.2357004
1725352275.2367256
1725352275.237097
1725352275.2376678
1725352275.2717109
1725352275.2720687
1725352275.3469238
1725352275.3474615
1725352275.3478315
1725352275.348619
1725352275.349035
1725352275.367762
1725352275.3983243
1725352275.3988113
1725352275.4379544
1725352275.438298
1725352275.4845219
1725352275.4849937
1725352275.485302
1725352275.5770237
1725352275.577653
1725352275.5780513
1725352275.5931368
1725352275.593436
1725352275.5940244
1725352275.6289763
1725352275.6297061
1725352275.700819
1725352275.7017627
1725352275.70187
1725352275.7270017
1725352275.763823
1725352275.8225815
1725352275.8238559
1725352275.8858314
1725352275.88609
1725352275.8869162
1725352276.0449634
1725352276.0458875
1725352276.046238
1725352276.04667
1725352276.046971
1725352276.0472672
1725352276.0649617
1725352276.0654757
1725352276.0657403
1725352276.06643
1725352276.076296
1725352276.1925972
1725352276.193307
1725352276.193584
1725352276.1953824
1725352276.1956832
1725352276.2674525
1725352276.2677436
1725352276.2680023
1725352276.334802
1725352276.3354132
1725352276.335958
1725352276.3363025
1725352276.345388
1725352276.3836455
1725352276.38394
1725352276.4100008
1725352276.412638
1725352276.4455376
1725352276.556974
1725352276.557309
1725352276.5578976
1725352276.5583704
1725352276.558701
1725352276.580525
1725352276.5813541
1725352276.733256
1725352276.733513
1725352276.7355263
1725352276.7358224
1725352276.7361932
1725352276.7364616
1725352276.7388468
1725352276.7496777
1725352276.7504168
1725352276.8298938
1725352276.8302073
1725352276.8307238
1725352276.8309784
1725352276.9719622
1725352276.972278
1725352276.9725764
1725352276.973059
1725352276.9737933
1725352276.974052
1725352276.9949443
1725352277.0568862
1725352277.057323
1725352277.0575912
1725352277.0782723
1725352277.1156292
1725352277.1204035
1725352277.1623688
1725352277.164681
1725352277.3182197
1725352277.3187807
1725352277.3190274
1725352277.3251061
1725352277.3256176
1725352277.3258314
1725352277.32659
1725352277.326839
1725352277.3420296
1725352277.3950522
1725352277.395296
1725352277.3955545
1725352277.39609
1725352277.4854372
1725352277.4856832
1725352277.485925
1725352277.4864438
1725352277.6576436
1725352277.6588087
1725352277.659067
1725352277.659723
1725352277.6601925
1725352277.6604967
1725352277.661738
1725352277.6745646
1725352277.852537
1725352277.8527195
1725352277.8530655
1725352277.8533397
1725352277.8535838
1725352277.8538468
1725352277.854077
1725352277.8567142
1725352277.8568983
1725352277.8571815
1725352277.8575342
1725352277.867095
1725352277.9237602
1725352277.9240103
1725352277.9242277
1725352277.938341
1725352277.9667525
1725352277.9918852
1725352278.0028367
1725352278.0516965
1725352278.0520682
1725352278.1114275
1725352278.1116202
1725352278.111809
1725352278.1671164
1725352278.168234
1725352278.1684272
1725352278.182894
1725352278.2093499
1725352278.218356
1725352278.3267937
1725352278.3349035
1725352278.335255
1725352278.3354342
1725352278.3356183
1725352278.3358078
1725352278.3444204
1725352278.3567266
1725352278.3765407
1725352278.424537
1725352278.424731
1725352278.4783618
1725352278.47855
1725352278.4838853
1725352278.547002
1725352278.5488033
1725352278.5489914
1725352278.55038
1725352278.5782511
1725352278.57844
1725352278.6031885
1725352278.6235113
1725352278.646387
1725352278.6470664
1725352278.699554
1725352278.6997797
1725352278.7001722
1725352278.756076
1725352278.7562597
1725352278.7564375
1725352278.802837
1725352278.8030298
1725352278.8032277
1725352278.8331227
1725352278.833304
1725352278.9394207
1725352278.940492
1725352278.9407084
1725352278.9409058
1725352278.941089
1725352278.9421375
1725352278.9785254
1725352278.9836
1725352279.039663
1725352279.0398564
1725352279.0399406
1725352279.0809453
1725352279.0923557
1725352279.1500788
1725352279.1619525
1725352279.226374
1725352279.2265363
1725352279.2294803
1725352279.2448058
1725352279.3005633
1725352279.3109283
1725352279.3111105
1725352279.3268533
1725352279.3297005
1725352279.3602607
1725352279.3616374
1725352279.5247018
1725352279.5248795
1725352279.5250432
1725352279.526075
1725352279.526298
1725352279.5264964
1725352279.52668
1725352279.5343325
1725352279.5516427
1725352279.577648
1725352279.5830348
1725352279.666572
1725352279.6669111
1725352279.6719646
1725352279.6758814
1725352279.7338674
1725352279.7340243
1725352279.7341828
1725352279.7361455
1725352279.7479835
1725352279.7690713
1725352279.785614
1725352279.8073585
1725352279.8289292
1725352279.8293653
1725352279.9046469
1725352279.905099
1725352279.9078372
1725352279.9196422
1725352279.949411
1725352279.9495687
1725352279.9708104
1725352280.0227988
1725352280.0229576
1725352280.0231614
1725352280.0304167
1725352280.0701425
1725352280.1129842
1725352280.1182892
1725352280.1347065
1725352280.1570573
1725352280.1655753
1725352280.184827
1725352280.2031698
1725352280.2490928
1725352280.2526703
1725352280.2658765
1725352280.2820857
1725352280.3220713
1725352280.363999
1725352280.375287
1725352280.3870661
1725352280.4268072
1725352280.4449174
1725352280.4634073
1725352280.4849455
1725352280.5038183
1725352280.5168798
1725352280.5497818
1725352280.5599616
1725352280.593441
1725352280.6032615
1725352280.6141748
1725352280.6354055
1725352280.644536
1725352280.656059
1725352280.6748347
1725352280.691856
1725352280.7101262
1725352280.7289143
1725352280.7481306
1725352280.7621202
1725352280.7750854
1725352280.8045046
1725352280.8197823
1725352280.8383996
1725352280.8529932
1725352280.8686025
1725352280.8874848
1725352280.9088073
1725352280.9379537
1725352280.9620073
1725352280.9783688
1725352280.9929824
1725352281.0072308
1725352281.0289252
1725352281.044868
1725352281.0637593
1725352281.0741663
1725352281.0919967
1725352281.1091473
1725352281.126615
1725352281.1620212
1725352281.1753116
1725352281.192559
1725352281.2163851
1725352281.2353008
1725352281.2419672
1725352281.2622101
1725352281.29094
1725352281.325318
1725352281.3469648
1725352281.3550422
1725352281.3843017
1725352281.3954382
1725352281.4120288
1725352281.433091
1725352281.4686067
1725352281.490151
1725352281.4993193
1725352281.5097888
1725352281.5289958
1725352281.549351
1725352281.5840397
1725352281.6145647
1725352281.6171315
1725352281.6339996
1725352281.6459298
1725352281.6608055
1725352281.677867
1725352281.7029266
1725352281.717025
1725352281.7521875
1725352281.7635784
1725352281.7825232
1725352281.7927108
1725352281.8120606
1725352281.8354707
1725352281.8541865
1725352281.8678489
1725352281.891274
1725352281.908304
1725352281.9260714
1725352281.9396174
1725352281.9573436
1725352281.9765134
1725352281.9887216
1725352282.004682
1725352282.0253844
1725352282.0381699
1725352282.0552661
1725352282.087361
1725352282.0886624
1725352282.103181
1725352282.1243258
1725352282.1369693
1725352282.1530712
1725352282.1660542
1725352282.2085423
1725352282.2318485
1725352282.2532077
1725352282.2619529
1725352282.2709434
1725352282.2892625
1725352282.3042164
1725352282.3238606
1725352282.3630903
1725352282.3775208
1725352282.3888717
1725352282.3959107
1725352282.4292212
1725352282.4729035
1725352282.503
1725352282.5190537
1725352282.5250306
1725352282.5732486
1725352282.593254
1725352282.6393015
1725352282.6409245
1725352282.6422787
1725352282.6550052
1725352282.6714854
1725352282.6891336
1725352282.7103145
1725352282.7228758
1725352282.7379947
1725352282.7579935
1725352282.8050444
1725352282.8380857
1725352282.8551662
1725352282.872278
1725352282.8836062
1725352282.90435
1725352282.9187717
1725352282.9334614
1725352283.0116193
1725352283.0144944
1725352283.0204937
1725352283.0281425
1725352283.048164
1725352283.062592
1725352283.0888698
1725352283.1003478
1725352283.111568
1725352283.1404228
1725352283.1468832
1725352283.1653962
1725352283.1781785
1725352283.196252
1725352283.2135584
1725352283.2837636
1725352283.2899978
1725352283.3128726
1725352283.3141496
1725352283.3284385
1725352283.3403656
1725352283.3552544
1725352283.3837128
1725352283.4202027
1725352283.43151
1725352283.452941
1725352283.4823442
1725352283.507285
1725352283.526528
1725352283.5405037
1725352283.560066
1725352283.5722055
1725352283.5925422
1725352283.6301377
1725352283.6484048
1725352283.6622958
1725352283.68164
1725352283.7135656
1725352283.7440946
1725352283.7614813
1725352283.784133
1725352283.8182049
1725352283.8294885
1725352283.8497865
1725352283.8771188
1725352283.8940215
1725352283.9220386
1725352283.9434407
1725352283.954377
1725352283.9613686
1725352283.9817677
1725352283.997571
1725352284.013896
1725352284.0309782
1725352284.047352
1725352284.0653012
1725352284.0885825
1725352284.0970402
1725352284.1129494
1725352284.1296723
1725352284.149164
1725352284.1676593
1725352284.2114878
1725352284.2335987
1725352284.2425103
1725352284.2600381
1725352284.2764025
1725352284.295427
1725352284.3130703
1725352284.3450186
1725352284.3687968
1725352284.3879416
1725352284.404389
1725352284.416068
1725352284.4453397
1725352284.4521847
1725352284.4696157
1725352284.4962947
1725352284.5400636
1725352284.540602
1725352284.5475218
1725352284.5904064
1725352284.5978088
1725352284.6187139
1725352284.6336155
1725352284.660613
1725352284.6717458
1725352284.6943653
1725352284.7484457
1725352284.756606
1725352284.779797
1725352284.8073273
1725352284.8297381
1725352284.8452313
1725352284.8609602
1725352284.8930237
1725352284.9264624
1725352284.9508986
1725352284.97441
1725352284.977894
1725352284.9982533
1725352285.0148914
1725352285.0522423
1725352285.0717173
1725352285.083201
1725352285.0945287
1725352285.1161098
1725352285.1298232
1725352285.1542766
1725352285.1681259
1725352285.1794455
1725352285.222428
1725352285.2363176
1725352285.259048
1725352285.2758627
1725352285.2950292
1725352285.3048432
1725352285.3216934
1725352285.3364208
1725352285.3583302
1725352285.3776443
1725352285.3913414
1725352285.4017272
1725352285.4178576
1725352285.4444628
1725352285.4585304
1725352285.4778435
1725352285.5159066
1725352285.5244799
1725352285.5614228
1725352285.5633197
1725352285.5645647
1725352285.584014
1725352285.5944495
1725352285.6192088
1725352285.6290545
1725352285.640817
1725352285.6865828
1725352285.7020488
1725352285.722047
1725352285.7312844
1725352285.7547247
1725352285.7717621
1725352285.778506
1725352285.7999475
1725352285.846982
1725352285.847923
1725352285.869535
1725352285.8763006
1725352285.913127
1725352285.9439
1725352285.999086
1725352286.022492
1725352286.0237207
1725352286.0484967
1725352286.0613658
1725352286.1118314
1725352286.1126952
1725352286.1132503
1725352286.1337233
1725352286.1357505
1725352286.156735
1725352286.1789353
1725352286.1860628
1725352286.2056093
1725352286.21999
1725352286.2759323
1725352286.2983344
1725352286.309438
1725352286.3205118
1725352286.3368392
1725352286.358122
1725352286.3827302
1725352286.3942337
1725352286.4317017
1725352286.4507265
1725352286.4677024
1725352286.484843
1725352286.4952168
1725352286.518055
1725352286.5359256
1725352286.553578
1725352286.56397
1725352286.6008575
1725352286.6017284
1725352286.6226728
1725352286.640844
1725352286.6485543
1725352286.668831
1725352286.7134411
1725352286.7289908
1725352286.7414432
1725352286.7494166
1725352286.7672591
1725352286.7880383
1725352286.8024232
1725352286.8191164
1725352286.833183
1725352286.8586411
1725352286.9131777
1725352286.9217732
1725352286.9473271
1725352286.9623408
1725352286.9834542
1725352287.0020037
1725352287.0104713
1725352287.0297124
1725352287.0697067
1725352287.0760584
1725352287.1016428
1725352287.1113393
1725352287.1507866
1725352287.180753
1725352287.189585
1725352287.2068532
1725352287.2528226
1725352287.2648327
1725352287.2819438
1725352287.3083348
1725352287.3317707
1725352287.3470259
1725352287.3680797
1725352287.3805394
1725352287.4041078
1725352287.419158
1725352287.4337626
1725352287.4512753
1725352287.4679325
1725352287.4828084
1725352287.4934716
1725352287.5183108
1725352287.5249445
1725352287.5651343
1725352287.57604
1725352287.5794313
1725352287.5985925
1725352287.6307776
1725352287.6509504
1725352287.6674814
1725352287.6767106
1725352287.700804
1725352287.7169158
1725352287.7353685
1725352287.7546048
1725352287.7718897
1725352287.786993
1725352287.806324
1725352287.824177
1725352287.8417728
1725352287.8650312
1725352287.8766763
1725352287.8978283
1725352287.9201856
1725352287.9358702
1725352287.946923
1725352287.98073
1725352287.9997952
1725352288.021027
1725352288.0338628
1725352288.0476031
1725352288.0574305
1725352288.0735943
1725352288.1088436
1725352288.1297474
1725352288.1476018
1725352288.1676927
1725352288.1968055
1725352288.20689
1725352288.2433808
1725352288.2480898
1725352288.2751715
1725352288.2991717
1725352288.306595
1725352288.3289013
1725352288.344827
1725352288.3652358
1725352288.3949354
1725352288.4134676
1725352288.432854
1725352288.4440002
1725352288.4523478
1725352288.487228
1725352288.4986262
1725352288.5153565
1725352288.5536973
1725352288.5667448
1725352288.581884
1725352288.5972428
1725352288.6121595
1725352288.6428926
1725352288.648781
1725352288.6702554
1725352288.6899807
1725352288.7116296
1725352288.7188365
1725352288.7416887
1725352288.7497492
1725352288.76795
1725352288.7811728
1725352288.8051302
1725352288.855332
1725352288.8595262
1725352288.8629022
1725352288.8635447
1725352288.8775053
1725352288.9145648
1725352288.917219
1725352288.9399636
1725352288.945579
1725352288.970985
1725352288.9784129
1725352289.0222654
1725352289.033806
1725352289.0516047
1725352289.065476
1725352289.080988
1725352289.1133952
1725352289.116691
1725352289.1352077
1725352289.1774964
1725352289.1981704
1725352289.2104664
1725352289.2240214
1725352289.2566588
1725352289.3036695
1725352289.320072
1725352289.3415277
1725352289.3576007
1725352289.4022563
1725352289.4195514
1725352289.4619918
1725352289.4627206
1725352289.4738336
1725352289.4963512
1725352289.5061355
1725352289.5288527
1725352289.5510778
1725352289.5861707
1725352289.5870001
1725352289.5939248
1725352289.6302137
1725352289.6726217
1725352289.6831784
1725352289.6968787
1725352289.71602
1725352289.738713
1725352289.7668104
1725352289.7794082
1725352289.8294814
1725352289.8413012
1725352289.8550708
1725352289.87179
1725352289.8913326
1725352289.9006867
1725352289.930364
1725352289.9442925
1725352289.9649808
1725352289.9847274
1725352289.9991443
1725352290.0240245
1725352290.0331626
1725352290.0399735
1725352290.0696137
1725352290.106015
1725352290.1226735
1725352290.1351604
1725352290.1473427
1725352290.159691
1725352290.1922839
1725352290.1928163
1725352290.209465
1725352290.2323935
1725352290.2463293
1725352290.282843
1725352290.3124535
1725352290.3243897
1725352290.3445072
1725352290.3611581
1725352290.3789039
1725352290.39956
1725352290.411088
1725352290.452543
1725352290.4559145
1725352290.477531
1725352290.491742
1725352290.5311387
1725352290.5618408
1725352290.577102
1725352290.6009297
1725352290.6394956
1725352290.6532547
1725352290.6602254
1725352290.7007565
1725352290.7203202
1725352290.7352505
1725352290.7486272
1725352290.763333
1725352290.789663
1725352290.8104289
1725352290.8244534
1725352290.8426378
1725352290.8574445
1725352290.8849056
1725352290.8917396
1725352290.9024415
1725352290.9327497
1725352290.9419053
1725352290.9660077
1725352290.9873064
1725352290.99379
1725352291.0235448
1725352291.037588
1725352291.0632594
1725352291.0752957
1725352291.1028602
1725352291.122175
1725352291.13082
1725352291.1720045
1725352291.198451
1725352291.2039237
1725352291.2273097
1725352291.2450707
1725352291.2600977
1725352291.2801583
1725352291.3025982
1725352291.3159113
1725352291.3310645
1725352291.3477223
1725352291.3644078
1725352291.3982804
1725352291.4154615
1725352291.4394453
1725352291.4880557
1725352291.4885921
1725352291.4990423
1725352291.5123913
1725352291.5456045
1725352291.5660465
1725352291.5778139
1725352291.6020103
1725352291.624652
1725352291.6461346
1725352291.6628978
1725352291.6803095
1725352291.716978
1725352291.7410014
1725352291.7555487
1725352291.7672114
1725352291.780029
1725352291.8038857
1725352291.8409948
1725352291.8587184
1725352291.8690994
1725352291.8799548
1725352291.9011223
1725352291.9206944
1725352291.9310327
1725352291.9510934
1725352291.9753218
1725352292.0105195
1725352292.01711
1725352292.038819
1725352292.0547216
1725352292.0778935
1725352292.099865
1725352292.1392465
1725352292.141491
1725352292.1551096
1725352292.1609674
1725352292.1858206
1725352292.2032623
1725352292.222026
1725352292.2322056
1725352292.2548652
1725352292.2711842
1725352292.2830734
1725352292.2971394
1725352292.3206549
1725352292.3323987
1725352292.3487027
1725352292.362796
1725352292.3811755
1725352292.3964758
1725352292.4093034
1725352292.4407797
1725352292.4749255
1725352292.4912462
1725352292.5119326
1725352292.5278723
1725352292.5395393
1725352292.5532818
1725352292.5726244
1725352292.5940113
1725352292.6378164
1725352292.6515489
1725352292.6723707
1725352292.6797574
1725352292.7053823
1725352292.7459502
1725352292.768698
1725352292.8020222
1725352292.8043656
1725352292.8718934
1725352292.8741608
1725352292.913981
1725352292.91697
1725352292.9175358
1725352292.944261
1725352292.9493637
1725352292.9544888
1725352292.9762979
1725352292.9928377
1725352293.0021007
1725352293.018065
1725352293.0550096
1725352293.0854115
1725352293.0994606
1725352293.1151657
1725352293.1320183
1725352293.1529992
1725352293.1649098
1725352293.1823719
1725352293.2184615
1725352293.2429597
1725352293.2620509
1725352293.2822988
1725352293.2888625
1725352293.300734
1725352293.3159966
1725352293.332178
1725352293.3448353
1725352293.373893
1725352293.3994057
1725352293.4080653
1725352293.4159245
1725352293.4295013
1725352293.446788
1725352293.486003
1725352293.5085356
1725352293.5279245
1725352293.5305562
1725352293.5569909
1725352293.564181
1725352293.5770726
1725352293.5942588
1725352293.6101933
1725352293.627219
1725352293.6716912
1725352293.698946
1725352293.7130058
1725352293.7328143
1725352293.7536495
1725352293.7652
1725352293.7779577
1725352293.804112
1725352293.8474386
1725352293.855244
1725352293.8679492
1725352293.8838725
1725352293.9250798
1725352293.9616487
1725352293.9693494
1725352293.98004
1725352294.0170434
1725352294.0280378
1725352294.0448146
1725352294.085661
1725352294.1088939
1725352294.1197085
1725352294.1399972
1725352294.1519039
1725352294.1770973
1725352294.1944625
1725352294.2044003
1725352294.2265873
1725352294.2370036
1725352294.26264
1725352294.2671776
1725352294.2915032
1725352294.3026557
1725352294.3270884
1725352294.34028
1725352294.3581831
1725352294.3739994
1725352294.4070888
1725352294.4261708
1725352294.4371166
1725352294.4560478
1725352294.4802465
1725352294.4908977
1725352294.507354
1725352294.5456638
1725352294.5625417
1725352294.5746093
1725352294.5981073
1725352294.6070285
1725352294.6228762
1725352294.6399605
1725352294.655839
1725352294.6753986
1725352294.6929786
1725352294.710272
1725352294.723029
1725352294.761721
1725352294.7793267
1725352294.7925448
1725352294.8179429
1725352294.8322356
1725352294.844283
1725352294.8626359
1725352294.8927286
1725352294.9089606
1725352294.9338884
1725352294.9480288
1725352294.9829059
1725352294.9919915
1725352295.0129995
1725352295.0292425
1725352295.0597928
1725352295.0837824
1725352295.0886278
1725352295.1114697
1725352295.1451156
1725352295.152654
1725352295.1876216
1725352295.1963954
1725352295.2111092
1725352295.2213237
1725352295.2438917
1725352295.253882
1725352295.2863274
1725352295.2970934
1725352295.306447
1725352295.3390718
1725352295.3561904
1725352295.3766406
1725352295.398594
1725352295.4136121
1725352295.4390297
1725352295.4518337
1725352295.452538
1725352295.4757612
1725352295.499942
1725352295.5183926
1725352295.5340052
1725352295.5526426
1725352295.5686674
1725352295.580344
1725352295.604881
1725352295.6313663
1725352295.638835
1725352295.6600409
1725352295.668429
1725352295.686008
1725352295.7048876
1725352295.72031
1725352295.7406464
1725352295.756131
1725352295.7682261
1725352295.8041325
1725352295.8174195
1725352295.8379962
1725352295.8870473
1725352295.8878112
1725352295.8883986
1725352295.9068794
1725352295.9182847
1725352295.9582708
1725352295.9762354
1725352295.9902568
1725352296.0027492
1725352296.0266428
1725352296.0658972
1725352296.0935338
1725352296.1170683
1725352296.1320212
1725352296.1774406
1725352296.1844153
1725352296.2311113
1725352296.2366679
1725352296.240863
1725352296.2522566
1725352296.2620337
1725352296.2853456
1725352296.3137054
1725352296.32464
1725352296.339245
1725352296.354837
1725352296.3930027
1725352296.4237967
1725352296.4405649
1725352296.4607682
1725352296.4718559
1725352296.4912405
1725352296.5021486
1725352296.5237563
1725352296.5607815
1725352296.578906
1725352296.5904198
1725352296.6010826
1725352296.623967
1725352296.6366324
1725352296.653949
1725352296.6723974
1725352296.686133
1725352296.7086554
1725352296.7387733
1725352296.7466445
1725352296.7585955
1725352296.7775548
1725352296.7879703
1725352296.8294718
1725352296.8444204
1725352296.8659337
1725352296.8757155
1725352296.8810034
1725352296.901115
1725352296.9160569
1725352296.942154
1725352296.9517581
1725352296.9690049
1725352297.0075984
1725352297.0309737
1725352297.0519803
1725352297.066014
1725352297.0788918
1725352297.0941403
1725352297.1163087
1725352297.1411345
1725352297.1686075
1725352297.1812904
1725352297.1992915
1725352297.21445
1725352297.253032
1725352297.2884707
1725352297.3037813
1725352297.3242493
1725352297.3521903
1725352297.377113
1725352297.3864393
1725352297.4260335
1725352297.4459684
1725352297.4585302
1725352297.4679496
1725352297.4830725
1725352297.5088294
1725352297.527854
1725352297.5481853
1725352297.5641472
1725352297.581349
1725352297.590059
1725352297.6084378
1725352297.6303256
1725352297.646857
1725352297.6639047
1725352297.679941
1725352297.7026792
1725352297.7119884
1725352297.7516384
1725352297.7565567
1725352297.775208
1725352297.790249
1725352297.8217266
1725352297.837271
1725352297.8542745
1725352297.8716526
1725352297.8948104
1725352297.9107578
1725352297.9268048
1725352297.942763
1725352297.9588184
1725352297.9815078
1725352297.9907825
1725352298.0108998
1725352298.0256257
1725352298.0398512
1725352298.055914
1725352298.091045
1725352298.110971
1725352298.1239474
1725352298.1585608
1725352298.1591458
1725352298.1703842
1725352298.193163
1725352298.2277958
1725352298.244613
1725352298.2679474
1725352298.2803729
1725352298.3147001
1725352298.3284626
1725352298.3462772
1725352298.366159
1725352298.3990939
1725352298.4192529
1725352298.4327104
1725352298.4460304
1725352298.4669402
1725352298.481855
1725352298.513587
1725352298.5281222
1725352298.5567386
1725352298.571218
1725352298.5820365
1725352298.5980325
1725352298.6125162
1725352298.6305425
1725352298.6430373
1725352298.6810527
1725352298.706739
1725352298.7301219
1725352298.7467356
1725352298.748915
1725352298.7569566
1725352298.771453
1725352298.7909396
1725352298.8138041
1725352298.8204446
1725352298.8463795
1725352298.853709
1725352298.880343
1725352298.8973598
1725352298.9128566
1725352298.9241211
1725352298.953182
1725352298.9633043
1725352298.982618
1725352298.9995182
1725352299.0207608
1725352299.0337987
1725352299.051164
1725352299.0635996
1725352299.0820491
1725352299.1027372
1725352299.1294875
1725352299.1579084
1725352299.1783495
1725352299.2034793
1725352299.2178876
1725352299.2322164
1725352299.2494774
1725352299.2843518
1725352299.33704
1725352299.3515806
1725352299.354096
1725352299.3541844
1725352299.3872852
1725352299.4213
1725352299.457748
1725352299.491445
1725352299.4978566
1725352299.5318525
1725352299.5494807
1725352299.5953662
1725352299.5961957
1725352299.6028144
1725352299.62053
1725352299.6331081
1725352299.647173
1725352299.6672988
1725352299.6814516
1725352299.707565
1725352299.7182634
1725352299.7465007
1725352299.792455
1725352299.8021708
1725352299.8178897
1725352299.8273363
1725352299.8459544
1725352299.8697286
1725352299.881695
1725352299.9179935
1725352299.9448373
1725352299.9547482
1725352299.9708102
1725352299.9912672
1725352299.9999406
1725352300.0175989
1725352300.0312402
1725352300.07026
1725352300.0937119
1725352300.1092968
1725352300.111139
1725352300.1276886
1725352300.1379852
1725352300.1563258
1725352300.1964993
1725352300.22004
1725352300.2418725
1725352300.2429044
1725352300.257392
1725352300.2761064
1725352300.2964642
1725352300.3063533
1725352300.318185
1725352300.3405166
1725352300.376351
1725352300.4012327
1725352300.4260023
1725352300.4385943
1725352300.451962
1725352300.4769228
1725352300.4952164
1725352300.526845
1725352300.5603697
1725352300.5717156
1725352300.5924878
1725352300.6108682
1725352300.6426148
1725352300.6739674
1725352300.6899536
1725352300.7187688
1725352300.758259
1725352300.7680433
1725352300.778349
1725352300.820077
1725352300.8434994
1725352300.8570411
1725352300.8714893
1725352300.884751
1725352300.910284
1725352300.9306006
1725352300.938127
1725352300.9526174
1725352300.9744298
1725352300.9925342
1725352301.011042
1725352301.031409
1725352301.0353436
1725352301.0549502
1725352301.0751858
1725352301.0879438
1725352301.105077
1725352301.149243
1725352301.1636481
1725352301.2015457
1725352301.2035577
1725352301.220035
1725352301.2299511
1725352301.2396526
1725352301.277853
1725352301.2938383
1725352301.3038352
1725352301.3206482
1725352301.3354712
1725352301.351718
1725352301.3701086
1725352301.397633
1725352301.4043634
1725352301.423938
1725352301.4403117
1725352301.454785
1725352301.5007644
1725352301.5161471
1725352301.5421805
1725352301.5438793
1725352301.5521894
1725352301.570013
1725352301.5869408
1725352301.616286
1725352301.639759
1725352301.6554565
1725352301.6701357
1725352301.7001884
1725352301.7275662
1725352301.7447865
1725352301.7511182
1725352301.7915456
1725352301.8061585
1725352301.8214133
1725352301.8437114
1725352301.8611243
1725352301.875
1725352301.9032726
1725352301.926558
1725352301.9488323
1725352301.9570234
1725352301.9697878
1725352302.0126517
1725352302.0147033
1725352302.024549
1725352302.0372314
1725352302.0762663
1725352302.0923445
1725352302.1072316
1725352302.1233633
1725352302.1423273
1725352302.1579385
1725352302.1744416
1725352302.1960666
1725352302.2065747
1725352302.2246985
1725352302.2404253
1725352302.262282
1725352302.2779467
1725352302.298321
1725352302.3136873
1725352302.3337176
1725352302.3578327
1725352302.3631613
1725352302.3747592
1725352302.3970447
1725352302.4078076
1725352302.4199412
1725352302.4421175
1725352302.4603028
1725352302.4809167
1725352302.4920397
1725352302.524278
1725352302.541801
1725352302.5614986
1725352302.571981
1725352302.5920432
1725352302.6116867
1725352302.6364424
1725352302.6433368
1725352302.692126
1725352302.6965609
1725352302.7146144
1725352302.7307353
1725352302.767544
1725352302.7976048
1725352302.8207603
1725352302.8661842
1725352302.8669598
1725352302.9069963
1725352302.9268072
1725352302.9712195
1725352302.973034
1725352302.9804134
1725352302.9840996
1725352303.007992
1725352303.0239298
1725352303.0364864
1725352303.0600076
1725352303.0741098
1725352303.0916493
1725352303.1217616
1725352303.1906023
1725352303.1912172
1725352303.2001286
1725352303.2109876
1725352303.2316287
1725352303.2417865
1725352303.2803528
1725352303.2936306
1725352303.3075745
1725352303.3222213
1725352303.3434024
1725352303.3548932
1725352303.3857703
1725352303.3932483
1725352303.426547
1725352303.4341257
1725352303.4481678
1725352303.4590445
1725352303.4737225
1725352303.4904227
1725352303.5104296
1725352303.5279114
1725352303.5690958
1725352303.6069915
1725352303.6100216
1725352303.6208248
1725352303.629997
1725352303.638376
1725352303.6569538
1725352303.6762967
1725352303.6955266
1725352303.7045093
1725352303.75158
1725352303.7699523
1725352303.7887554
1725352303.8153439
1725352303.820817
1725352303.8416257
1725352303.861244
1725352303.8807054
1725352303.9326513
1725352303.9331641
1725352303.9520018
1725352303.9592378
1725352304.0046427
1725352304.0419362
1725352304.0611
1725352304.0679443
1725352304.1023366
1725352304.1270022
1725352304.1481354
1725352304.16611
1725352304.1839156
1725352304.1971436
1725352304.218169
1725352304.2313378
1725352304.2535818
1725352304.2741442
1725352304.2825482
1725352304.3029475
1725352304.3218162
1725352304.3431618
1725352304.3567395
1725352304.368296
1725352304.3905692
1725352304.4150205
1725352304.423406
1725352304.4377077
1725352304.4573026
1725352304.4857347
1725352304.5085924
1725352304.5185301
1725352304.5362859
1725352304.5590892
1725352304.5693533
1725352304.5839722
1725352304.6167727
1725352304.6317098
1725352304.6564338
1725352304.6724317
1725352304.69157
1725352304.7197754
1725352304.7268956
1725352304.7470808
1725352304.7624838
1725352304.7785594
1725352304.8064215
1725352304.823966
1725352304.8629375
1725352304.888322
1725352304.8969908
1725352304.9146354
1725352304.9275446
1725352304.939269
1725352304.959225
1725352304.9923472
1725352305.022962
1725352305.0298233
1725352305.0518486
1725352305.0732498
1725352305.0873268
1725352305.1054773
1725352305.1264534
1725352305.1526575
1725352305.1805973
1725352305.1883364
1725352305.203414
1725352305.2263331
1725352305.245584
1725352305.2762997
1725352305.2969437
1725352305.3521256
1725352305.3536053
1725352305.3568435
1725352305.3656287
1725352305.3827112
1725352305.3918178
1725352305.4043307
1725352305.4450238
1725352305.4579637
1725352305.4724536
1725352305.4865623
1725352305.5062218
1725352305.5300694
1725352305.5396874
1725352305.556885
1725352305.5763588
1725352305.5865226
1725352305.6048603
1725352305.62281
1725352305.6500797
1725352305.6584458
1725352305.6735647
1725352305.687234
1725352305.7167614
1725352305.7330275
1725352305.7511108
1725352305.760701
1725352305.7892814
1725352305.79935
1725352305.8176017
1725352305.8282351
1725352305.8750079
1725352305.879184
1725352305.9211006
1725352305.9284549
1725352305.9428656
1725352305.9570014
1725352305.974393
1725352305.984919
1725352306.0026708
1725352306.028062
1725352306.0932178
1725352306.0944157
1725352306.094515
1725352306.098334
1725352306.1343021
1725352306.16756
1725352306.1986437
1725352306.223613
1725352306.2369688
1725352306.270701
1725352306.2861567
1725352306.3343952
1725352306.3393974
1725352306.3399713
1725352306.3534393
1725352306.3616643
1725352306.3854065
1725352306.396247
1725352306.4138577
1725352306.4357188
1725352306.443421
1725352306.4794827
1725352306.5196848
1725352306.531477
1725352306.5433242
1725352306.5678933
1725352306.5847964
1725352306.5988955
1725352306.6130488
1725352306.6637428
1725352306.6743317
1725352306.6880536
1725352306.6982696
1725352306.7180781
1725352306.7348626
1725352306.748717
1725352306.7650268
1725352306.7799199
1725352306.801946
1725352306.821208
1725352306.8337934
1725352306.8472142
1725352306.8664417
1725352306.8843682
1725352306.928151
1725352306.9431899
1725352306.9537342
1725352306.9733975
1725352306.9884024
1725352307.0075517
1725352307.0257952
1725352307.0429633
1725352307.0528076
1725352307.0758219
1725352307.1189096
1725352307.1546307
1725352307.1590765
1725352307.1828995
1725352307.1927354
1725352307.2074153
1725352307.2264152
1725352307.2441156
1725352307.2792737
1725352307.296079
1725352307.309353
1725352307.3310847
1725352307.373469
1725352307.4074
1725352307.4126484
1725352307.4336257
1725352307.4681113
1725352307.4956841
1725352307.5058029
1725352307.5382552
1725352307.5524015
1725352307.5668347
1725352307.5912125
1725352307.6045551
1725352307.6186082
1725352307.6443448
1725352307.653356
1725352307.680291
1725352307.688269
1725352307.7063305
1725352307.7168298
1725352307.7330673
1725352307.7557008
1725352307.789531
1725352307.7924304
1725352307.806201
1725352307.816713
1725352307.8515985
1725352307.8676674
1725352307.8900812
1725352307.9030354
1725352307.9187365
1725352307.9373147
1725352307.9513361
1725352307.976995
1725352308.0006196
1725352308.01822
1725352308.030084
1725352308.0480423
1725352308.0676231
1725352308.0807476
1725352308.097744
1725352308.1141927
1725352308.1301005
1725352308.152489
1725352308.1659749
1725352308.1998487
1725352308.224252
1725352308.2388697
1725352308.2607522
1725352308.268698
1725352308.2823884
1725352308.296801
1725352308.3326683
1725352308.3558578
1725352308.3763766
1725352308.3869689
1725352308.4120762
1725352308.4285247
1725352308.4426913
1725352308.4615107
1725352308.508919
1725352308.5173082
1725352308.5249617
1725352308.540499
1725352308.5598297
1725352308.5809872
1725352308.6394458
1725352308.640993
1725352308.66391
1725352308.6669414
1725352308.6815422
1725352308.7034304
1725352308.717677
1725352308.7394998
1725352308.7568407
1725352308.7917838
1725352308.8091903
1725352308.8265045
1725352308.843865
1725352308.8553
1725352308.8671646
1725352308.8835337
1725352308.898079
1725352308.935528
1725352308.9374878
1725352308.963494
1725352308.9725811
1725352308.9882147
1725352309.01708
1725352309.02131
1725352309.0355582
1725352309.0525994
1725352309.067511
1725352309.0887911
1725352309.1395767
1725352309.146255
1725352309.147863
1725352309.1522505
1725352309.1730933
1725352309.1878183
1725352309.205125
1725352309.251004
1725352309.272135
1725352309.2799184
1725352309.3032742
1725352309.3095434
1725352309.325684
1725352309.353782
1725352309.3546047
1725352309.4028578
1725352309.411934
1725352309.4305463
1725352309.4370668
1725352309.4747663
1725352309.515755
1725352309.5438418
1725352309.603164
1725352309.604007
1725352309.622424
1725352309.6425278
1725352309.675136
1725352309.6757536
1725352309.6801507
1725352309.703511
1725352309.7161303
1725352309.7291675
1725352309.7474675
1725352309.772953
1725352309.78333
1725352309.8009348
1725352309.8322074
1725352309.8821015
1725352309.8833063
1725352309.901371
1725352309.9165027
1725352309.9478095
1725352309.949523
1725352309.9649823
1725352310.0069294
1725352310.0377946
1725352310.0474167
1725352310.06124
1725352310.0763447
1725352310.0932693
1725352310.1288154
1725352310.1353152
1725352310.158381
1725352310.1892204
1725352310.1904619
1725352310.2201402
1725352310.2275982
1725352310.2423728
1725352310.2492726
1725352310.2950635
1725352310.3030941
1725352310.3229702
1725352310.3448832
1725352310.355562
1725352310.3661628
1725352310.3840804
1725352310.3978345
1725352310.4186194
1725352310.4324305
1725352310.467906
1725352310.5015407
1725352310.5260448
1725352310.5337353
1725352310.5533137
1725352310.5685492
1725352310.5936596
1725352310.613658
1725352310.6703596
1725352310.6722882
1725352310.6979089
1725352310.7403069
1725352310.7643476
1725352310.7729638
1725352310.8027472
1725352310.8392622
1725352310.8408728
1725352310.8626716
1725352310.9103658
1725352310.9327242
1725352310.9436586
1725352310.9451225
1725352310.9923687
1725352310.9945781
1725352311.0163434
1725352311.0189464
1725352311.0368748
1725352311.0615075
1725352311.07948
1725352311.0818722
1725352311.0987768
1725352311.1082785
1725352311.127551
1725352311.1590822
1725352311.1659622
1725352311.2025666
1725352311.2518322
1725352311.2672086
1725352311.2888198
1725352311.307275
1725352311.3239045
1725352311.3552468
1725352311.3650355
1725352311.3783278
1725352311.392201
1725352311.414014
1725352311.4270282
1725352311.4405358
1725352311.4745593
1725352311.4855745
1725352311.496678
1725352311.5215855
1725352311.5303895
1725352311.5604017
1725352311.5814655
1725352311.6277328
1725352311.6313827
1725352311.632494
1725352311.6842504
1725352311.685096
1725352311.7244675
1725352311.7471137
1725352311.7668889
1725352311.809139
1725352311.8201988
1725352311.8209054
1725352311.822861
1725352311.8345733
1725352311.8892636
1725352311.925172
1725352311.9286487
1725352311.9525867
1725352311.9538069
1725352311.9887168
1725352312.0070777
1725352312.0394373
1725352312.045876
1725352312.048643
1725352312.074449
1725352312.0892053
1725352312.1264353
1725352312.128758
1725352312.1410637
1725352312.1764507
1725352312.216794
1725352312.217631
1725352312.236135
1725352312.2368839
1725352312.2526622
1725352312.286629
1725352312.2876844
1725352312.304555
1725352312.3138473
1725352312.336772
1725352312.3506837
1725352312.3758314
1725352312.4075468
1725352312.4092185
1725352312.4361048
1725352312.4385586
1725352312.4767466
1725352312.4789443
1725352312.4939566
1725352312.507196
1725352312.5483093
1725352312.5500627
1725352312.5557323
1725352312.5765326
1725352312.5866354
1725352312.6475477
1725352312.6540537
1725352312.6717756
1725352312.7076359
1725352312.7084103
1725352312.7216005
1725352312.728027
1725352312.74745
1725352312.8399577
1725352312.841518
1725352312.8447366
1725352312.8447661
1725352312.8512719
1725352312.8892283
1725352312.9555602
1725352312.968546
1725352313.0109425
1725352313.0164423
1725352313.0181725
1725352313.086295
1725352313.087076
1725352313.0895886
1725352313.0908825
1725352313.107334
1725352313.151339
1725352313.152977
1725352313.1645057
1725352313.1652915
1725352313.1903427
1725352313.2149568
1725352313.268044
1725352313.2690482
1725352313.2823298
1725352313.3025448
1725352313.3160443
1725352313.331961
1725352313.3524425
1725352313.3847597
1725352313.390878
1725352313.4197505
1725352313.4328194
1725352313.448418
1725352313.463443
1725352313.478134
1725352313.5002887
1725352313.5181947
1725352313.5331736
1725352313.5425894
1725352313.5616176
1725352313.5804367
1725352313.616336
1725352313.6164286
1725352313.669752
1725352313.6699994
1725352313.6836638
1725352313.7081172
1725352313.7097905
1725352313.74187
1725352313.7419727
1725352313.7812693
1725352313.7814252
1725352313.799246
1725352313.8298705
1725352313.8899267
1725352313.8900502
1725352313.8906322
1725352313.962588
1725352313.9627328
1725352313.9628766
1725352313.9775054
1725352314.012054
1725352314.0175276
1725352314.0431247
1725352314.0914698
1725352314.1691396
1725352314.1693664
1725352314.1694853
1725352314.1696076
1725352314.2031314
1725352314.4642954
1725352314.4644248
1725352314.4656086
1725352314.4657445
1725352314.4658613
1725352314.4659793
1725352314.4660983
1725352314.4662418
1725352314.46641
1725352314.4665089
1725352314.4711955
1725352314.4713488
1725352314.4714751
1725352314.4716232
1725352314.4717755
1725352314.4832902
1725352314.556343
1725352314.5565283
1725352314.5626318
1725352314.5627954
1725352314.6015687
1725352314.603213
1725352314.6280673
1725352314.6343076
1725352314.6530302
1725352314.6757464
1725352314.6883123
1725352314.7217288
1725352314.7449753
1725352314.7496824
1725352314.779522
1725352314.8029666
1725352314.8040195
1725352314.8166115
1725352314.8481328
1725352314.8519435
1725352314.8718047
1725352314.8909478
1725352314.8940983
1725352314.9373417
1725352314.9536738
1725352314.9904501
1725352315.002025
1725352315.0041702
1725352315.0193317
1725352315.0368829
1725352315.0656054
1725352315.1076386
1725352315.1120336
1725352315.12791
1725352315.1539495
1725352315.1731436
1725352315.2179039
1725352315.2524593
1725352315.2766747
1725352315.281254
1725352315.3392844
1725352315.3400316
1725352315.3414643
1725352315.3437922
1725352315.380071
1725352315.3903215
1725352315.410291
1725352315.4193935
1725352315.426899
1725352315.4502635
1725352315.4674025
1725352315.4848917
1725352315.4922316
1725352315.5366223
1725352315.5499928
1725352315.5687203
1725352315.5838866
1725352315.5958364
1725352315.6118443
1725352315.6243608
1725352315.65105
1725352315.6714303
1725352315.6990042
1725352315.704158
1725352315.7265298
1725352315.7354887
1725352315.7463894
1725352315.770954
1725352315.7951794
1725352315.7966046
1725352315.830906
1725352315.836945
1725352315.8513062
1725352315.930309
1725352315.9604144
1725352315.9618068
1725352315.9688451
1725352315.972622
1725352316.0257616
1725352316.0410514
1725352316.0639083
1725352316.0660596
1725352316.0674741
1725352316.0784285
1725352316.0794446
1725352316.1197085
1725352316.1207776
1725352316.1701124
1725352316.1762562
1725352316.1772547
1725352316.193704
1725352316.2265127
1725352316.2460842
1725352316.3019886
1725352316.3095086
1725352316.3298895
1725352316.3549533
1725352316.3637164
1725352316.427662
1725352316.4285486
1725352316.4291098
1725352316.4385178
1725352316.4509726
1725352316.4987297
1725352316.5039124
1725352316.5201678
1725352316.5317445
1725352316.5474644
1725352316.580514
1725352316.6418757
1725352316.6451664
1725352316.6577857
1725352316.6701984
1725352316.6836479
1725352316.6950078
1725352316.7144532
1725352316.7595952
1725352316.7893727
1725352316.7911792
1725352316.8119993
1725352316.8420312
1725352316.8428607
1725352316.8491123
1725352316.9312243
1725352316.9403446
1725352316.9453917
1725352316.9470346
1725352316.9637175
1725352316.9803007
1725352316.9897099
1725352317.0476604
1725352317.0917914
1725352317.1057873
1725352317.110917
1725352317.1142797
1725352317.1345863
1725352317.141701
1725352317.147807
1725352317.1613414
1725352317.1841245
1725352317.2398014
1725352317.2632813
1725352317.2699897
1725352317.2850616
1725352317.3076313
1725352317.3184
1725352317.3436058
1725352317.3547719
1725352317.4086747
1725352317.4115727
1725352317.4224927
1725352317.4410079
1725352317.473605
1725352317.532277
1725352317.534324
1725352317.5614448
1725352317.5941346
1725352317.6184912
1725352317.6238472
1725352317.6645305
1725352317.6694717
1725352317.680279
1725352317.7039006
1725352317.718942
1725352317.7284298
1725352317.7822733
1725352317.78247
1725352317.7830462
1725352317.803688
1725352317.8184574
1725352317.835488
1725352317.921512
1725352317.9253967
1725352317.9292462
1725352317.9557385
1725352317.9571564
1725352317.9713209
1725352317.9827726
1725352318.0225158
1725352318.1179755
1725352318.210276
1725352318.255559
1725352318.2792776
1725352318.2826197
1725352318.285365
1725352318.3100033
1725352318.3262374
1725352318.3288915
1725352318.3303442
1725352318.3907256
1725352318.3938196
1725352318.3951604
1725352318.3999348
1725352318.4166672
1725352318.4179444
1725352318.4310346
1725352318.4319513
1725352318.4413285
1725352318.444453
1725352318.4597862
1725352318.481011
1725352318.528886
1725352318.544209
1725352318.5489118
1725352318.5843234
1725352318.602561
1725352318.6056137
1725352318.6446314
1725352318.6557333
1725352318.682776
1725352318.729201
1725352318.7475762
1725352318.75839
1725352318.76366
1725352318.7832162
1725352318.7960827
1725352318.808443
1725352318.8261716
1725352318.8489213
1725352318.8639705
1725352318.9591413
1725352318.9612377
1725352318.9662297
1725352318.9688356
1725352318.9901178
1725352318.9921727
1725352319.0197492
1725352319.033189
1725352319.0548317
1725352319.0565932
1725352319.0991654
1725352319.1011353
1725352319.1662834
1725352319.1679127
1725352319.1706243
1725352319.1719954
1725352319.175049
1725352319.20295
1725352319.2073824
1725352319.2757304
1725352319.2785804
1725352319.315661
1725352319.3172445
1725352319.3198328
1725352319.326218
1725352319.338941
1725352319.342025
1725352319.3588917
1725352319.398052
1725352319.4011898
1725352319.413762
1725352319.4395242
1725352319.4758313
1725352319.4993997
1725352319.513144
1725352319.5149562
1725352319.5472145
1725352319.5688624
1725352319.573002
1725352319.5807683
1725352319.6138775
1725352319.7069204
1725352319.7185001
1725352319.7717502
1725352319.7725508
1725352319.7831562
1725352319.8026004
1725352319.8213427
1725352319.8444605
1725352319.8450081
1725352319.864868
1725352319.8664799
1725352319.8832314
1725352319.889596
1725352319.9144742
1725352319.9292352
1725352319.9503465
1725352319.9828715
1725352320.026169
1725352320.0432255
1725352320.1603024
1725352320.1628764
1725352320.1708043
1725352320.1735384
1725352320.196376
1725352320.2291214
1725352320.2439997
1725352320.253536
1725352320.2869651
1725352320.2898052
1725352320.2911966
1725352320.3123934
1725352320.3145242
1725352320.3293765
1725352320.3470476
1725352320.3595805
1725352320.4398336
1725352320.4408026
1725352320.4431965
1725352320.4840448
1725352320.49472
1725352320.496406
1725352320.5205233
1725352320.5224085
1725352320.540608
1725352320.5583258
1725352320.5798926
1725352320.5855544
1725352320.6041324
1725352320.637641
1725352320.6974328
1725352320.6996617
1725352320.7272103
1725352320.7359128
1725352320.7500994
1725352320.7877884
1725352320.7957945
1725352320.8240001
1725352320.841625
1725352320.8650625
1725352320.8969674
1725352320.9477048
1725352320.987557
1725352320.9986274
1725352321.0005414
1725352321.0499845
1725352321.0537388
1725352321.067457
1725352321.1075969
1725352321.1136577
1725352321.1500793
1725352321.1619756
1725352321.1877556
1725352321.1966832
1725352321.26069
1725352321.2619984
1725352321.2778108
1725352321.285202
1725352321.287955
1725352321.3202503
1725352321.3424509
1725352321.3429778
1725352321.357643
1725352321.3833516
1725352321.5296583
1725352321.5318909
1725352321.6160562
1725352321.6181915
1725352321.641627
1725352321.6445198
1725352321.647921
1725352321.714198
1725352321.7335713
1725352321.735336
1725352321.7358649
1725352321.7364583
1725352321.748253
1725352321.7504687
1725352321.7532558
1725352321.7634733
1725352321.7643063
1725352321.88739
1725352321.8890176
1725352321.8896542
1725352321.9127622
1725352321.9359095
1725352321.948588
1725352321.9714963
1725352322.021301
1725352322.0696387
1725352322.0712316
1725352322.0734105
1725352322.081512
1725352322.1047344
1725352322.1242154
1725352322.1259005
1725352322.1377714
1725352322.1752317
1725352322.1775036
1725352322.2082438
1725352322.2377853
1725352322.2477632
1725352322.2736366
1725352322.2755399
1725352322.2892778
1725352322.315056
1725352322.3355618
1725352322.3372767
1725352322.391597
1725352322.3934429
1725352322.4128163
1725352322.4170334
1725352322.4366803
1725352322.448863
1725352322.4616957
1725352322.477394
1725352322.5129788
1725352322.5278637
1725352322.5358462
1725352322.5448625
1725352322.579413
1725352322.5954344
1725352322.614573
1725352322.6362708
1725352322.6384525
1725352322.6545048
1725352322.663929
1725352322.6923025
1725352322.6990106
1725352322.7251549
1725352322.7487178
1725352322.7542095
1725352322.772431
1725352322.7829673
1725352322.8191707
1725352322.838171
1725352322.8597798
1725352322.8846016
1725352322.9060678
1725352322.90685
1725352322.9261703
1725352322.9415302
1725352322.974957
1725352322.987554
1725352322.9993737
1725352323.0096526
1725352323.0392015
1725352323.08262
1725352323.1024115
1725352323.1279318
1725352323.1460662
1725352323.1829898
1725352323.1864312
1725352323.216393
1725352323.2500432
1725352323.2507267
1725352323.262176
1725352323.2695591
1725352323.2970624
1725352323.3034208
1725352323.3272274
1725352323.349288
1725352323.359068
1725352323.3935413
1725352323.8132904
1725352323.8169777
1725352323.8176134
1725352323.8183744
1725352323.82021
1725352323.821215
1725352323.8337805
1725352323.8361447
1725352323.8889747
1725352324.0321026
1725352324.0601842
1725352324.0628114
1725352324.0655696
1725352324.142991
1725352324.1689537
1725352324.1699016
1725352324.1916983
1725352324.249953
1725352324.2506227
1725352324.2524552
1725352324.253605
1725352324.3097265
1725352324.3288333
1725352324.3903646
1725352324.3909802
1725352324.435715
1725352324.4418592
1725352324.4474602
1725352324.4717565
1725352324.4730651
1725352324.5573983
1725352324.609996
1725352324.6196115
1725352324.6265652
1725352324.6388667
1725352324.6455731
1725352324.6468832
1725352324.8171916
1725352324.8185568
1725352324.8207574
1725352324.8438323
1725352324.847045
1725352324.8646638
1725352324.8660197
1725352324.8880577
1725352324.8913648
1725352324.9493387
1725352324.9558163
1725352324.9583366
1725352324.9604063
1725352324.9625306
1725352324.9756572
1725352324.9851205
1725352324.9884052
1725352324.989713
1725352325.0080419
1725352325.0302565
1725352325.032202
1725352325.0876715
1725352325.1045961
1725352325.1067674
1725352325.1615636
1725352325.1632795
1725352325.1656334
1725352325.1765115
1725352325.203325
1725352325.2269213
1725352325.2756763
1725352325.2915583
1725352325.3188424
1725352325.321978
1725352325.3281913
1725352325.3381367
1725352325.3596876
1725352325.3852782
1725352325.4077206
1725352325.4202821
1725352325.441528
1725352325.4437854
1725352325.4822857
1725352325.517065
1725352325.5397296
1725352325.5406227
1725352325.5434303
1725352325.5653527
1725352325.5761628
1725352325.5855193
1725352325.6079025
1725352325.6537268
1725352325.6659591
1725352325.681379
1725352325.703258
1725352325.7059145
1725352325.7141123
1725352325.7545097
1725352325.7570221
1725352325.7725282
1725352325.784709
1725352325.8133676
1725352325.8186135
1725352325.8503134
1725352325.8760462
1725352325.878049
1725352325.926984
1725352325.95252
1725352325.961525
1725352325.9629517
1725352325.978253
1725352325.9983795
1725352326.0055919
1725352326.0059116
1725352326.0169153
1725352326.0290086
1725352326.0527675
1725352326.0787091
1725352326.1019363
1725352326.1257336
1725352326.1358197
1725352326.1540892
1725352326.1787407
1725352326.1801443
1725352326.193484
1725352326.2455733
1725352326.2471693
1725352326.2627738
1725352326.2746077
1725352326.3047972
1725352326.3501518
1725352326.3891683
1725352326.3977818
1725352326.4065604
1725352326.4519324
1725352326.4591978
1725352326.476169
1725352326.5092714
1725352326.514245
1725352326.5377731
1725352326.5384943
1725352326.5809162
1725352326.5816453
1725352326.6071267
1725352326.6092477
1725352326.638697
1725352326.647436
1725352326.6879942
1725352326.713353
1725352326.7381096
1725352326.738914
1725352326.7610755
1725352326.7843142
1725352326.785408
1725352326.8167074
1725352326.8479962
1725352326.8527422
1725352326.8871994
1725352326.8913438
1725352326.9018922
1725352326.919631
1725352326.9423354
1725352326.9428716
1725352326.9846566
1725352326.9856997
1725352326.9907823
1725352327.0242028
1725352327.0316155
1725352327.0529656
1725352327.0979977
1725352327.1625469
1725352327.1639044
1725352327.1678462
1725352327.207304
1725352327.2078402
1725352327.209467
1725352327.211303
1725352327.2477999
1725352327.2496846
1725352327.3114467
1725352327.3237238
1725352327.3254685
1725352327.3284786
1725352327.3533492
1725352327.462327
1725352327.4649704
1725352327.4743648
1725352327.4760847
1725352327.5241628
1725352327.5597172
1725352327.560791
1725352327.6011899
1725352327.603767
1725352327.6068506
1725352327.6113052
1725352327.6965435
1725352327.698045
1725352327.704185
1725352327.7082133
1725352327.7093425
1725352327.7617586
1725352327.7761443
1725352327.7783377
1725352327.7815094
1725352327.8134325
1725352327.8163877
1725352327.83553
1725352327.8379128
1725352327.860985
1725352327.863352
1725352327.8732476
1725352327.9043674
1725352327.9191182
1725352327.936858
1725352327.9590578
1725352327.9617903
1725352328.0121918
1725352328.0146136
1725352328.048208
1725352328.0584283
1725352328.0662332
1725352328.0833828
1725352328.1217754
1725352328.1378076
1725352328.140039
1725352328.1747851
1725352328.1748884
1725352328.1907568
1725352328.2110176
1725352328.2438393
1725352328.246854
1725352328.2612247
1725352328.2633834
1725352328.2832868
1725352328.3072584
1725352328.3339996
1725352328.350256
1725352328.3966856
1725352328.431471
1725352328.4332604
1725352328.584433
1725352328.661569
1725352328.6866398
1725352328.7116535
1725352328.7127383
1725352328.7461164
1725352328.7468452
1725352328.9204133
1725352328.9313302
1725352329.0424678
1725352329.0504568
1725352329.0591073
1725352329.0604553
1725352329.0780318
1725352329.1565697
1725352329.1623092
1725352329.1721432
1725352329.175623
1725352329.2404857
1725352329.2426927
1725352329.2654965
1725352329.2976253
1725352329.3003027
1725352329.3016129
1725352329.3025646
1725352329.3336
1725352329.3349252
1725352329.339339
1725352329.3398805
1725352329.3491485
1725352329.3515048
1725352329.4012787
1725352329.4026155
1725352329.4247205
1725352329.442995
1725352329.444261
1725352329.4980876
1725352329.5402656
1725352329.5415168
1725352329.5437393
1725352329.544612
1725352329.5840135
1725352329.6136036
1725352329.6417649
1725352329.6640644
1725352329.673032
1725352329.7103179
1725352329.7406073
1725352329.7433865
1725352329.8881721
1725352329.8909411
1725352329.9633207
1725352329.9651637
1725352329.9670346
1725352329.9679055
1725352329.9743636
1725352329.981843
1725352329.997535
1725352330.0023415
1725352330.0656195
1725352330.066814
1725352330.0799694
1725352330.1156182
1725352330.1198916
1725352330.1466866
1725352330.1708615
1725352330.1714783
1725352330.1970787
1725352330.1990018
1725352330.2166169
1725352330.2183917
1725352330.2202888
1725352330.2646987
1725352330.2694445
1725352330.2706409
1725352330.300059
1725352330.3009264
1725352330.3124616
1725352330.3657198
1725352330.395884
1725352330.3983197
1725352330.401544
1725352330.4195614
1725352330.434448
1725352330.4470623
1725352330.4582844
1725352330.4674954
1725352330.4904118
1725352330.5365686
1725352330.5495214
1725352330.5719151
1725352330.5808132
1725352330.5985646
1725352330.7078946
1725352330.7097824
1725352330.7114477
1725352330.7286556
1725352330.7294738
1725352330.753207
1725352330.755072
1725352330.7873685
1725352330.846977
1725352330.8484297
1725352330.916122
1725352331.026762
1725352331.0380492
1725352331.0396452
1725352331.0891933
1725352331.0898662
1725352331.0941038
1725352331.0959623
1725352331.1150105
1725352331.1264632
1725352331.1286552
1725352331.133229
1725352331.146769
1725352331.147937
1725352331.1502235
1725352331.1851456
1725352331.208805
1725352331.2251208
1725352331.2268078
1725352331.2758083
1725352331.2874737
1725352331.2889478
1725352331.3074062
1725352331.3084626
1725352331.3157184
1725352331.3557155
1725352331.3600209
1725352331.4539707
1725352331.4578445
1725352331.4819365
1725352331.4830763
1725352331.491287
1725352331.4930983
1725352331.4959295
1725352331.5107565
1725352331.5166101
1725352331.5506265
1725352331.551265
