2024-09-03 16:47:55
../stream-replay/logs/stuttering-6208.txt
1725353102.4941356
1725353102.4969242
1725353102.59011
1725353102.592675
1725353102.6847036
1725353102.7393277
1725353102.7399745
1725353102.7800899
1725353102.7808526
1725353102.7908478
1725353102.8002543
1725353102.8011434
1725353102.8018644
1725353102.862152
1725353102.8633182
1725353102.8641844
1725353102.9406462
1725353102.9410691
1725353102.9427924
1725353103.1098218
1725353103.163302
1725353103.1641502
1725353103.2632487
1725353103.2637455
1725353103.2662888
1725353103.3552287
1725353103.355682
1725353103.3566377
1725353103.458369
1725353103.4980018
1725353103.5430987
1725353103.5435789
1725353103.5444984
1725353103.5544186
1725353103.5937016
1725353103.5947406
1725353103.6337335
1725353103.6347058
1725353103.63474
1725353103.6347673
1725353103.6348505
1725353103.7074149
1725353103.7359893
1725353103.7721715
1725353103.7800136
1725353103.7812011
1725353103.896162
1725353103.901232
1725353103.9018211
1725353103.9241245
1725353103.925028
1725353103.9259017
1725353104.0316546
1725353104.032176
1725353104.0334942
1725353104.0528255
1725353104.0532637
1725353104.1285675
1725353104.1591043
1725353104.1599808
1725353104.1732078
1725353104.1736617
1725353104.1744502
1725353104.1749282
1725353104.1911647
1725353104.192039
1725353104.1954145
1725353104.196352
1725353104.202674
1725353104.2561476
1725353104.256596
1725353104.2963526
1725353104.2967913
1725353104.2982674
1725353104.3002722
1725353104.3129134
1725353104.3250902
1725353104.325795
1725353104.5110152
1725353104.5520773
1725353104.598306
1725353104.599222
1725353104.752345
1725353104.7527764
1725353104.7563844
1725353104.7703252
1725353104.7707977
1725353104.7755327
1725353104.8405013
1725353104.8861368
1725353104.8872952
1725353104.8877356
1725353104.909431
1725353104.9101894
1725353104.9107673
1725353104.916075
1725353104.9226718
1725353104.9234483
1725353104.924172
1725353105.0402899
1725353105.0418818
1725353105.194459
1725353105.196053
1725353105.2498937
1725353105.3052452
1725353105.3077912
1725353105.308696
1725353105.3108582
1725353105.3144066
1725353105.314923
1725353105.3159912
1725353105.415887
1725353105.4360735
1725353105.4375057
1725353105.4442997
1725353105.4457195
1725353105.4476962
1725353105.457897
1725353105.4587605
1725353105.4709888
1725353105.472484
1725353105.4792888
1725353105.5551674
1725353105.5558848
1725353105.6759558
1725353105.911583
1725353105.913489
1725353106.0241945
1725353106.1880662
1725353106.2181876
1725353106.219455
1725353106.2205038
1725353106.2679102
1725353106.270209
1725353106.2710578
1725353106.2741804
1725353106.451406
1725353106.452229
1725353106.4935553
1725353106.564087
1725353106.5645473
1725353106.565933
1725353106.5670304
1725353106.5698211
1725353106.6143088
1725353106.6166906
1725353106.7467287
1725353106.747414
1725353107.114006
1725353107.1155794
1725353107.1164548
1725353107.181181
1725353107.3479705
1725353107.349615
1725353107.3697014
1725353107.3709497
1725353107.3719077
1725353107.409774
1725353107.41209
1725353107.418848
1725353107.4296064
1725353107.4309337
1725353107.467809
1725353107.4694002
1725353107.6184719
1725353107.6324718
1725353107.7238264
1725353107.738443
1725353107.7409303
1725353107.8246207
1725353107.8631337
1725353107.865272
1725353107.8657591
1725353107.8750393
1725353107.9015448
1725353107.903073
1725353107.9595315
1725353107.9602442
1725353107.9609149
1725353107.9760554
1725353107.9776182
1725353107.9788318
1725353108.0384936
1725353108.0392776
1725353108.0400183
1725353108.1159735
1725353108.2020311
1725353108.2027829
1725353108.2044578
1725353108.3682153
1725353108.3959339
1725353108.396615
1725353108.3974981
1725353108.4041574
1725353108.4048185
1725353108.4491422
1725353108.5382423
1725353108.53915
1725353108.5429335
1725353108.5445058
1725353108.5794585
1725353108.6311574
1725353108.6317914
1725353108.7131977
1725353108.7652562
1725353108.7656915
1725353108.8179665
1725353108.8452737
1725353108.8517883
1725353108.8518145
1725353108.851839
1725353108.8520203
1725353108.932419
1725353108.9804697
1725353109.1485643
1725353109.18849
1725353109.1895232
1725353109.273746
1725353109.2743745
1725353109.274978
1725353109.3872619
1725353109.3876808
1725353109.685687
1725353109.6872387
1725353109.7290223
1725353109.7313552
1725353109.7943134
1725353109.7954316
1725353109.8250391
1725353109.9070065
1725353109.9482663
1725353109.9674006
1725353109.9680462
1725353109.9684973
1725353110.0049782
1725353110.005417
1725353110.1155424
1725353110.1361318
1725353110.149956
1725353110.151129
1725353110.1515894
1725353110.164794
1725353110.1660194
1725353110.1667237
1725353110.3220222
1725353110.3234704
1725353110.336915
1725353110.3386037
1725353110.3471866
1725353110.3498533
1725353110.3623617
1725353110.3855543
1725353110.4457428
1725353110.4465744
1725353110.6479218
1725353110.6664932
1725353110.6675055
1725353110.669971
1725353110.67197
1725353110.6908488
1725353110.6920738
1725353110.798282
1725353110.79967
1725353110.8428576
1725353110.843303
1725353110.843828
1725353110.8446326
1725353110.860365
1725353110.860887
1725353110.9482381
1725353110.9492075
1725353110.9793692
1725353110.9814284
1725353111.0235586
1725353111.0247886
1725353111.1156442
1725353111.1662157
1725353111.167668
1725353111.1948297
1725353111.1970055
1725353111.1981094
1725353111.2104185
1725353111.252629
1725353111.3226836
1725353111.345576
1725353111.357126
1725353111.358963
1725353111.3698325
1725353111.40295
1725353111.4034972
1725353111.4040415
1725353111.404531
1725353111.437513
1725353111.4456956
1725353111.4473085
1725353111.4535115
1725353111.4545922
1725353111.5365145
1725353111.5797734
1725353111.5811489
1725353111.5822825
1725353111.653373
1725353111.6834402
1725353111.6841795
1725353111.6849504
1725353111.6856267
1725353111.686138
1725353111.6888354
1725353111.6910975
1725353111.692004
1725353111.6985579
1725353111.7593017
1725353111.766525
1725353111.7674625
1725353111.786707
1725353111.7922192
1725353111.8274143
1725353111.8279667
1725353111.844456
1725353111.844929
1725353111.8629274
1725353111.8751092
1725353111.8758059
1725353111.8967202
1725353111.919084
1725353111.9365516
1725353111.9375646
1725353112.0536125
1725353112.0540638
1725353112.0806222
1725353112.0824761
1725353112.0998666
1725353112.1104622
1725353112.110953
1725353112.1119447
1725353112.1255498
1725353112.127542
1725353112.20223
1725353112.2373617
1725353112.2381697
1725353112.3139648
1725353112.3147924
1725353112.3657713
1725353112.366569
1725353112.3675277
1725353112.4062195
1725353112.4079955
1725353112.427494
1725353112.4279602
1725353112.4288802
1725353112.448227
1725353112.481788
1725353112.4822283
1725353112.486037
1725353112.4892023
1725353112.491207
1725353112.5474422
1725353112.5478861
1725353112.5489733
1725353112.5773945
1725353112.5783083
1725353112.6030436
1725353112.6039813
1725353112.611336
1725353112.6259363
1725353112.6288562
1725353112.6297407
1725353112.6430774
1725353112.6435165
1725353112.7810516
1725353112.7815416
1725353112.797578
1725353112.800123
1725353112.8882942
1725353112.8896496
1725353112.8922088
1725353112.937285
1725353112.9377165
1725353112.9381654
1725353112.9624615
1725353112.9746995
1725353112.97473
1725353112.9747488
1725353112.974856
1725353112.982481
1725353112.9918077
1725353113.0864313
1725353113.105331
1725353113.1187913
1725353113.1188936
1725353113.1490343
1725353113.1636534
1725353113.1645408
1725353113.1841972
1725353113.1942897
1725353113.1950352
1725353113.2041695
1725353113.2108498
1725353113.2149792
1725353113.2273319
1725353113.2489402
1725353113.249434
1725353113.2502172
1725353113.2515066
1725353113.3065903
1725353113.3093443
1725353113.3113225
1725353113.3885255
1725353113.4009748
1725353113.4016688
1725353113.4353993
1725353113.4361043
1725353113.438487
1725353113.4397476
1725353113.4580107
1725353113.4844532
1725353113.485383
1725353113.5225897
1725353113.5252295
1725353113.5261023
1725353113.526556
1725353113.5668042
1725353113.6157248
1725353113.636567
1725353113.6370797
1725353113.638345
1725353113.6529086
1725353113.6539671
1725353113.6551251
1725353113.6585464
1725353113.6908078
1725353113.694944
1725353113.7226686
1725353113.7234702
1725353113.72462
1725353113.7430017
1725353113.743438
1725353113.778339
1725353113.7805424
1725353113.8720791
1725353113.8746386
1725353113.9030182
1725353113.903955
1725353113.918593
1725353113.9476242
1725353113.9480884
1725353113.948579
1725353113.9505863
1725353113.9956832
1725353113.9988582
1725353113.9997292
1725353114.029785
1725353114.0313177
1725353114.0329838
1725353114.0343122
1725353114.0985613
1725353114.1006365
1725353114.1987853
1725353114.2079434
1725353114.2088144
1725353114.2103374
1725353114.2262936
1725353114.2421098
1725353114.242531
1725353114.2434819
1725353114.272797
1725353114.2739263
1725353114.278871
1725353114.2920017
1725353114.2924457
1725353114.2935994
1725353114.3416493
1725353114.348058
1725353114.3905373
1725353114.3918104
1725353114.3928044
1725353114.4001338
1725353114.408919
1725353114.4094956
1725353114.4340649
1725353114.4407344
1725353114.4441059
1725353114.444964
1725353114.4456582
1725353114.4792745
1725353114.4803152
1725353114.481268
1725353114.4848526
1725353114.5166588
1725353114.5306344
1725353114.6295898
1725353114.630339
1725353114.641998
1725353114.6433609
1725353114.6617305
1725353114.6872032
1725353114.737294
1725353114.753051
1725353114.7535105
1725353114.7539809
1725353114.7544312
1725353114.7706897
1725353114.7791963
1725353114.7805007
1725353114.7913601
1725353114.7965498
1725353114.7969904
1725353114.7974298
1725353114.8588789
1725353114.8817792
1725353114.8940182
1725353114.9408107
1725353114.9962544
1725353114.9995608
1725353115.0574577
1725353115.05795
1725353115.058747
1725353115.064144
1725353115.0648332
1725353115.092746
1725353115.1342762
1725353115.1347811
1725353115.1477528
1725353115.2350628
1725353115.2358234
1725353115.2362704
1725353115.2475617
1725353115.2662656
1725353115.2673428
1725353115.3411644
1725353115.3417172
1725353115.3421917
1725353115.3437397
1725353115.3698866
1725353115.3708248
1725353115.3721664
1725353115.4481246
1725353115.4704545
1725353115.5049405
1725353115.5062199
1725353115.580303
1725353115.5809212
1725353115.592145
1725353115.59469
1725353115.6021476
1725353115.608507
1725353115.7618213
1725353115.761846
1725353115.7618778
1725353115.7764838
1725353115.7953246
1725353115.8751757
1725353115.9252448
1725353115.9965093
1725353115.9983544
1725353116.1183827
1725353116.1188846
1725353116.2076201
1725353116.2081776
1725353116.2511961
1725353116.2528362
1725353116.298053
1725353116.332046
1725353116.3325562
1725353116.367751
1725353116.3696148
1725353116.5117452
1725353116.5126188
1725353116.5231287
1725353116.5262587
1725353116.527265
1725353116.52775
1725353116.5289078
1725353116.5633557
1725353116.5771894
1725353116.5777993
1725353116.5783243
1725353116.58572
1725353116.5861607
1725353116.586612
1725353116.5871155
1725353116.587572
1725353116.633215
1725353116.6350005
1725353116.7146323
1725353116.7155082
1725353116.7231987
1725353116.7449453
1725353116.9049075
1725353116.9743264
1725353116.987144
1725353116.988117
1725353116.9889731
1725353117.0111752
1725353117.0117722
1725353117.024745
1725353117.0256138
1725353117.2433634
1725353117.4262135
1725353117.4324079
1725353117.4344957
1725353117.5214624
1725353117.538591
1725353117.6500912
1725353117.6772323
1725353117.6778002
1725353117.678566
1725353117.7599783
1725353117.9075432
1725353117.9085803
1725353117.9097347
1725353117.9222445
1725353117.9263096
1725353117.99264
1725353117.994209
1725353118.2007189
1725353118.2034376
1725353118.2133613
1725353118.2144384
1725353118.2378454
1725353118.5708208
1725353118.5937896
1725353118.6427855
1725353118.694118
1725353118.6946087
1725353118.695481
1725353118.7221994
1725353119.0034857
1725353119.005237
1725353119.1612513
1725353119.1856673
1725353119.1880202
1725353119.3367376
1725353119.3845747
1725353119.3870203
1725353119.5564847
1725353119.5580482
1725353119.6728146
1725353119.6916735
1725353119.6921966
1725353119.6950507
1725353119.7674222
1725353119.767865
1725353119.808874
1725353120.0131383
1725353120.1713362
1725353120.1718001
1725353120.2913206
1725353120.2919378
1725353120.3236918
1725353120.324186
1725353120.3246472
1725353120.3251965
1725353120.360664
1725353120.3969889
1725353120.3984573
1725353120.6450074
1725353120.7414703
1725353120.74331
1725353120.743782
1725353120.8620925
1725353120.9049516
1725353121.0497036
1725353121.0506318
1725353121.0516617
1725353121.3423345
1725353121.448609
1725353121.4815738
1725353121.4855134
1725353121.4860063
1725353121.4924853
1725353121.5565476
1725353121.873875
1725353121.878382
1725353121.8789299
1725353122.0574956
1725353122.0582972
1725353122.060012
1725353122.4399703
1725353122.4405057
1725353122.4420443
1725353122.4500422
1725353122.450892
1725353122.451541
1725353122.4831696
1725353122.48384
1725353122.484921
1725353122.5947134
1725353122.5955138
1725353122.5963557
1725353122.6031828
1725353122.8799226
1725353122.880679
1725353122.8845077
1725353122.9258783
1725353122.9738286
1725353122.999643
1725353123.0001044
1725353123.0005932
1725353123.001868
1725353123.0131238
1725353123.0136623
1725353123.0353796
1725353123.1421437
1725353123.2375429
1725353123.2375743
1725353123.2376251
1725353123.2402947
1725353123.4600298
1725353123.574167
1725353123.5750942
1725353123.6476972
1725353123.649195
1725353123.6527226
1725353123.6903598
1725353123.6913817
1725353123.6926088
1725353123.6949565
1725353123.763884
1725353123.7662723
1725353123.7669914
1725353124.0063827
1725353124.074565
1725353124.076329
1725353124.627481
1725353124.892048
1725353124.9856534
1725353125.0542994
1725353125.0555851
1725353125.0565045
1725353125.1118767
1725353125.1147885
1725353125.1220543
1725353125.1563914
1725353125.2022948
1725353125.2028148
1725353125.2033002
1725353125.203769
1725353125.3057368
1725353125.307373
1725353125.5221431
1725353125.6711802
1725353125.6720924
1725353125.8432786
1725353125.8502214
1725353125.8562186
1725353125.8569942
1725353125.9768023
1725353126.0052266
1725353126.0060513
1725353126.1599288
1725353126.1616561
1725353126.1623468
1725353126.4588923
1725353126.4594057
1725353126.4750538
1725353126.4759088
1725353126.4764447
1725353126.4805238
1725353126.6354399
1725353126.636771
1725353126.7734947
1725353126.7747447
1725353126.775674
1725353126.9187393
1725353126.9662437
1725353126.9668396
1725353126.9684117
1725353127.1785548
1725353127.1792376
1725353127.2407653
1725353127.2412288
1725353127.4005945
1725353127.4027703
1725353127.425485
1725353127.4268768
1725353127.4273505
1725353127.440012
1725353127.5421917
1725353127.542971
1725353127.5440552
1725353127.7460372
1725353127.7977967
1725353127.7981493
1725353128.0014753
1725353128.0017848
1725353128.15615
1725353128.592601
1725353128.5930934
1725353128.6017973
1725353128.6179986
1725353128.6184523
1725353128.8580153
1725353128.908784
1725353129.180106
1725353129.1917443
1725353129.195124
1725353129.195918
1725353129.472367
1725353129.4810755
1725353129.4815266
1725353129.4860182
1725353129.4870567
1725353129.5601587
1725353129.5727358
1725353129.5878284
1725353129.6059077
1725353129.6068354
1725353129.6075127
1725353129.6082315
1725353129.6316018
1725353129.640003
1725353129.651606
1725353129.6525915
1725353129.9934902
1725353129.9940593
1725353130.0022476
1725353130.1084301
1725353130.1309078
1725353130.1586347
1725353130.2432022
1725353130.2436664
1725353130.2638803
1725353130.2763815
1725353130.2771266
1725353130.278519
1725353130.3575847
1725353130.3583157
1725353130.3589504
1725353130.3704603
1725353130.3711326
1725353130.3724055
1725353130.3923633
1725353130.3957398
1725353130.429838
1725353130.430311
1725353130.5730782
1725353130.5743666
1725353130.5756006
1725353130.583791
1725353130.6070795
1725353130.6084812
1725353130.6279206
1725353130.6305058
1725353130.631046
1725353130.6375377
1725353130.6384022
1725353130.8185005
1725353130.822625
1725353130.8270679
1725353130.8283193
1725353130.8290443
1725353130.8744004
1725353130.8748903
1725353131.019205
1725353131.0275118
1725353131.0281866
1725353131.1049342
1725353131.1083682
1725353131.1085615
1725353131.1086433
1725353131.1087544
1725353131.157898
1725353131.338763
1725353131.7955856
1725353131.7992048
1725353131.8592422
1725353131.860898
1725353131.861005
1725353131.973461
1725353131.9735498
1725353131.9770737
1725353132.0371714
1725353132.043792
1725353132.0438914
1725353132.0478241
1725353132.0479276
1725353132.0659435
1725353132.0701525
1725353132.4183807
1725353132.4196265
1725353132.5087917
1725353132.510618
1725353132.672338
1725353132.6740685
1725353132.8857818
1725353132.8862898
1725353132.8874726
1725353133.0795698
1725353133.0886095
1725353133.090395
1725353133.102341
1725353133.1293156
1725353133.1301446
1725353133.1310146
1725353133.1311471
1725353133.2661061
1725353133.2941725
1725353133.3209054
1725353133.5302649
1725353133.531056
1725353133.531514
1725353133.540852
1725353133.543423
1725353133.5438638
1725353133.569971
1725353133.5706692
1725353133.627271
1725353133.627991
1725353133.6284795
1725353133.6298573
1725353133.674827
1725353133.6754973
1725353133.6834905
1725353133.7794898
1725353133.8113072
1725353133.8514252
1725353133.8518631
1725353133.8532133
1725353133.8728464
1725353134.6934412
1725353134.721072
1725353134.75804
1725353134.7588012
1725353134.759489
1725353134.785223
1725353134.7865388
1725353134.7956994
1725353134.8226407
1725353134.823428
1725353134.823907
1725353134.8304646
1725353134.83101
1725353134.8319178
1725353134.8324099
1725353134.8513408
1725353134.9251223
1725353134.9260433
1725353134.9286206
1725353134.9292355
1725353134.94233
1725353134.9446042
1725353134.9459305
1725353135.299514
1725353135.3753064
1725353135.3761756
1725353135.5772512
1725353135.6440992
1725353136.0488017
1725353136.049435
1725353136.05159
1725353136.3470917
1725353136.347736
1725353136.3477623
1725353136.3477814
1725353136.3478076
1725353136.3710225
1725353136.3806522
1725353136.4512372
1725353136.45229
1725353136.497609
1725353136.5097558
1725353136.5287337
1725353136.5295331
1725353136.7831326
1725353136.7851944
1725353136.8022792
1725353136.802914
1725353136.8035173
1725353136.825651
1725353136.87491
1725353136.8867435
1725353136.8883855
1725353136.8901215
1725353136.890961
1725353136.9003022
1725353136.9013255
1725353137.1161418
1725353137.216598
1725353137.2182274
1725353137.2324622
1725353137.2329319
1725353137.3342965
1725353137.3758028
1725353137.4639156
1725353137.4668677
1725353137.5364864
1725353138.0389445
1725353138.1448293
1725353138.1455011
1725353138.1565583
1725353138.1579316
1725353138.2802489
1725353138.2818873
1725353138.3972404
1725353138.4036381
1725353138.4047637
1725353138.4361858
1725353138.611149
1725353138.6120965
1725353138.674884
1725353138.987865
1725353138.9882848
1725353139.0059054
1725353139.1346016
1725353139.2254708
1725353139.22712
1725353139.227757
1725353139.5425122
1725353139.5437794
1725353139.5465612
1725353139.5480957
1725353139.7087123
1725353139.7104023
1725353139.711721
1725353139.8027778
1725353139.802932
1725353139.9362445
1725353139.9374747
1725353139.9792173
1725353139.9852016
1725353139.9949608
1725353139.9957488
1725353140.018873
1725353140.0218976
1725353140.1000066
1725353140.1015394
1725353140.1311762
1725353140.1867633
1725353140.1877105
1725353140.1917112
1725353140.332706
1725353140.3340845
1725353140.4206216
1725353140.4308715
1725353140.4320056
1725353140.4718125
1725353140.4736207
1725353140.4744525
1725353140.475936
1725353140.6185853
1725353140.619233
1725353140.6197312
1725353140.6297057
1725353140.7152078
1725353140.7162588
1725353140.8588812
1725353140.869949
1725353140.8734992
1725353141.067444
1725353141.0688796
1725353141.145008
1725353141.1460435
1725353141.3064892
1725353141.4613383
1725353141.480565
1725353141.504956
1725353141.5057847
1725353141.506709
1725353141.5523734
1725353141.55877
1725353141.5596454
1725353141.5607219
1725353141.7002907
1725353141.7014065
1725353141.7131548
1725353141.753929
1725353141.7643213
1725353141.7649589
1725353141.767366
1725353141.769453
1725353141.9282246
1725353141.9293678
1725353141.993591
1725353142.000868
1725353142.0030107
1725353142.02071
1725353142.021189
1725353142.1585858
1725353142.1593812
1725353142.1959167
1725353142.2697227
1725353142.270838
1725353142.3678198
1725353142.404023
1725353142.4048285
1725353142.5930424
1725353142.5936506
1725353142.594518
1725353142.6252763
1725353142.6267757
1725353142.64505
1725353142.646783
1725353142.712935
1725353142.7135243
1725353142.714471
1725353143.0273707
1725353143.027544
1725353143.0572314
1725353143.058182
1725353143.073695
1725353143.1068032
1725353143.107492
1725353143.1488059
1725353143.1501374
1725353143.1511998
1725353143.4886723
1725353143.4980183
1725353143.49811
1725353143.49814
1725353143.498206
1725353143.5104244
1725353143.6309726
1725353144.1059437
1725353144.1068127
1725353144.1776745
1725353144.3110847
1725353144.3112001
1725353144.3123682
1725353144.3163803
1725353144.3168962
1725353144.4151611
1725353144.417296
1725353144.454472
1725353144.465627
1725353144.466444
1725353144.5384247
1725353144.5407503
1725353144.7708585
1725353144.8365216
1725353144.8375704
1725353144.8381898
1725353144.928167
1725353144.9300811
1725353144.936341
1725353145.0390222
1725353145.161419
1725353145.1637197
1725353145.2322216
1725353145.2354252
1725353145.2358317
1725353145.2366233
1725353145.2442663
1725353145.33799
1725353145.3391242
1725353145.4574814
1725353145.5394473
1725353145.5403636
1725353145.544924
1725353145.545354
1725353145.7730658
1725353145.824048
1725353146.0274262
1725353146.0679631
1725353146.0693567
1725353146.155204
1725353146.1557615
1725353146.1562293
1725353146.2375147
1725353146.28599
1725353146.286629
1725353146.2880147
1725353146.461806
1725353146.4625297
1725353146.463394
1725353146.465245
1725353146.5045629
1725353146.5820596
1725353146.5831866
1725353146.607179
1725353146.607646
1725353146.6080956
1725353146.638665
1725353146.7516308
1725353146.7658668
1725353146.7682536
1725353146.797492
1725353146.797981
1725353146.7984664
1725353146.7989798
1725353146.8777225
1725353146.8801277
1725353146.8808928
1725353146.884117
1725353146.8850772
1725353146.927064
1725353146.9682436
1725353146.9686558
1725353146.9692752
1725353147.010519
1725353147.0220895
1725353147.022993
1725353147.0234768
1725353147.048111
1725353147.1059155
1725353147.1064553
1725353147.1935167
1725353147.19547
1725353147.2022355
1725353147.2211735
1725353147.2381787
1725353147.2390904
1725353147.2566848
1725353147.2579913
1725353147.2871797
1725353147.2879355
1725353147.289714
1725353147.4858317
1725353147.4870467
1725353147.487608
1725353147.532031
1725353147.5346603
1725353147.6358106
1725353147.6368701
1725353147.651964
1725353147.652856
1725353147.7145941
1725353147.785199
1725353147.7856555
1725353147.7863672
1725353147.794841
1725353147.7951467
1725353147.7967932
1725353147.8064647
1725353147.815261
1725353147.8166072
1725353147.8532357
1725353147.8533475
1725353147.9949229
1725353147.9959955
1725353147.9970074
1725353148.020071
1725353148.2153063
1725353148.2163448
1725353148.2310717
1725353148.2437441
1725353148.2454743
1725353148.288071
1725353148.294019
1725353148.2944677
1725353148.298336
1725353148.29901
1725353148.3020186
1725353148.3076384
1725353148.3728516
1725353148.3733034
1725353148.374064
1725353148.4932077
1725353148.4941263
1725353148.494249
1725353148.561041
1725353148.5638924
1725353148.5760534
1725353148.6433094
1725353148.6444929
1725353148.6733317
1725353148.7346284
1725353148.7353687
1725353148.7708285
1725353148.771908
1725353148.818843
1725353148.8925707
1725353148.8931897
1725353148.893474
1725353148.953165
1725353148.9810371
1725353149.0243905
1725353149.024994
1725353149.087393
1725353149.1449885
1725353149.1457534
1725353149.1480703
1725353149.1647952
1725353149.1935573
1725353149.1981714
1725353149.1994412
1725353149.2632356
1725353149.2647362
1725353149.2947972
1725353149.300284
1725353149.3018804
1725353149.315905
1725353149.3175435
1725353149.3393726
1725353149.3403294
1725353149.3417459
1725353149.3444319
1725353149.3449042
1725353149.4643178
1725353149.4644787
1725353149.466193
1725353149.4681592
1725353149.4689765
1725353149.4806817
1725353149.512304
1725353149.527503
1725353149.5448918
1725353149.5454485
1725353149.6868105
1725353149.6871428
1725353149.687519
1725353149.7102973
1725353149.7731774
1725353149.7737224
1725353149.854945
1725353149.878708
1725353149.8793633
1725353149.8811314
1725353149.9311645
1725353150.0045695
1725353150.006341
1725353150.0064335
1725353150.006604
1725353150.011718
1725353150.0141354
1725353150.0557482
1725353150.0913193
1725353150.097435
1725353150.1050928
1725353150.105795
1725353150.1540227
1725353150.155726
1725353150.1563299
1725353150.1772506
1725353150.1794457
1725353150.2039256
1725353150.2060375
1725353150.2127657
1725353150.213528
1725353150.2566063
1725353150.2676506
1725353150.3115592
1725353150.3235178
1725353150.3260286
1725353150.3345845
1725353150.3354752
1725353150.3363156
1725353150.3402612
1725353150.3733084
1725353150.4202232
1725353150.432646
1725353150.4333975
1725353150.4405668
1725353150.4550047
1725353150.4556882
1725353150.4683864
1725353150.4688585
1725353150.4974964
1725353150.4989197
1725353150.5048497
1725353150.5176806
1725353150.5742562
1725353150.5750706
1725353150.6005144
1725353150.6199145
1725353150.621466
1725353150.6514568
1725353150.6522992
1725353150.6529927
1725353150.7691948
1725353150.8198469
1725353150.8205214
1725353150.8213303
1725353150.8624823
1725353150.8630226
1725353150.8634918
1725353150.9192164
1725353150.9196663
1725353150.9862287
1725353150.9879234
1725353151.1554368
1725353151.1859589
1725353151.186726
1725353151.2916172
1725353151.2930155
1725353151.298073
1725353151.389322
1725353151.4105766
1725353151.4118521
1725353151.4183047
1725353151.4538727
1725353151.4544935
1725353151.454995
1725353151.455983
1725353151.4564285
1725353151.4791024
1725353151.4837518
1725353151.4846344
1725353151.591919
1725353151.5928762
1725353151.6393583
1725353151.6413488
1725353151.6421068
1725353151.6490314
1725353151.6717446
1725353151.7009668
1725353151.701704
1725353151.7031758
1725353151.7139256
1725353151.7146564
1725353151.7437122
1725353151.7485962
1725353151.7487032
1725353151.748797
1725353151.7496367
1725353151.811828
1725353151.8135734
1725353151.8136678
1725353151.8211203
1725353151.850217
1725353151.8514242
1725353151.8593273
1725353151.8777626
1725353151.8789546
1725353151.882304
1725353151.9678702
1725353151.9685085
1725353151.9694276
1725353151.9787984
1725353151.9847016
1725353151.9869926
1725353152.0011113
1725353152.0028389
1725353152.0144923
1725353152.015287
1725353152.0167854
1725353152.066452
1725353152.1139944
1725353152.121552
1725353152.122673
1725353152.1231627
1725353152.1534147
1725353152.1542509
1725353152.1985567
1725353152.2006273
1725353152.2095594
1725353152.2757487
1725353152.2774217
1725353152.281054
1725353152.3177392
1725353152.3181767
1725353152.325483
1725353152.3317637
1725353152.3323476
1725353152.3335354
1725353152.342599
1725353152.3432508
1725353152.3437066
1725353152.352187
1725353152.35993
1725353152.3616147
1725353152.3962822
1725353152.3969238
1725353152.397387
1725353152.4329278
1725353152.442892
1725353152.4434943
1725353152.4495018
1725353152.4534886
1725353152.466871
1725353152.488498
1725353152.4892292
1725353152.4898732
1725353152.4992213
1725353152.5079
1725353152.5153127
1725353152.516058
1725353152.5171335
1725353152.52
1725353152.645956
1725353152.6466033
1725353152.6471584
1725353152.6495411
1725353152.6794465
1725353152.6799822
1725353152.6806583
1725353152.6914258
1725353152.6932428
1725353152.693318
1725353152.6933334
1725353152.7077694
1725353152.7104788
1725353152.7340736
1725353152.7729423
1725353152.774477
1725353152.7977653
1725353152.798739
1725353152.8087096
1725353152.809474
1725353152.820193
1725353152.8219173
1725353152.8223655
1725353152.919643
1725353152.9277234
1725353152.929592
1725353152.9723241
1725353152.9730206
1725353153.018479
1725353153.0300026
1725353153.031539
1725353153.04206
1725353153.0433571
1725353153.0437996
1725353153.08948
1725353153.0899105
1725353153.0933459
1725353153.1030583
1725353153.103627
1725353153.1045187
1725353153.1274107
1725353153.1283114
1725353153.1388493
1725353153.1490138
1725353153.1503203
1725353153.151155
1725353153.171054
1725353153.1717994
1725353153.1730464
1725353153.1846514
1725353153.185083
1725353153.2262702
1725353153.2368617
1725353153.2556782
1725353153.2563808
1725353153.258076
1725353153.2608917
1725353153.277473
1725353153.278035
1725353153.2784696
1725353153.3069246
1725353153.3083177
1725353153.3268118
1725353153.3272917
1725353153.3745897
1725353153.3760417
1725353153.3962018
1725353153.4007225
1725353153.4132466
1725353153.4144115
1725353153.4459116
1725353153.451242
1725353153.451685
1725353153.4782374
1725353153.5037897
1725353153.504745
1725353153.5241911
1725353153.53124
1725353153.5984166
1725353153.6088486
1725353153.6491082
1725353153.6495807
1725353153.6500509
1725353153.650525
1725353153.6510098
1725353153.794513
1725353153.7964723
1725353153.8109927
1725353153.8114765
1725353153.8157582
1725353153.8161893
1725353153.8562675
1725353153.8588502
1725353153.9670434
1725353153.968091
1725353154.0360913
1725353154.0367894
1725353154.078534
1725353154.0792031
1725353154.0942101
1725353154.1030467
1725353154.1047192
1725353154.1123195
1725353154.1136405
1725353154.1187873
1725353154.1193316
1725353154.1199577
1725353154.1316688
1725353154.1706805
1725353154.1714487
1725353154.172317
1725353154.522
1725353154.5345974
1725353154.5374846
1725353154.5812807
1725353154.6031265
1725353154.6054606
1725353154.6617076
1725353154.6681366
1725353154.6692681
1725353154.6707044
1725353154.6773603
1725353154.6801069
1725353154.8562248
1725353154.8573756
1725353154.898068
1725353154.9896882
1725353155.0290155
1725353155.0303953
1725353155.135436
1725353155.1375453
1725353155.252759
1725353155.2535448
1725353155.2692428
1725353155.2709355
1725353155.4169617
1725353155.4240217
1725353155.4262264
1725353155.5473058
1725353155.6495986
1725353155.6511662
1725353155.7371116
1725353155.9555874
1725353155.9567327
1725353155.9574015
1725353156.0868971
1725353156.1921895
1725353156.1927886
1725353156.2294514
1725353156.229898
1725353156.4794464
1725353156.4806328
1725353156.4813297
1725353156.4843402
1725353156.5982225
1725353156.598924
1725353156.60111
1725353156.6440363
1725353156.6447587
1725353156.6453424
1725353156.6458585
1725353156.6665134
1725353156.8995428
1725353156.9036276
1725353156.9045591
1725353156.91237
1725353156.9128857
1725353156.9136522
1725353156.9251006
1725353156.9526892
1725353157.0733974
1725353157.0738888
1725353157.1242285
1725353157.3729372
1725353157.3739104
1725353157.3827682
1725353157.5237842
1725353157.7117589
1725353157.7164814
1725353157.71697
1725353157.755503
1725353157.7564025
1725353157.7568471
1725353157.778914
1725353157.7798078
1725353157.8942366
1725353157.8946848
1725353157.9276624
1725353157.979882
1725353157.9843013
1725353157.984913
1725353158.110386
1725353158.1783059
1725353158.191759
1725353158.1922987
1725353158.260176
1725353158.3077908
1725353158.308235
1725353158.3089733
1725353158.309693
1725353158.5628097
1725353158.5643933
1725353158.69328
1725353158.6937714
1725353158.732364
1725353158.73294
1725353158.8792102
1725353158.8796327
1725353158.8800611
1725353158.9292116
1725353158.9313118
1725353158.9939132
1725353158.9947052
1725353159.001949
1725353159.0053234
1725353159.0062954
1725353159.0563266
1725353159.0578198
1725353159.3607986
1725353159.3699412
1725353159.3716116
1725353159.404423
1725353159.4052029
1725353159.4876585
1725353159.596975
1725353159.5979917
1725353159.5984623
1725353159.6752
1725353159.676062
1725353159.676853
1725353159.7193236
1725353159.7212708
1725353159.7271442
1725353159.8479009
1725353159.848512
1725353159.873089
1725353159.8911097
1725353159.8917367
1725353159.9004967
1725353159.930502
1725353159.9458377
1725353159.967486
1725353159.9731722
1725353159.9736774
1725353159.974639
1725353160.1350367
1725353160.3066237
1725353160.3071117
1725353160.3078914
1725353160.4113128
1725353160.4183073
1725353160.4191313
1725353160.4197905
1725353160.4202485
1725353160.5356112
1725353160.536159
1725353160.701221
1725353160.7020772
1725353160.8862307
1725353160.9426122
1725353160.9433506
1725353161.11667
1725353161.145345
1725353161.146027
1725353161.1467438
1725353161.2235115
1725353161.2726564
1725353161.274353
1725353161.3895185
1725353161.4532342
1725353161.4553792
1725353161.457504
1725353161.5365562
1725353161.537443
1725353161.5383794
1725353161.7595274
1725353161.7608488
1725353161.7613003
1725353161.7884698
1725353161.790436
1725353161.7914937
1725353161.7922885
1725353161.8574102
1725353161.8839061
1725353161.8850036
1725353161.896199
1725353161.9044874
1725353161.9053328
1725353161.9060173
1725353161.940427
1725353161.9792628
1725353161.9800794
1725353162.17135
1725353162.1714118
1725353162.172813
1725353162.2662692
1725353162.2990043
1725353162.3054569
1725353162.3266668
1725353162.3291943
1725353162.467221
1725353162.4688604
1725353162.4698424
1725353162.5465653
1725353162.5474257
1725353162.5943127
1725353162.751754
1725353162.7527902
1725353162.8000286
1725353162.802846
1725353162.9399238
1725353162.9437716
1725353163.047904
1725353163.0487869
1725353163.3086205
1725353163.3092308
1725353163.3100924
1725353163.3108656
1725353163.4499693
1725353163.4513912
1725353163.4912107
1725353163.4930089
1725353163.532631
1725353163.6054738
1725353163.6059148
1725353163.6371179
1725353163.7613246
1725353163.7619054
1725353163.841132
1725353163.879951
1725353163.8808687
1725353163.895612
1725353163.8960528
1725353163.935633
1725353164.1548903
1725353164.2709532
1725353164.2721395
1725353164.5993416
1725353164.6082156
1725353164.608927
1725353164.6773176
1725353164.679
1725353164.7276657
1725353164.728578
1725353164.735557
1725353164.8379974
1725353164.838907
1725353164.8433867
1725353164.8439007
1725353164.8443363
1725353165.011875
1725353165.075863
1725353165.082753
1725353165.269614
1725353165.270696
1725353165.2716348
1725353165.3980749
1725353165.3996887
1725353165.438389
1725353165.4389396
1725353165.4956427
1725353165.5171316
1725353165.5176752
1725353165.62595
1725353165.6274698
1725353165.6280982
1725353165.6815538
1725353165.6830688
1725353165.8317108
1725353165.8487613
1725353165.8494751
1725353165.850046
1725353165.8676634
1725353165.869017
1725353165.880482
1725353165.8814042
1725353165.8883493
1725353165.9689493
1725353165.971013
1725353166.0481677
1725353166.0486841
1725353166.0505683
1725353166.1053672
1725353166.1060567
1725353166.1064875
1725353166.165047
1725353166.1662881
1725353166.1700547
1725353166.1705635
1725353166.4315543
1725353166.432067
1725353166.4328783
1725353166.4409022
1725353166.544669
1725353166.6861324
1725353166.6868649
1725353166.6874871
1725353166.6912143
1725353166.7363052
1725353166.737331
1725353166.7442482
1725353166.745739
1725353166.7674968
1725353166.7924254
1725353166.7933617
1725353166.9051971
1725353166.9057882
1725353166.946662
1725353166.949334
1725353167.0190864
1725353167.087745
1725353167.0922546
1725353167.0926912
1725353167.1003811
1725353167.1023164
1725353167.1558359
1725353167.1619124
1725353167.1625385
1725353167.1630976
1725353167.1867821
1725353167.187459
1725353167.1883256
1725353167.192309
1725353167.2378566
1725353167.2383037
1725353167.238781
1725353167.246034
1725353167.248344
1725353167.2999403
1725353167.3013928
1725353167.332723
1725353167.3591268
1725353167.5420752
1725353167.5425203
1725353167.5430403
1725353167.548623
1725353167.5517938
1725353167.58241
1725353167.663075
1725353167.6631064
1725353167.6631308
1725353167.6636446
1725353167.6681635
1725353167.741986
1725353167.892538
1725353167.9858859
1725353167.9877422
1725353168.0981803
1725353168.0986853
1725353168.100602
1725353168.1719615
1725353168.1728783
1725353168.1943898
1725353168.2189152
1725353168.2199867
1725353168.2252393
1725353168.2257073
1725353168.2264123
1725353168.395549
1725353168.4510322
1725353168.8059154
1725353168.8065073
1725353168.807309
1725353168.8707685
1725353168.8713317
1725353168.8721073
1725353169.0419023
1725353169.2302027
1725353169.2308893
1725353169.3421776
1725353169.3427432
1725353169.4205332
1725353169.4226863
1725353169.4736638
1725353169.551986
1725353169.674965
1725353169.780625
1725353169.7811952
1725353169.9336522
1725353169.9356344
1725353169.9425688
1725353169.943307
1725353170.0273612
1725353170.0282667
1725353170.029075
1725353170.2574456
1725353170.2578642
1725353170.331806
1725353170.3331444
1725353170.3338964
1725353170.334765
1725353170.4386182
1725353170.4394217
1725353170.5279877
1725353170.5284111
1725353170.528855
1725353170.5422413
1725353170.6265025
1725353170.6426928
1725353170.7068968
1725353170.70758
1725353170.7851815
1725353170.7864344
1725353170.802381
1725353170.930857
1725353170.9317346
1725353170.9325325
1725353171.0158644
1725353171.0206292
1725353171.0218525
1725353171.0908198
1725353171.091686
1725353171.191375
1725353171.1919756
1725353171.2581317
1725353171.3926785
1725353171.3933647
1725353171.394318
1725353171.465774
1725353171.5207322
1725353171.526675
1725353171.5282853
1725353171.5520682
1725353171.5535424
1725353171.5796137
1725353171.5802603
1725353171.5966713
1725353171.6600132
1725353171.663531
1725353171.6642737
1725353171.6647356
1725353171.6757543
1725353171.6780207
1725353171.6786952
1725353171.7576118
1725353171.813974
1725353171.8145902
1725353171.8163946
1725353171.8689623
1725353171.8694437
1725353171.9046204
1725353171.9059706
1725353171.9728153
1725353172.0701432
1725353172.0745943
1725353172.0782928
1725353172.091723
1725353172.0921333
1725353172.0925899
1725353172.1038275
1725353172.1162262
1725353172.1211193
1725353172.2935662
1725353172.2941637
1725353172.2946024
1725353172.2953146
1725353172.3607876
1725353172.4385495
1725353172.440339
1725353172.499406
1725353172.4998755
1725353172.5008433
1725353172.5077403
1725353172.7989414
1725353172.8205504
1725353172.9244678
1725353172.9258986
1725353172.948517
1725353172.9503162
1725353172.9728718
1725353172.973477
1725353173.0162
1725353173.0657623
1725353173.066304
1725353173.0674958
1725353173.1296766
1725353173.14681
1725353173.147353
1725353173.1481838
1725353173.159821
1725353173.180287
1725353173.1809173
1725353173.3886065
1725353173.390125
1725353173.390577
1725353173.4215624
1725353173.4220686
1725353173.5444055
1725353173.5447378
1725353173.5575566
1725353173.558844
1725353173.6015136
1725353173.617056
1725353173.6174712
1725353173.618027
1725353173.7072763
1725353173.739963
1725353173.7417934
1725353173.7557714
1725353173.7803228
1725353173.7828095
1725353173.7832296
1725353173.8074021
1725353173.90919
1725353173.9237838
1725353173.9558501
1725353173.9559453
1725353173.9560275
1725353173.956145
1725353174.083392
1725353174.1052747
1725353174.2589533
1725353174.26069
1725353174.262792
1725353174.2634306
1725353174.2641473
1725353174.2749736
1725353174.2756658
1725353174.2819674
1725353174.2830112
1725353174.2929041
1725353174.3468626
1725353174.347342
1725353174.3822923
1725353174.3836138
1725353174.421553
1725353174.424976
1725353174.453927
1725353174.587609
1725353174.5884686
1725353174.5890357
1725353174.5914443
1725353174.6068761
1725353174.6079922
1725353174.646999
1725353174.6475604
1725353174.658088
1725353174.6589448
1725353174.7225847
1725353174.7231767
1725353174.7237186
1725353174.724175
1725353174.7333515
1725353174.8257859
1725353174.8262851
1725353174.8602905
1725353174.8620005
1725353174.8624482
1725353174.913234
1725353175.083997
1725353175.0848818
1725353175.0940373
1725353175.095539
1725353175.1539285
1725353175.1544054
1725353175.1549165
1725353175.3351502
1725353175.4897158
1725353175.5382926
1725353175.538988
1725353175.5394378
1725353175.6719615
1725353175.674461
1725353175.7623353
1725353175.7631
1725353175.7642913
1725353175.768309
1725353175.8231819
1725353175.9005919
1725353176.176541
1725353176.1770794
1725353176.177785
1725353176.1808076
1725353176.2530084
1725353176.3461013
1725353176.3461368
1725353176.3461616
1725353176.3461986
1725353176.3754995
1725353176.3987517
1725353176.4383204
1725353176.4389186
1725353176.526451
1725353176.5343847
1725353176.5349555
1725353176.536083
1725353176.650502
1725353176.652192
1725353176.6526847
1725353176.7440486
1725353176.744714
1725353176.9703953
1725353176.9721744
1725353176.9726233
1725353177.1855211
1725353177.188067
1725353177.2861114
1725353177.3048892
1725353177.3061314
1725353177.413326
1725353177.4555478
1725353177.6885142
1725353177.6980045
1725353177.7976162
1725353177.7997532
1725353178.024235
1725353178.0252123
1725353178.0270202
1725353178.0283835
1725353178.0449486
1725353178.0466754
1725353178.085497
1725353178.086348
1725353178.1037526
1725353178.1043274
1725353178.106268
1725353178.212082
1725353178.4350529
1725353178.524614
1725353178.617198
1725353178.6179087
1725353178.6184206
1725353178.621429
1725353178.6472938
1725353178.647998
1725353178.6486537
1725353178.9093509
1725353178.909822
1725353178.93562
1725353178.9360883
1725353178.9365354
1725353179.0702894
1725353179.0744905
1725353179.075505
1725353179.0806632
1725353179.0811076
1725353179.0818388
1725353179.0844538
1725353179.1229885
1725353179.1246789
1725353179.1283104
1725353179.128921
1725353179.2469602
1725353179.2477958
1725353179.269082
1725353179.2697215
1725353179.2859309
1725353179.3034036
1725353179.3039885
1725353179.3044457
1725353179.3315632
1725353179.3678813
1725353179.3836067
1725353179.3843355
1725353179.4747384
1725353179.4758391
1725353179.5582874
1725353179.5591905
1725353179.5768893
1725353179.5780394
1725353179.5878804
1725353179.6229064
1725353179.6238027
1725353179.6362848
1725353179.637642
1725353179.6690352
1725353179.6697793
1725353179.7117481
1725353179.7825596
1725353179.786425
1725353179.7869675
1725353179.8004813
1725353180.0694551
1725353180.0709531
1725353180.1643395
1725353180.1648214
1725353180.1653028
1725353180.1897652
1725353180.1911807
1725353180.2009008
1725353180.2029266
1725353180.2869756
1725353180.2954245
1725353180.2971163
1725353180.4095807
1725353180.4100769
1725353180.4112022
1725353180.4114988
1725353180.5030885
1725353180.5049057
1725353180.6903877
1725353180.6914823
1725353180.7050397
1725353180.9696894
1725353180.9702833
1725353181.0380907
1725353181.0995903
1725353181.1245246
1725353181.1252291
1725353181.126027
1725353181.1351902
1725353181.2356646
1725353181.2377336
1725353181.2488215
1725353181.371264
1725353181.3718598
1725353181.37279
1725353181.4421473
1725353181.4530032
1725353181.4539952
1725353181.4615915
1725353181.4995303
1725353181.5097597
1725353181.5103507
1725353181.5108535
1725353181.5113182
1725353181.5479622
1725353181.6068532
1725353181.6088772
1725353181.6293705
1725353181.7537386
1725353181.7542598
1725353181.7553139
1725353181.8638093
1725353181.867121
1725353181.895553
1725353181.8963673
1725353181.8970659
1725353181.8974702
1725353181.9245586
1725353181.925287
1725353181.9294279
1725353181.93025
1725353181.9895387
1725353181.9900517
1725353182.0980566
1725353182.143758
1725353182.1460493
1725353182.1844652
1725353182.1850543
1725353182.3187697
1725353182.320209
1725353182.4154668
1725353182.4160767
1725353182.4228702
1725353182.4297602
1725353182.4298546
1725353182.4299345
1725353182.4300516
1725353182.433252
1725353182.6188254
1725353182.7417383
1725353182.8887653
1725353182.9871786
1725353182.9877813
1725353182.9950066
1725353182.9965622
1725353183.0095608
1725353183.0898106
1725353183.0902455
1725353183.1224902
1725353183.123702
1725353183.1243627
1725353183.134998
1725353183.3723946
1725353183.3742864
1725353183.4328384
1725353183.4333167
1725353183.434119
1725353183.490372
1725353183.585117
1725353183.585613
1725353183.5872657
1725353183.5994737
1725353183.7960653
1725353183.797085
1725353183.8096519
1725353183.816124
1725353183.8566706
1725353183.8572848
1725353183.8586762
1725353183.8757792
1725353183.876967
1725353183.8785238
1725353184.0050051
1725353184.00555
1725353184.0064723
1725353184.1093755
1725353184.2137556
1725353184.2924845
1725353184.3130567
1725353184.3136714
1725353184.314267
1725353184.315289
1725353184.3159635
1725353184.4395256
1725353184.4741755
1725353184.4748383
1725353184.665282
1725353184.6657836
1725353184.6664703
1725353184.745645
1725353184.7948961
1725353184.798291
1725353184.7993648
1725353184.8006902
1725353184.8903506
1725353185.0527203
1725353185.0535963
1725353185.0545201
1725353185.0623038
1725353185.193853
1725353185.1958547
1725353185.1963232
1725353185.347758
1725353185.3875813
1725353185.3880167
1725353185.3910015
1725353185.3922246
1725353185.5336428
1725353185.6475909
1725353185.6485314
1725353185.6490676
1725353185.6553037
1725353185.6998482
1725353185.7022672
1725353185.7037401
1725353185.7429097
1725353185.7436323
1725353185.7934232
1725353185.8151493
1725353185.8156214
1725353185.8982537
1725353186.0964189
1725353186.0978916
1725353186.105336
1725353186.292319
1725353186.2927632
1725353186.4320917
1725353186.4468143
1725353186.447306
1725353186.4481025
1725353186.4842088
1725353186.485491
1725353186.4860106
1725353186.6167297
1725353186.6861467
1725353186.6867461
1725353186.716229
1725353186.7871592
1725353186.7880242
1725353186.810455
1725353186.810982
1725353187.083907
1725353187.097541
1725353187.0982313
1725353187.0992637
1725353187.169184
1725353187.2776206
1725353187.2780824
1725353187.2791307
1725353187.4088128
1725353187.4092124
1725353187.4486184
1725353187.4626803
1725353187.4631674
1725353187.529417
1725353187.5300653
1725353187.5872698
1725353187.5972054
1725353187.6074872
1725353187.6230273
1725353187.624121
1725353187.666144
1725353187.666981
1725353187.6961422
1725353187.7357748
1725353187.7364006
1725353187.7413404
1725353187.7421217
1725353187.7876894
1725353187.788844
1725353187.7899742
1725353187.8536146
1725353187.8540692
1725353187.972695
1725353187.9733136
1725353187.9741282
1725353188.0282254
1725353188.162753
1725353188.1636899
1725353188.1814115
1725353188.182307
1725353188.1832952
1725353188.1969552
1725353188.254517
1725353188.257175
1725353188.6047215
1725353188.6057796
1725353188.9295871
1725353188.9304013
1725353188.9641917
1725353189.0231335
1725353189.0305812
1725353189.0312185
1725353189.031309
1725353189.0313916
1725353189.031685
1725353189.041887
1725353189.1849673
1725353189.2031565
1725353189.3358076
1725353189.336741
1725353189.4387512
1725353189.4853957
1725353189.4858856
1725353189.486972
1725353189.5652165
1725353189.574536
1725353189.5770774
1725353189.6585271
1725353189.6591709
1725353189.676412
1725353189.6774364
1725353189.7166424
1725353189.8983557
1725353189.8992655
1725353189.8997405
1725353190.053931
1725353190.0547793
1725353190.1361237
1725353190.1367722
1725353190.139533
1725353190.2448514
1725353190.2458656
1725353190.2464778
1725353190.3407953
1725353190.341492
1725353190.3419518
1725353190.3619306
1725353190.3623788
1725353190.3655195
1725353190.3953621
1725353190.4677365
1725353190.5412219
1725353190.5416372
1725353190.5637388
1725353190.5836713
1725353190.5928562
1725353190.5936816
1725353190.5945203
1725353190.6367419
1725353190.697078
1725353191.1888494
1725353191.359322
1725353191.4511652
1725353191.452874
1725353191.4533381
1725353191.4537902
1725353191.4849694
1725353191.5192444
1725353191.5199168
1725353191.5318189
1725353191.550117
1725353191.5505574
1725353191.56957
1725353191.5938869
1725353191.6053665
1725353191.6157866
1725353191.6162364
1725353191.6171823
1725353191.6473458
1725353191.6794658
1725353191.679983
1725353191.6804557
1725353191.726642
1725353191.727153
1725353191.7521412
1725353191.866856
1725353191.868236
1725353191.9003146
1725353191.902042
1725353191.902568
1725353191.9058635
1725353191.9802818
1725353191.991465
1725353192.0122876
1725353192.0129573
1725353192.0275886
1725353192.0352483
1725353192.035836
1725353192.1170378
1725353192.1659443
1725353192.170575
1725353192.316489
1725353192.3171868
1725353192.4353333
1725353192.49933
1725353192.5011868
1725353192.5029507
1725353192.5585098
1725353192.5593936
1725353192.6702778
1725353192.6705854
1725353192.7892292
1725353192.790866
1725353192.8237517
1725353192.825204
1725353192.8644912
1725353192.8662007
1725353192.9271815
1725353192.9276245
1725353192.9283972
1725353193.2901416
1725353193.2932045
1725353193.293686
1725353193.3011982
1725353193.302675
1725353193.3814676
1725353193.381948
1725353193.3825576
1725353193.4049566
1725353193.414087
1725353193.4149058
1725353193.421759
1725353193.4593153
1725353193.4617252
1725353193.5074656
1725353193.5079281
1725353193.5754693
1725353193.5759182
1725353193.5765703
1725353193.6194143
1725353193.6207206
1725353193.623579
1725353193.6338248
1725353193.6349592
1725353193.7792878
1725353193.816098
1725353193.8833315
1725353193.9720256
1725353193.9764373
1725353193.9769568
1725353194.0175006
1725353194.0508327
1725353194.0509508
1725353194.212809
1725353194.253043
1725353194.2994354
1725353194.29997
1725353194.300492
1725353194.3582594
1725353194.3685594
1725353194.3690453
1725353194.4402692
1725353194.4443593
1725353194.4858105
1725353194.5246828
1725353194.5255027
1725353194.5263896
1725353194.5486143
1725353194.5489902
1725353194.6009843
1725353194.6091578
1725353194.6120338
1725353194.6478574
1725353194.670348
1725353194.670982
1725353194.6824849
1725353194.6923504
1725353194.6962922
1725353194.7110896
1725353194.712848
1725353194.7287939
1725353194.7357078
1725353194.7607422
1725353194.7678535
1725353194.7847872
1725353194.802378
1725353194.8327982
1725353194.8449562
1725353194.8585694
1725353194.8591044
1725353194.860057
1725353194.87293
1725353194.9017663
1725353194.9049826
1725353194.9201586
1725353194.934039
1725353194.9342937
1725353194.950258
1725353194.9683242
1725353195.0042593
1725353195.0358791
1725353195.052961
1725353195.0715404
1725353195.0727663
1725353195.0732422
1725353195.0863457
1725353195.0884607
1725353195.1062763
1725353195.1089408
1725353195.1288989
1725353195.1383643
1725353195.1388545
1725353195.1471076
1725353195.1531126
1725353195.16009
1725353195.1854548
1725353195.207386
1725353195.208794
1725353195.3107834
1725353195.3114092
1725353195.3516958
1725353195.3948371
1725353195.4146438
1725353195.4151242
1725353195.448913
1725353195.4496002
1725353195.4515405
1725353195.5301197
1725353195.5337145
1725353195.567068
1725353195.5711977
1725353195.572561
1725353195.573505
1725353195.6132774
1725353195.6159961
1725353195.617749
1725353195.619581
1725353195.6241047
1725353195.629066
1725353195.6592302
1725353195.6597223
1725353195.6603878
1725353195.6795518
1725353195.6799254
1725353195.6813726
1725353195.6834679
1725353195.6943521
1725353195.6999998
1725353195.7025836
1725353195.7134848
1725353195.7143517
1725353195.7245376
1725353195.78575
1725353195.7864213
1725353195.8524475
1725353195.8609643
1725353195.9611788
1725353195.9616368
1725353195.9621258
1725353195.9769516
1725353196.0212839
1725353196.0217743
1725353196.087869
1725353196.0883183
1725353196.1180277
1725353196.126767
1725353196.146624
1725353196.15232
1725353196.1595604
1725353196.161458
1725353196.1640534
1725353196.168109
1725353196.2235575
1725353196.2690306
1725353196.2722833
1725353196.3385646
1725353196.3391736
1725353196.3820713
1725353196.4257634
1725353196.4294946
1725353196.4398766
1725353196.4410567
1725353196.4526172
1725353196.460361
1725353196.475729
1725353196.476129
1725353196.48484
1725353196.490328
1725353196.491852
1725353196.4982407
1725353196.4993334
1725353196.5183837
1725353196.5194013
1725353196.5201633
1725353196.5328016
1725353196.5340805
1725353196.5341163
1725353196.534999
1725353196.5374944
1725353196.540737
1725353196.5455368
1725353196.6115801
1725353196.6119792
1725353196.6359508
1725353196.6363983
1725353196.6374311
1725353196.6428938
1725353196.648994
1725353196.6527202
1725353196.6642237
1725353196.6649406
1725353196.711763
1725353196.7145703
1725353196.7163377
1725353196.7385364
1725353196.7390826
1725353196.739902
1725353196.773935
1725353196.779182
1725353196.780684
1725353196.7844322
1725353196.7984054
1725353196.8239594
1725353196.8243763
1725353196.8354435
1725353196.836455
1725353196.8369985
1725353196.8452814
1725353196.8468
1725353196.8493114
1725353196.850571
1725353196.867735
1725353196.8684568
1725353196.8689
1725353196.9040153
1725353196.932171
1725353196.936269
1725353196.9480727
1725353196.9524553
1725353196.980482
1725353196.9811554
1725353197.0003917
1725353197.0017648
1725353197.0023687
1725353197.010766
1725353197.0174751
1725353197.0183449
1725353197.0494812
1725353197.0508873
1725353197.0854805
1725353197.093162
1725353197.0936887
1725353197.0937164
1725353197.0982246
1725353197.098954
1725353197.142885
1725353197.159721
1725353197.1638691
1725353197.1678817
1725353197.1984906
1725353197.2004542
1725353197.2118053
1725353197.2146642
1725353197.2460032
1725353197.2480764
1725353197.2492874
1725353197.250191
1725353197.2515492
1725353197.2744286
1725353197.2750125
1725353197.275508
1725353197.2873769
1725353197.2887566
1725353197.2896736
1725353197.291992
1725353197.293875
1725353197.2978327
1725353197.3227956
1725353197.323174
1725353197.32353
1725353197.3239431
1725353197.3553455
1725353197.356103
1725353197.3567152
1725353197.3883798
1725353197.3891995
1725353197.5160317
1725353197.5163705
1725353197.5254822
1725353197.5258348
1725353197.6672063
1725353197.6692216
1725353197.690247
1725353197.690605
1725353197.6994865
1725353197.7027938
1725353197.7193062
1725353197.7282755
1725353197.7287042
1725353197.7398202
1725353197.7677693
1725353197.7684758
1725353197.791193
1725353197.79197
1725353197.8254132
1725353197.835849
1725353197.8380888
1725353197.8429012
1725353197.8959308
1725353197.9012184
1725353197.9012494
1725353197.901275
1725353197.9014046
1725353197.9561195
1725353197.9576836
1725353197.9583282
1725353197.9603648
1725353197.960551
1725353197.963679
1725353197.9641044
1725353197.964718
1725353197.9716587
1725353197.9723692
1725353198.017783
1725353198.0207891
1725353198.0364983
1725353198.0423014
1725353198.0439754
1725353198.0686548
1725353198.081193
1725353198.2406907
1725353198.2410436
1725353198.2438855
1725353198.2442338
1725353198.2495048
1725353198.2503846
1725353198.2510018
1725353198.4093165
1725353198.4101074
1725353198.410409
1725353198.4410927
1725353198.4413762
1725353198.4418602
1725353198.4463992
1725353198.4471688
1725353198.4989235
1725353198.4997206
1725353198.500419
1725353198.6190069
1725353198.6696181
1725353198.6711674
1725353198.6714814
1725353198.6720753
1725353198.7476857
1725353198.7486098
1725353198.7489555
1725353198.7511494
1725353198.778572
1725353198.780195
1725353198.7804744
1725353198.781079
1725353198.8051648
1725353198.8112884
1725353198.8453174
1725353198.849823
1725353198.8518696
1725353198.852654
1725353198.8901105
1725353198.892037
1725353198.9007595
1725353198.9051478
1725353198.907292
1725353198.91511
1725353198.919422
1725353198.9279842
1725353198.9301348
1725353198.936759
1725353198.9374874
1725353198.9379551
1725353198.9384897
1725353198.9642076
1725353198.9656076
1725353198.989615
1725353198.9922247
1725353199.0078073
1725353199.011391
1725353199.0121214
1725353199.1282032
1725353199.1286688
1725353199.2685292
1725353199.2696133
1725353199.270308
1725353199.271126
1725353199.3625891
1725353199.3628957
1725353199.3704658
1725353199.371145
1725353199.3716784
1725353199.4000695
1725353199.4003692
1725353199.403384
1725353199.404459
1725353199.4048262
1725353199.4444609
1725353199.444933
1725353199.4454942
1725353199.4523864
1725353199.454282
1725353199.4548771
1725353199.4939163
1725353199.522372
1725353199.5237947
1725353199.5286396
1725353199.5307066
1725353199.5332532
1725353199.5337176
1725353199.5364351
1725353199.5374162
1725353199.5466805
1725353199.5472617
1725353199.555668
1725353199.5565531
1725353199.5576968
1725353199.558338
1725353199.5585651
1725353199.5616426
1725353199.5987866
1725353199.6017375
1725353199.6031733
1725353199.60378
1725353199.608217
1725353199.6088095
1725353199.610239
1725353199.6160274
1725353199.616728
1725353199.6176367
1725353199.6181011
1725353199.6182535
1725353199.6187751
1725353199.6240377
1725353199.6245983
1725353199.62484
1725353199.625541
1725353199.6411214
1725353199.6472816
1725353199.697299
1725353199.698051
1725353199.6985073
1725353199.6990304
1725353199.6992826
1725353199.7075484
1725353199.707785
1725353199.708177
1725353199.7084026
1725353199.708978
1725353199.7094905
1725353199.7814677
1725353199.7817369
1725353199.7822678
1725353199.7824948
1725353199.7830334
1725353199.7834072
1725353199.8285658
1725353199.8380399
1725353199.8384266
1725353199.8391922
1725353199.8394346
1725353199.8399305
1725353199.8402753
1725353199.8454046
1725353199.9262688
1725353199.9293685
1725353199.929807
1725353199.9300747
1725353199.9303248
1725353199.9307525
1725353199.9311883
1725353200.0470297
1725353200.0473063
1725353200.047939
1725353200.0481768
1725353200.0484512
1725353200.049092
1725353200.0492945
1725353200.0551624
1725353200.0552235
1725353200.055788
1725353200.0559146
1725353200.0560315
1725353200.0560904
1725353200.0561483
1725353200.0562117
1725353200.0566034
1725353200.0566707
1725353200.056742
1725353200.0568047
1725353200.0568743
1725353200.0569537
1725353200.0570424
1725353200.1055312
1725353200.1177745
1725353200.1178434
1725353200.1179085
1725353200.1180046
1725353200.118074
1725353200.118135
1725353200.1188383
1725353200.118902
1725353200.1189697
1725353200.119044
1725353200.1190925
1725353200.1191826
1725353200.1192677
1725353200.1193244
1725353200.119375
1725353200.119438
1725353200.1194987
1725353200.1196508
1725353200.1197364
1725353200.1198132
1725353200.1198835
1725353200.1199706
1725353200.132117
1725353200.1855423
1725353200.21462
1725353200.216171
1725353200.2162294
1725353200.2162871
1725353200.2163582
1725353200.216569
1725353200.2167664
1725353200.2168403
1725353200.2168634
1725353200.2168875
1725353200.2169101
1725353200.6807458
1725353200.689427
1725353200.690967
1725353200.6929245
1725353200.7221487
1725353200.7235866
1725353200.9686701
1725353200.9735556
1725353200.9859743
1725353200.986959
1725353200.9981246
1725353201.1422565
1725353201.173886
1725353201.1744173
1725353201.2158244
1725353201.4111347
1725353201.4118707
1725353201.4266586
1725353201.4632735
1725353201.4674401
1725353201.4697988
1725353201.4965253
1725353201.5030332
1725353201.5584283
1725353201.5670989
1725353201.572321
1725353201.5757313
1725353201.780717
1725353201.7995498
1725353201.8010676
1725353201.8101778
1725353201.8114967
1725353201.8617203
1725353201.8631375
1725353201.913056
1725353201.948648
1725353202.0083666
1725353202.0822673
1725353202.1215434
1725353202.1231093
1725353202.1353586
1725353202.1419754
1725353202.161932
1725353202.1634223
1725353202.2348719
1725353202.2373016
1725353202.238745
1725353202.2446077
1725353202.2680795
1725353202.270395
1725353202.2745173
1725353202.3449268
1725353202.3487473
1725353202.3501706
1725353202.354237
1725353202.53821
1725353202.579889
1725353202.5855994
1725353202.5891705
1725353202.7579768
1725353202.7812676
1725353202.9994128
1725353203.0009007
1725353203.0041668
1725353203.0073888
1725353203.3284943
1725353203.3451614
1725353203.3459988
1725353203.3844182
1725353203.421698
1725353203.4323468
1725353203.4441419
1725353203.456476
1725353203.4584174
1725353203.4604719
1725353203.4969811
1725353203.4975526
1725353203.4982615
1725353203.5135078
1725353203.5157456
1725353203.524194
1725353203.5585823
1725353203.562386
1725353203.7127364
1725353203.7222316
1725353203.7968364
1725353203.797369
1725353204.2535374
1725353204.280601
1725353204.3116775
1725353204.3508818
1725353204.3524213
1725353204.3605556
1725353204.3945467
1725353204.6302633
1725353204.6348183
1725353204.635704
1725353204.6471143
1725353204.6483033
1725353204.848793
1725353204.8504248
1725353204.8515837
1725353204.940447
1725353204.9404898
1725353204.9405253
1725353204.9405885
1725353204.9695144
1725353205.0315583
1725353205.032906
1725353205.035464
1725353205.0557852
1725353205.056608
1725353205.2312806
1725353205.2336092
1725353205.2360544
1725353205.4724689
1725353205.4738314
1725353205.478302
1725353205.5329235
1725353205.5357544
1725353205.5363495
1725353205.5462809
1725353205.5664747
1725353205.589693
1725353205.873995
1725353205.889493
1725353206.011297
1725353206.0167449
1725353206.0199172
1725353206.0205185
1725353206.0221503
1725353206.0238857
1725353206.033992
1725353206.1242025
1725353206.280805
1725353206.2849665
1725353206.2941663
1725353206.3323197
1725353206.388007
1725353206.3912165
1725353206.4228075
1725353206.5781527
1725353206.630037
1725353206.683721
1725353206.6847067
1725353206.6904848
1725353206.6948147
1725353206.7106252
1725353206.7311907
1725353206.731503
1725353206.8976407
1725353206.901234
1725353206.918495
1725353206.9194374
1725353206.9990864
1725353207.0145493
1725353207.0161114
1725353207.017589
1725353207.041014
1725353207.0445473
1725353207.2195258
1725353207.2200809
1725353207.431694
1725353207.436218
1725353207.5068762
1725353207.507804
1725353207.5091293
1725353207.5130153
1725353207.549936
1725353207.5519445
1725353207.5941231
1725353207.6562135
1725353207.6583223
1725353207.659542
1725353207.8476157
1725353207.8488855
1725353207.8662148
1725353207.8708856
1725353207.8731499
1725353207.874497
1725353207.8914511
1725353207.8942277
1725353207.8960125
1725353207.9045463
1725353207.920551
1725353208.100934
1725353208.1314738
1725353208.1314979
1725353208.131515
1725353208.1315894
1725353208.145271
1725353208.1661978
1725353208.2494957
1725353208.2510388
1725353208.331463
1725353208.3327544
1725353208.350496
1725353208.353814
1725353208.360276
1725353208.3699315
1725353208.3728933
1725353208.5506642
1725353208.7917063
1725353208.7943375
1725353208.7972126
1725353208.7991917
1725353208.9505203
1725353208.9522352
1725353209.1062896
1725353209.237506
1725353209.24064
1725353209.2422566
1725353209.2438369
1725353209.2686434
1725353209.2855937
1725353209.3111193
1725353209.323844
1725353209.3941588
1725353209.4122815
1725353209.418871
1725353209.4216785
1725353209.4231398
1725353209.4244428
1725353209.4420164
1725353209.5559607
1725353209.5573375
1725353209.5585928
1725353209.711032
1725353209.778208
1725353209.7948685
1725353209.8068705
1725353209.8422945
1725353209.8473268
1725353209.8846817
1725353209.8945704
1725353209.9691713
1725353209.978854
1725353209.9940412
1725353209.9969869
1725353210.044748
1725353210.0719817
1725353210.0852935
1725353210.0997865
1725353210.1004245
1725353210.1130586
1725353210.114394
1725353210.1162713
1725353210.1194923
1725353210.1363244
1725353210.139373
1725353210.1494367
1725353210.1635332
1725353210.18252
1725353210.196085
1725353210.2095664
1725353210.223758
1725353210.389249
1725353210.3911908
1725353210.4101706
1725353210.4258056
1725353210.429921
1725353210.4408898
1725353210.441202
1725353210.4416757
1725353210.4523327
1725353210.4550924
1725353210.4625244
1725353210.4775043
1725353210.4884102
1725353210.5060909
1725353210.5462968
1725353210.5589628
1725353210.5813162
1725353210.5889769
1725353210.603454
1725353210.6199703
1725353210.6557639
1725353210.6596057
1725353210.6706316
1725353210.7043257
1725353210.7211087
1725353210.745603
1725353210.7631822
1725353210.7751513
1725353210.7923858
1725353210.812186
1725353210.823664
1725353210.8535802
1725353210.866719
1725353210.873194
1725353210.8875923
1725353210.903859
1725353210.9225843
1725353210.9375925
1725353210.9598668
1725353210.9800227
1725353210.9924588
1725353211.0091426
1725353211.0322149
1725353211.0437348
1725353211.0616884
1725353211.0782857
1725353211.0883136
1725353211.1083167
1725353211.1252766
1725353211.1616466
1725353211.1792173
1725353211.1993093
1725353211.2056887
1725353211.2293804
1725353211.2403653
1725353211.2646573
1725353211.2711751
1725353211.3162556
1725353211.331942
1725353211.3447175
1725353211.3553734
1725353211.3894374
1725353211.43558
1725353211.4613755
1725353211.4799678
1725353211.4899824
1725353211.5291665
1725353211.5443764
1725353211.6036644
1725353211.6062918
1725353211.606948
1725353211.616528
1725353211.633925
1725353211.648952
1725353211.6617367
1725353211.6843145
1725353211.6965907
1725353211.7117834
1725353211.7488163
1725353211.7871315
1725353211.7986238
1725353211.8104646
1725353211.8274858
1725353211.8449175
1725353211.8646066
1725353211.879377
1725353211.911395
1725353212.369673
1725353212.3728805
1725353212.4128628
1725353212.455613
1725353212.4612725
1725353212.466995
1725353212.4748523
1725353212.4765866
1725353212.481472
1725353212.492774
1725353212.4990623
1725353212.504183
1725353212.5078492
1725353212.5194619
1725353212.5199802
1725353212.521913
1725353212.535201
1725353212.537296
1725353212.6858563
1725353212.7077138
1725353212.7181506
1725353212.719438
1725353212.7247522
1725353212.7273736
1725353212.7340403
1725353212.7419705
1725353212.7589443
1725353212.7984035
1725353212.804402
1725353212.8291934
1725353212.8425813
1725353212.8573313
1725353212.8782306
1725353212.9021595
1725353212.9105477
1725353212.936727
1725353212.9530342
1725353212.9693058
1725353212.9785542
1725353212.9957044
1725353213.011614
1725353213.0299275
1725353213.051356
1725353213.0624683
1725353213.0785625
1725353213.134764
1725353213.1354275
1725353213.1482587
1725353213.1671891
1725353213.1872363
1725353213.1995368
1725353213.2203972
1725353213.2501938
1725353213.268558
1725353213.288072
1725353213.303797
1725353213.321891
1725353213.3380268
1725353213.3512118
1725353213.3703818
1725353213.3895876
1725353213.403748
1725353213.4244764
1725353213.439548
1725353213.4729898
1725353213.492801
1725353213.5060384
1725353213.52843
1725353213.5387955
1725353213.5546255
1725353213.567955
1725353213.6028583
1725353213.6267917
1725353213.637481
1725353213.6550033
1725353213.6861904
1725353213.6995056
1725353213.720187
1725353213.7321358
1725353213.7708743
1725353213.7851284
1725353213.8024783
1725353213.8131263
1725353213.8325098
1725353213.8484411
1725353213.8887084
1725353213.9055302
1725353213.9321294
1725353213.9332855
1725353213.9514475
1725353213.9681442
1725353213.9789884
1725353213.994966
1725353214.011272
1725353214.0446937
1725353214.0595818
1725353214.0783134
1725353214.094973
1725353214.118546
1725353214.133405
1725353214.1417189
1725353214.1588035
1725353214.1754403
1725353214.1968715
1725353214.2080045
1725353214.238052
1725353214.2548752
1725353214.269289
1725353214.2881114
1725353214.3009846
1725353214.3276112
1725353214.33682
1725353214.3513112
1725353214.3671849
1725353214.3835962
1725353214.403037
1725353214.4258454
1725353214.4400682
1725353214.4521296
1725353214.4640636
1725353214.5049398
1725353214.5338907
1725353214.5491474
1725353214.5686917
1725353214.5769932
1725353214.5907872
1725353214.6075532
1725353214.6242929
1725353214.669435
1725353214.6808033
1725353214.687356
1725353214.7046375
1725353214.7439797
1725353214.779084
1725353214.801987
1725353214.8264992
1725353214.8282964
1725353214.8760784
1725353214.8949816
1725353214.943012
1725353214.9524121
1725353214.95556
1725353214.9604685
1725353214.9750533
1725353214.9984386
1725353215.0091062
1725353215.0270941
1725353215.0443618
1725353215.0649786
1725353215.095611
1725353215.1394727
1725353215.1489174
1725353215.1623213
1725353215.175855
1725353215.1971812
1725353215.2121832
1725353215.2278385
1725353215.2654853
1725353215.2784402
1725353215.2918704
1725353215.3112316
1725353215.321969
1725353215.352533
1725353215.3613815
1725353215.3803442
1725353215.3973386
1725353215.4132652
1725353215.4340866
1725353215.4511628
1725353215.4657714
1725353215.4818678
1725353215.4936755
1725353215.5342247
1725353215.5631247
1725353215.5657356
1725353215.5796266
1725353215.5965407
1725353215.6131968
1725353215.6296542
1725353215.6519847
1725353215.6613767
1725353215.683533
1725353215.718497
1725353215.7499309
1725353215.759891
1725353215.77797
1725353215.7945929
1725353215.810863
1725353215.827756
1725353215.842542
1725353215.8774507
1725353215.8879995
1725353215.9058607
1725353215.9317145
1725353215.9674723
1725353215.993642
1725353216.0084145
1725353216.0278854
1725353216.075295
1725353216.0808656
1725353216.0964737
1725353216.1348696
1725353216.1435032
1725353216.1612828
1725353216.173758
1725353216.2013562
1725353216.2191467
1725353216.23716
1725353216.2521365
1725353216.2620099
1725353216.2809258
1725353216.2985847
1725353216.311592
1725353216.3253305
1725353216.346862
1725353216.3624449
1725353216.3787847
1725353216.3922727
1725353216.4113853
1725353216.443522
1725353216.4612706
1725353216.4775138
1725353216.492644
1725353216.5131989
1725353216.531672
1725353216.5514793
1725353216.5800383
1725353216.5964246
1725353216.6117837
1725353216.629873
1725353216.649874
1725353216.671064
1725353216.684802
1725353216.7053483
1725353216.7198608
1725353216.7326918
1725353216.7523396
1725353216.7678473
1725353216.8008497
1725353216.8170009
1725353216.8320663
1725353216.847868
1725353216.86685
1725353216.883174
1725353216.90215
1725353217.1400325
1725353217.1482878
1725353217.1593826
1725353217.160723
1725353217.1618524
1725353217.171401
1725353217.1782875
1725353217.1928759
1725353217.2033186
1725353217.2444336
1725353217.296046
1725353217.2985597
1725353217.3092618
1725353217.3226328
1725353217.3375704
1725353217.3575053
1725353217.3673823
1725353217.3851488
1725353217.4250324
1725353217.4378767
1725353217.451882
1725353217.4708762
1725353217.4865532
1725353217.5015507
1725353217.5151215
1725353217.5323865
1725353217.556427
1725353217.5685842
1725353217.7800803
1725353217.7827291
1725353217.7850766
1725353217.7880194
1725353217.7928014
1725353217.8050842
1725353217.8069563
1725353217.8095636
1725353217.835292
1725353217.8363445
1725353217.8627214
1725353217.8783371
1725353217.8918867
1725353217.907563
1725353218.1336873
1725353218.1366546
1725353218.1380634
1725353218.1459892
1725353218.1661012
1725353218.1949022
1725353218.196515
1725353218.361227
1725353218.3662796
1725353218.3795652
1725353218.386018
1725353218.3875177
1725353218.3985326
1725353218.401307
1725353218.4033768
1725353218.4064069
1725353218.4104683
1725353218.41673
1725353218.4466963
1725353218.4805841
1725353218.4858987
1725353218.5019126
1725353218.5266092
1725353218.5496466
1725353218.5686336
1725353218.5831833
1725353218.615628
1725353218.6468987
1725353218.6540518
1725353218.664179
1725353218.6801934
1725353218.8328965
1725353218.8351405
1725353218.8544464
1725353218.8687465
1725353218.8697014
1725353218.8746254
1725353218.8908322
1725353218.8928416
1725353218.917115
1725353218.930725
1725353218.9444034
1725353218.9453118
1725353218.9484024
1725353218.9655495
1725353218.9833064
1725353218.998294
1725353219.0196276
1725353219.033297
1725353219.075401
1725353219.0996637
1725353219.128682
1725353219.1493945
1725353219.3041565
1725353219.3054981
1725353219.3155162
1725353219.3258893
1725353219.3272378
1725353219.3391807
1725353219.3409283
1725353219.3485756
1725353219.36829
1725353219.3728535
1725353219.3926423
1725353219.4259112
1725353219.4400928
1725353219.4621615
1725353219.493554
1725353219.515269
1725353219.526247
1725353219.5475798
1725353219.5596712
1725353219.5854435
1725353219.6045835
1725353219.6235135
1725353219.631001
1725353219.6696978
1725353219.67629
1725353219.828363
1725353219.8296413
1725353219.8355308
1725353219.848943
1725353219.8593554
1725353219.8618028
1725353219.873736
1725353219.8773615
1725353219.8781502
1725353219.8801496
1725353219.8917706
1725353219.9040174
1725353219.922491
1725353219.9529746
1725353219.969259
1725353219.9875233
1725353219.9970398
1725353220.0236616
1725353220.0412967
1725353220.0544057
1725353220.0729258
1725353220.0896597
1725353220.1040673
1725353220.1223333
1725353220.1361752
1725353220.172431
1725353220.1881793
1725353220.3684473
1725353220.377369
1725353220.3782518
1725353220.3815384
1725353220.3829594
1725353220.3906007
1725353220.3973746
1725353220.408367
1725353220.4243653
1725353220.6245508
1725353220.6348145
1725353220.6436565
1725353220.644477
1725353220.6456614
1725353220.6465437
1725353220.6745148
1725353220.676083
1725353220.6770444
1725353220.687506
1725353220.7053266
1725353220.7225134
1725353220.736613
1725353220.7717466
1725353220.7923183
1725353220.8134367
1725353220.8287966
1725353220.849193
1725353220.8589938
1725353220.877634
1725353220.8922045
1725353220.9213724
1725353220.928285
1725353220.9441605
1725353220.9745708
1725353220.9936645
1725353221.0121465
1725353221.025049
1725353221.0432994
1725353221.067463
1725353221.081719
1725353221.0973048
1725353221.2527199
1725353221.254645
1725353221.2580996
1725353221.259417
1725353221.2692618
1725353221.2730193
1725353221.2832966
1725353221.2881663
1725353221.3039641
1725353221.3250322
1725353221.3364313
1725353221.5349412
1725353221.5463607
1725353221.5487783
1725353221.5488102
1725353221.5488365
1725353221.5493064
1725353221.556618
1725353221.5758634
1725353221.5921288
1725353221.5964963
1725353221.6237442
1725353221.643054
1725353221.8035676
1725353221.804592
1725353221.814444
1725353221.8282814
1725353221.8288212
1725353221.8414533
1725353221.8426652
1725353221.8499036
1725353221.8512235
1725353221.8525126
1725353221.862127
1725353221.8872538
1725353221.9061081
1725353221.9235666
1725353221.932562
1725353221.9493032
1725353221.9670806
1725353221.98566
1725353222.018139
1725353222.0356023
1725353222.0483243
1725353222.0672338
1725353222.0853126
1725353222.0977428
1725353222.1193445
1725353222.1327944
1725353222.154434
1725353222.176717
1725353222.2005913
1725353222.2120104
1725353222.223828
1725353222.237882
1725353222.2595417
1725353222.2991672
1725353222.3116353
1725353222.3332791
1725353222.3426077
1725353222.3558102
1725353222.3718524
1725353222.3875148
1725353222.4065628
1725353222.4309342
1725353222.436844
1725353222.4808736
1725353222.5056407
1725353222.5218601
1725353222.5447643
1725353222.5618584
1725353222.5731566
1725353222.597427
1725353222.6072388
1725353222.6492355
1725353222.665395
1725353222.8925502
1725353222.8993223
1725353222.9000664
1725353222.9021063
1725353222.909349
1725353222.9114094
1725353222.9168994
1725353222.926702
1725353222.9305003
1725353222.9439447
1725353222.9553714
1725353222.974329
1725353222.9922035
1725353223.0078683
1725353223.0234268
1725353223.1879885
1725353223.1905963
1725353223.1999881
1725353223.2020354
1725353223.2081926
1725353223.2092774
1725353223.2119048
1725353223.2292454
1725353223.2383232
1725353223.2479491
1725353223.27341
1725353223.290596
1725353223.3084986
1725353223.5651827
1725353223.568291
1725353223.571119
1725353223.5792124
1725353223.580572
1725353223.5911498
1725353223.6111472
1725353223.619198
1725353223.6418846
1725353223.657638
1725353223.676359
1725353223.6933877
1725353223.7197287
1725353223.7607124
1725353223.7742229
1725353223.7815218
1725353223.9757178
1725353223.9916482
1725353223.9937425
1725353224.0062826
1725353224.0094926
1725353224.0233283
1725353224.0381854
1725353224.0548034
1725353224.0681763
1725353224.0823417
1725353224.0972795
1725353224.1249733
1725353224.1326785
1725353224.1528158
1725353224.1888382
1725353224.3468835
1725353224.3499293
1725353224.3519619
1725353224.3597589
1725353224.3623714
1725353224.3641682
1725353224.3794188
1725353224.3810153
1725353224.3872023
1725353224.6120694
1725353224.614193
1725353224.6191914
1725353224.6210096
1725353224.6246536
1725353224.6254184
1725353224.6310656
1725353224.633828
1725353224.6352532
1725353224.6434307
1725353224.662636
1725353224.679293
1725353224.6888857
1725353224.705272
1725353224.7258985
1725353224.7388558
1725353224.75872
1725353224.7969277
1725353224.815407
1725353224.8267379
1725353224.8498247
1725353224.8896382
1725353224.9252048
1725353224.9488034
1725353224.9771264
1725353224.97855
1725353225.0225732
1725353225.0366292
1725353225.0921617
1725353225.0951679
1725353225.0976725
1725353225.113712
1725353225.1253245
1725353225.1448777
1725353225.1584785
1725353225.1805809
1725353225.1935909
1725353225.2166467
1725353225.2527542
1725353225.2836137
1725353225.2976367
1725353225.3147783
1725353225.336122
1725353225.3411708
1725353225.3685055
1725353225.3865347
1725353225.4160013
1725353225.434068
1725353225.4450896
1725353225.4686153
1725353225.480732
1725353225.4979541
1725353225.514323
1725353225.5352983
1725353225.545099
1725353225.5627222
1725353225.5840592
1725353225.6099308
1725353225.6256888
1725353225.6496382
1725353225.6591463
1725353225.7076383
1725353225.7194316
1725353225.7294042
1725353225.7483463
1725353225.76111
1725353225.7843795
1725353225.8060632
1725353225.8164032
1725353225.8319044
1725353225.8541307
1725353225.8914948
1725353225.917867
1725353225.931466
1725353225.96384
1725353225.9693382
1725353225.9856582
1725353226.0100515
1725353226.0236359
1725353226.0741637
1725353226.076678
1725353226.0857832
1725353226.1036885
1725353226.1396546
1725353226.170733
1725353226.1831913
1725353226.196388
1725353226.2354362
1725353226.248717
1725353226.2726665
1725353226.3026597
1725353226.326274
1725353226.339602
1725353226.357347
1725353226.3733559
1725353226.3983986
1725353226.4237103
1725353226.4410841
1725353226.4512486
1725353226.4689908
1725353226.4854074
1725353226.4946432
1725353226.5145478
1725353226.535841
1725353226.5546277
1725353226.56955
1725353226.5891035
1725353226.6089127
1725353226.6342418
1725353226.6575716
1725353226.6732075
1725353226.6899197
1725353226.7289636
1725353226.73849
1725353226.7476046
1725353226.7909086
1725353226.7987
1725353227.0180929
1725353227.0226963
1725353227.0251312
1725353227.0415196
1725353227.0516708
1725353227.0675933
1725353227.0773468
1725353227.0951908
1725353227.129508
1725353227.1487885
1725353227.1670413
1725353227.1806724
1725353227.2114954
1725353227.2305539
1725353227.246934
1725353227.2603843
1725353227.295643
1725353227.312114
1725353227.3326135
1725353227.3457818
1725353227.3539324
1725353227.3753564
1725353227.4113898
1725353227.4250062
1725353227.4477115
1725353227.4553962
1725353227.4678004
1725353227.4891646
1725353227.5101578
1725353227.5171895
1725353227.5357478
1725353227.5717752
1725353227.591983
1725353227.5994287
1725353227.6158192
1725353227.6379535
1725353227.6560566
1725353227.672044
1725353227.6895094
1725353227.705021
1725353227.7324774
1725353227.7357368
1725353227.7597406
1725353227.7796392
1725353227.795877
1725353227.8092601
1725353227.8240871
1725353227.8454254
1725353227.8611565
1725353227.8852942
1725353227.8986018
1725353227.9161983
1725353227.937781
1725353227.9568827
1725353227.9657989
1725353227.9898071
1725353228.0086448
1725353228.0315557
1725353228.0506904
1725353228.0661402
1725353228.0871065
1725353228.1043599
1725353228.1160414
1725353228.1328728
1725353228.1471703
1725353228.2084422
1725353228.2104626
1725353228.2155418
1725353228.2302575
1725353228.2677808
1725353228.3057399
1725353228.3213663
1725353228.340966
1725353228.3564389
1725353228.400391
1725353228.4237988
1725353228.4687934
1725353228.4697788
1725353228.4712226
1725353228.4953122
1725353228.5153584
1725353228.538939
1725353228.5575037
1725353228.5735903
1725353228.5918486
1725353228.608794
1725353228.6554136
1725353228.6901426
1725353228.6964486
1725353228.7131011
1725353228.7280204
1725353228.7475863
1725353228.7641594
1725353228.78359
1725353228.8196278
1725353228.8336754
1725353228.850409
1725353228.8792977
1725353228.8889337
1725353228.905941
1725353228.9198358
1725353228.9373896
1725353228.9501586
1725353228.9785337
1725353228.9911854
1725353229.0089536
1725353229.0243614
1725353229.2115436
1725353229.2353928
1725353229.2668464
1725353229.2698555
1725353229.275966
1725353229.2968752
1725353229.4934218
1725353229.4945886
1725353229.502996
1725353229.5050874
1725353229.5200877
1725353229.5235353
1725353229.5244942
1725353229.5403464
1725353229.683834
1725353229.7120378
1725353229.7139163
1725353229.7185326
1725353229.7221646
1725353229.7283554
1725353229.7433074
1725353229.7472508
1725353229.7674868
1725353229.779842
1725353229.796511
1725353229.8088632
1725353229.829664
1725353229.8415248
1725353229.8604796
1725353229.8725984
1725353229.9083183
1725353229.9148185
1725353229.9240217
1725353230.0861597
1725353230.0988457
1725353230.1215084
1725353230.1222606
1725353230.12368
1725353230.1245387
1725353230.1370032
1725353230.142382
1725353230.144888
1725353230.1683342
1725353230.1792605
1725353230.1991515
1725353230.2159102
1725353230.2333174
1725353230.255088
1725353230.2703807
1725353230.2860687
1725353230.297237
1725353230.3175385
1725353230.3303154
1725353230.5943027
1725353230.6062746
1725353230.607857
1725353230.619941
1725353230.628189
1725353230.641798
1725353230.663313
1725353230.70243
1725353230.7176733
1725353230.7299283
1725353230.7501712
1725353230.7637932
1725353230.7818873
1725353230.8143294
1725353230.833125
1725353230.852521
1725353230.8732834
1725353230.8913283
1725353230.908471
1725353230.9288232
1725353230.9319592
1725353230.9510026
1725353230.986622
1725353231.0003233
1725353231.014852
1725353231.2346854
1725353231.2379103
1725353231.2458134
1725353231.250361
1725353231.2622194
1725353231.2643402
1725353231.2655525
1725353231.267352
1725353231.2713914
1725353231.2896545
1725353231.297736
1725353231.3083043
1725353231.3359215
1725353231.3441179
1725353231.3606157
1725353231.3776977
1725353231.3993137
1725353231.420952
1725353231.444479
1725353231.462287
1725353231.4837263
1725353231.491071
1725353231.5139585
1725353231.5229352
1725353231.5408292
1725353231.5564892
1725353231.6008859
1725353231.6162543
1725353231.6317234
1725353231.640592
1725353231.6787581
1725353231.7150366
1725353231.7367685
1725353231.7594116
1725353231.7659943
1725353231.8067694
1725353231.9769592
1725353231.9785366
1725353231.9914134
1725353231.994151
1725353231.9961314
1725353232.000417
1725353232.0086462
1725353232.017721
1725353232.0214036
1725353232.022669
1725353232.0394588
1725353232.0632112
1725353232.094364
1725353232.0974307
1725353232.100664
1725353232.121356
1725353232.138623
1725353232.1535454
1725353232.1864302
1725353232.2125134
1725353232.218951
1725353232.400087
1725353232.4022353
1725353232.4160082
1725353232.4258907
1725353232.4269416
1725353232.4341846
1725353232.4360156
1725353232.4384956
1725353232.4428208
