2024-09-03 16:36:45
../stream-replay/logs/stuttering-6206.txt
1725352454.157212
1725352454.158424
1725352454.2456021
1725352454.2463088
1725352454.3568566
1725352454.357341
1725352454.3578246
1725352454.363694
1725352454.3961537
1725352454.4691625
1725352454.4702687
1725352454.4904902
1725352454.4910622
1725352454.4915266
1725352454.5328474
1725352454.535037
1725352454.5366983
1725352454.5583184
1725352454.5594034
1725352454.5600097
1725352454.6047552
1725352454.6058295
1725352454.6623094
1725352454.6629899
1725352454.6642892
1725352454.6767328
1725352454.698583
1725352454.7006347
1725352454.939301
1725352454.9401379
1725352454.9407556
1725352454.9500966
1725352454.950674
1725352454.9907277
1725352455.1133034
1725352455.1142726
1725352455.1622422
1725352455.1622717
1725352455.1811543
1725352455.1892383
1725352455.3740082
1725352455.4108324
1725352455.4297597
1725352455.4320042
1725352455.4912548
1725352455.4919493
1725352455.6082726
1725352455.7335777
1725352455.7408402
1725352455.7419908
1725352455.7746282
1725352455.8139372
1725352455.8154628
1725352455.8164017
1725352455.8355966
1725352455.8821397
1725352455.8828433
1725352455.8833067
1725352455.9028413
1725352455.903311
1725352455.9519887
1725352455.9606645
1725352455.9619253
1725352455.9654326
1725352455.981238
1725352455.9820685
1725352455.9886215
1725352455.9903698
1725352455.9956884
1725352455.9966083
1725352455.9970598
1725352456.0078409
1725352456.0934484
1725352456.0952716
1725352456.1158535
1725352456.117748
1725352456.2183893
1725352456.2444906
1725352456.2979856
1725352456.3329794
1725352456.3337097
1725352456.488538
1725352456.4892974
1725352456.4990466
1725352456.4998548
1725352456.5385199
1725352456.5389972
1725352456.5817072
1725352456.5924366
1725352456.6443968
1725352456.6448293
1725352456.6455736
1725352456.722526
1725352456.723816
1725352456.759682
1725352456.7854571
1725352456.785889
1725352456.8093798
1725352456.81064
1725352456.81473
1725352456.8647075
1725352456.8651712
1725352456.9045618
1725352456.927418
1725352456.9388196
1725352456.9408271
1725352457.0826716
1725352457.0833182
1725352457.0954888
1725352457.133153
1725352457.1347928
1725352457.236027
1725352457.2566314
1725352457.257122
1725352457.3023846
1725352457.3046439
1725352457.3549213
1725352457.355683
1725352457.4097009
1725352457.411031
1725352457.4182637
1725352457.427994
1725352457.465059
1725352457.5479267
1725352457.5485513
1725352457.5510168
1725352457.6576762
1725352457.8210719
1725352457.8232553
1725352457.8651347
1725352457.8660018
1725352457.9552999
1725352457.9557457
1725352458.0140345
1725352458.102236
1725352458.1032882
1725352458.1037643
1725352458.1156604
1725352458.116857
1725352458.192537
1725352458.1942666
1725352458.208559
1725352458.3510365
1725352458.3545382
1725352458.3603559
1725352458.3609982
1725352458.3614316
1725352458.4394066
1725352458.5675645
1725352458.5717304
1725352458.586398
1725352458.61835
1725352458.6189067
1725352458.6191819
1725352458.623694
1725352458.743846
1725352458.9661202
1725352458.9666388
1725352458.9683225
1725352458.980636
1725352459.0274034
1725352459.0383427
1725352459.1154644
1725352459.1159816
1725352459.2449257
1725352459.2466424
1725352459.3097026
1725352459.3101416
1725352459.311679
1725352459.3676984
1725352459.368457
1725352459.3695748
1725352459.3753576
1725352459.4307573
1725352459.43127
1725352459.4317346
1725352459.544555
1725352459.5488932
1725352459.5494306
1725352459.5576885
1725352459.5584872
1725352459.5589924
1725352459.5655296
1725352459.5664773
1725352459.5753675
1725352459.6125598
1725352459.6131966
1725352459.635305
1725352459.636495
1725352459.975728
1725352459.977252
1725352460.0502722
1725352460.0512004
1725352460.0598729
1725352460.0606875
1725352460.071549
1725352460.1375704
1725352460.1621206
1725352460.1626067
1725352460.163836
1725352460.203858
1725352460.2145367
1725352460.215548
1725352460.2306314
1725352460.3456242
1725352460.3456566
1725352460.345681
1725352460.3459013
1725352460.4299338
1725352460.446461
1725352460.5188706
1725352460.5214515
1725352460.549545
1725352460.6559243
1725352460.6564026
1725352460.6587248
1725352460.6781769
1725352460.6791506
1725352460.6800976
1725352460.6959927
1725352460.7045863
1725352460.7050617
1725352460.7836452
1725352460.7850387
1725352460.7888951
1725352460.824728
1725352460.8255084
1725352460.8260305
1725352460.835975
1725352460.853927
1725352460.854561
1725352460.8673322
1725352460.8684452
1725352461.1575277
1725352461.1583745
1725352461.1682782
1725352461.1731524
1725352461.1741078
1725352461.174641
1725352461.1771243
1725352461.21045
1725352461.2117991
1725352461.2193696
1725352461.225193
1725352461.2257047
1725352461.3174353
1725352461.3619208
1725352461.543878
1725352461.5464442
1725352461.5480487
1725352461.54861
1725352461.6021714
1725352461.6894736
1725352461.7114456
1725352461.7118833
1725352461.7123752
1725352461.8951309
1725352461.9864283
1725352461.98702
1725352461.987471
1725352462.0034282
1725352462.0038624
1725352462.004963
1725352462.084892
1725352462.1320558
1725352462.1324937
1725352462.1353054
1725352462.1444576
1725352462.252092
1725352462.3242638
1725352462.3281102
1725352462.3285537
1725352462.338675
1725352462.3472376
1725352462.3694093
1725352462.3698993
1725352462.4000423
1725352462.4005058
1725352462.401012
1725352462.4016197
1725352462.437361
1725352462.443762
1725352462.445264
1725352462.460561
1725352462.4611878
1725352462.4669943
1725352462.4688482
1725352462.4763274
1725352462.4769344
1725352462.4846084
1725352462.499407
1725352462.5004623
1725352462.502438
1725352462.5348303
1725352462.535151
1725352462.535469
1725352462.5595853
1725352462.574452
1725352462.5819366
1725352462.583405
1725352462.5893729
1725352462.5989969
1725352462.5995953
1725352462.6001537
1725352462.6008596
1725352462.6282382
1725352462.6288085
1725352462.6527271
1725352462.6547534
1725352462.6552315
1725352462.6556954
1725352462.6872623
1725352462.6879816
1725352462.6918874
1725352462.7042067
1725352462.712027
1725352462.71267
1725352462.7152777
1725352462.7274225
1725352462.728331
1725352462.7484474
1725352462.756669
1725352462.7635298
1725352462.7797856
1725352462.7803805
1725352462.7808566
1725352462.7869847
1725352462.802495
1725352462.8035865
1725352462.8132176
1725352462.813952
1725352462.814759
1725352462.8248014
1725352462.8369083
1725352462.8470275
1725352462.8505092
1725352462.8579736
1725352462.8723652
1725352462.8810298
1725352462.8957667
1725352462.897865
1725352462.8990433
1725352462.9121788
1725352462.9227455
1725352462.9228656
1725352462.9229684
1725352462.929257
1725352462.970885
1725352462.9713154
1725352462.9724758
1725352463.035632
1725352463.0489802
1725352463.0494356
1725352463.049883
1725352463.0583057
1725352463.061246
1725352463.0675895
1725352463.0683522
1725352463.074864
1725352463.095225
1725352463.0958495
1725352463.1359742
1725352463.1374161
1725352463.1639218
1725352463.1644626
1725352463.1652536
1725352463.165693
1725352463.1763978
1725352463.1833832
1725352463.1946273
1725352463.1951482
1725352463.195745
1725352463.202524
1725352463.2063842
1725352463.207135
1725352463.2160723
1725352463.219343
1725352463.2193704
1725352463.219393
1725352463.2194567
1725352463.2597864
1725352463.2756505
1725352463.323683
1725352463.3268104
1725352463.3431268
1725352463.343702
1725352463.3442183
1725352463.3488793
1725352463.3575335
1725352463.3584516
1725352463.3589332
1725352463.3727322
1725352463.3732955
1725352463.3791115
1725352463.3795793
1725352463.3845556
1725352463.3914158
1725352463.4150329
1725352463.4269638
1725352463.4313476
1725352463.43179
1725352463.4400246
1725352463.4411516
1725352463.455609
1725352463.4672616
1725352463.4899585
1725352463.4907753
1725352463.4914153
1725352463.493946
1725352463.5143538
1725352463.515028
1725352463.5156014
1725352463.5188515
1725352463.5281525
1725352463.5851443
1725352463.5911574
1725352463.5916066
1725352463.6057582
1725352463.6885598
1725352463.689128
1725352463.6896443
1725352463.7489765
1725352463.7498312
1725352463.7504458
1725352463.7509682
1725352463.7514088
1725352463.757739
1725352463.7705612
1725352463.899007
1725352463.8994334
1725352463.9005294
1725352463.9158697
1725352463.9230628
1725352463.9240148
1725352463.9425297
1725352463.9430172
1725352463.9787176
1725352463.9791903
1725352463.9941857
1725352463.9973142
1725352464.007974
1725352464.0198324
1725352464.02597
1725352464.029654
1725352464.0302236
1725352464.0776863
1725352464.0788925
1725352464.080063
1725352464.083866
1725352464.111903
1725352464.12227
1725352464.1237772
1725352464.1388159
1725352464.1406457
1725352464.1411846
1725352464.1464634
1725352464.1490314
1725352464.1584554
1725352464.1589487
1725352464.2329404
1725352464.2343197
1725352464.249638
1725352464.2628467
1725352464.2781944
1725352464.3016586
1725352464.3021245
1725352464.3028665
1725352464.3098812
1725352464.318501
1725352464.3255274
1725352464.3818903
1725352464.3882003
1725352464.388843
1725352464.4028711
1725352464.4060342
1725352464.4066215
1725352464.4370842
1725352464.4380383
1725352464.4403157
1725352464.4480577
1725352464.4485536
1725352464.4696548
1725352464.5001976
1725352464.6958559
1725352464.696545
1725352464.697
1725352464.7459204
1725352464.74802
1725352464.7737887
1725352464.8017292
1725352464.833631
1725352464.8345275
1725352464.8363402
1725352464.8995974
1725352465.0647118
1725352465.0663195
1725352465.154423
1725352465.1742082
1725352465.1746795
1725352465.1753583
1725352465.1758091
1725352465.4720998
1725352465.4731941
1725352465.6103067
1725352465.61096
1725352465.6116574
1725352465.6399086
1725352465.7297657
1725352465.7302222
1725352465.8457212
1725352465.8863678
1725352465.9733443
1725352465.9740047
1725352465.974827
1725352465.9826066
1725352465.983604
1725352465.9852154
1725352465.995566
1725352465.9960809
1725352466.1854475
1725352466.1861165
1725352466.1868079
1725352466.1968246
1725352466.4496264
1725352466.4502625
1725352466.6879191
1725352466.690334
1725352466.7316818
1725352466.8733444
1725352466.9298832
1725352466.9463625
1725352466.9472847
1725352466.9653006
1725352467.0007548
1725352467.0013008
1725352467.001963
1725352467.0749948
1725352467.076376
1725352467.0774271
1725352467.0774498
1725352467.0775533
1725352467.0952792
1725352467.1040578
1725352467.1204376
1725352467.1218786
1725352467.1650455
1725352467.1669738
1725352467.4035823
1725352467.4109821
1725352467.4114492
1725352467.411923
1725352467.7514603
1725352467.7519913
1725352467.7524536
1725352467.77433
1725352467.7759264
1725352467.785938
1725352468.00826
1725352468.008735
1725352468.0508432
1725352468.0660913
1725352468.067281
1725352468.0677338
1725352468.0709162
1725352468.0897305
1725352468.1255774
1725352468.1364002
1725352468.137257
1725352468.1891458
1725352468.1899862
1725352468.272428
1725352468.2801785
1725352468.2806551
1725352468.2871423
1725352468.3035398
1725352468.3098779
1725352468.3105447
1725352468.311067
1725352468.3289196
1725352468.3896594
1725352468.427909
1725352468.4892948
1725352468.4902825
1725352468.4920766
1725352468.5007915
1725352468.501415
1725352468.502384
1725352468.50511
1725352468.508476
1725352468.5330892
1725352468.5337114
1725352468.534183
1725352468.5997849
1725352468.727847
1725352468.7281487
1725352468.7340078
1725352468.7567837
1725352468.8294883
1725352468.8301737
1725352468.8309865
1725352468.831434
1725352468.8477862
1725352468.8541899
1725352468.8547978
1725352468.937918
1725352468.9444273
1725352468.9464662
1725352469.3729613
1725352469.3737502
1725352469.384031
1725352469.3847098
1725352469.402977
1725352469.403492
1725352469.4113977
1725352469.4764733
1725352469.5898767
1725352469.5907025
1725352469.6299515
1725352469.633164
1725352469.633629
1725352469.634087
1725352469.7045522
1725352469.7059412
1725352469.718385
1725352469.733323
1725352469.7343051
1725352469.750101
1725352469.750519
1725352469.7509897
1725352469.7813
1725352469.8151371
1725352469.8238804
1725352469.8340504
1725352469.8346186
1725352469.9385035
1725352469.946377
1725352469.9567654
1725352469.9572484
1725352469.9581118
1725352469.968715
1725352469.96949
1725352469.975775
1725352470.0175788
1725352470.0211806
1725352470.0218904
1725352470.291846
1725352470.2929194
1725352470.3179247
1725352470.336479
1725352470.3370664
1725352470.5922158
1725352470.5927675
1725352470.5932465
1725352470.5975428
1725352470.5991805
1725352470.6140008
1725352470.6401575
1725352470.6420434
1725352470.687218
1725352470.6876903
1725352470.6898706
1725352470.701478
1725352470.7302415
1725352470.7310576
1725352470.7317874
1725352470.7753386
1725352470.8342152
1725352470.8377526
1725352470.9174204
1725352470.9178867
1725352470.9204266
1725352470.9209008
1725352470.9494653
1725352470.9504163
1725352470.9816794
1725352471.0396583
1725352471.0404937
1725352471.120219
1725352471.1219661
1725352471.1227984
1725352471.165488
1725352471.1664023
1725352471.4024282
1725352471.4115722
1725352471.448029
1725352471.4485283
1725352471.452317
1725352471.5402305
1725352471.5406752
1725352471.5411348
1725352471.6181157
1725352471.7761793
1725352471.7783225
1725352471.8312547
1725352471.8326697
1725352471.902742
1725352471.9036646
1725352472.099547
1725352472.099981
1725352472.2181551
1725352472.2360964
1725352472.319976
1725352472.3205283
1725352472.5045013
1725352472.5072994
1725352472.5758314
1725352472.5762649
1725352472.5989382
1725352472.675902
1725352472.6821353
1725352472.6821635
1725352472.6821866
1725352472.682246
1725352472.6997685
1725352472.7492816
1725352472.836597
1725352472.945039
1725352472.9479072
1725352472.9548469
1725352472.9553685
1725352472.9558322
1725352472.9963315
1725352472.997302
1725352473.1593833
1725352473.167355
1725352473.167865
1725352473.2045312
1725352473.2152486
1725352473.216168
1725352473.2260153
1725352473.2368796
1725352473.2378159
1725352473.2817726
1725352473.3116865
1725352473.312145
1725352473.3127108
1725352473.3456016
1725352473.3524458
1725352473.3530247
1725352473.484342
1725352473.5165606
1725352473.5170727
1725352473.5176752
1725352473.519501
1725352473.533575
1725352473.554131
1725352473.5551202
1725352473.5557263
1725352473.5692654
1725352473.599227
1725352473.6030717
1725352473.7177246
1725352473.7194924
1725352473.7200572
1725352473.7217722
1725352473.7334971
1725352473.7341452
1725352473.7492847
1725352473.7502284
1725352473.7519164
1725352473.7695146
1725352473.7925475
1725352473.7930274
1725352473.7934928
1725352473.8006864
1725352473.8011253
1725352473.8116314
1725352473.812299
1725352473.82888
1725352473.8301
1725352473.8431618
1725352473.8437715
1725352473.975305
1725352473.9760997
1725352474.0711756
1725352474.0718582
1725352474.1633554
1725352474.16417
1725352474.1759932
1725352474.1835403
1725352474.1840868
1725352474.1845677
1725352474.2253375
1725352474.2562747
1725352474.2766287
1725352474.5975142
1725352474.59799
1725352474.6588154
1725352474.6670756
1725352474.6774342
1725352474.6780066
1725352474.6930728
1725352474.781451
1725352474.788225
1725352474.788544
1725352474.8320467
1725352474.8326724
1725352474.94518
1725352474.9479165
1725352474.9485612
1725352474.983777
1725352474.9885445
1725352475.0309649
1725352475.0320761
1725352475.0325763
1725352475.0660553
1725352475.1725407
1725352475.1796331
1725352475.183428
1725352475.1840065
1725352475.2045333
1725352475.2176483
1725352475.218349
1725352475.219609
1725352475.2725697
1725352475.2730114
1725352475.2964892
1725352475.296856
1725352475.3063939
1725352475.3068936
1725352475.3536212
1725352475.3982189
1725352475.4566247
1725352475.4577665
1725352475.4591403
1725352475.4763968
1725352475.4772553
1725352475.5654407
1725352475.5659258
1725352475.5663986
1725352475.5668936
1725352475.5673637
1725352475.5689054
1725352475.6028156
1725352475.6044004
1725352475.652984
1725352475.654102
1725352475.6548588
1725352475.672653
1725352475.6935136
1725352475.694358
1725352475.6960797
1725352475.9076583
1725352475.9082205
1725352475.9250164
1725352475.972132
1725352475.972571
1725352475.9730198
1725352476.0736291
1725352476.1154916
1725352476.1448722
1725352476.1552052
1725352476.1561913
1725352476.1568096
1725352476.2166836
1725352476.2171514
1725352476.2363768
1725352476.2789915
1725352476.2802474
1725352476.2810829
1725352476.316411
1725352476.3410141
1725352476.3420396
1725352476.3425026
1725352476.4357965
1725352476.4765172
1725352476.482354
1725352476.5127096
1725352476.5149279
1725352476.5160458
1725352476.5789056
1725352476.579349
1725352476.6038718
1725352476.6050453
1725352476.6818023
1725352476.6899614
1725352476.6899896
1725352476.6900122
1725352476.6900718
1725352476.9436283
1725352476.94807
1725352476.977075
1725352477.0099156
1725352477.0108144
1725352477.0117528
1725352477.0137365
1725352477.014734
1725352477.0588846
1725352477.060269
1725352477.0664206
1725352477.1040156
1725352477.104963
1725352477.117922
1725352477.1183841
1725352477.1296024
1725352477.301435
1725352477.3080664
1725352477.3098488
1725352477.3915412
1725352477.392184
1725352477.3927221
1725352477.4174554
1725352477.4803402
1725352477.4813395
1725352477.4845557
1725352477.5608528
1725352477.561979
1725352477.5631845
1725352477.6403332
1725352477.6407735
1725352477.641582
1725352477.6565506
1725352477.6831043
1725352477.683739
1725352477.7001188
1725352477.7858372
1725352477.7863195
1725352477.9401188
1725352477.9421115
1725352477.961966
1725352477.9627364
1725352477.963431
1725352477.9711103
1725352478.0087152
1725352478.0165384
1725352478.017279
1725352478.033577
1725352478.0342662
1725352478.0432746
1725352478.056483
1725352478.0981636
1725352478.2576494
1725352478.2581754
1725352478.276307
1725352478.2783911
1725352478.2789018
1725352478.352894
1725352478.3569388
1725352478.4016774
1725352478.410915
1725352478.4224684
1725352478.4574797
1725352478.465449
1725352478.5050871
1725352478.5155547
1725352478.5167665
1725352478.5463946
1725352478.5478795
1725352478.5495987
1725352478.559801
1725352478.5605004
1725352478.5961905
1725352478.596646
1725352478.5971096
1725352478.6011949
1725352478.6024399
1725352478.631859
1725352478.6732404
1725352478.7033536
1725352478.7238402
1725352478.7266328
1725352478.9169981
1725352478.9174118
1725352478.920687
1725352478.9467165
1725352478.984983
1725352478.985819
1725352479.0207806
1725352479.0225024
1725352479.0350752
1725352479.0355167
1725352479.1364775
1725352479.1384902
1725352479.1390862
1725352479.1706724
1725352479.1796117
1725352479.1806455
1725352479.1831455
1725352479.2231817
1725352479.2247362
1725352479.2549422
1725352479.2697802
1725352479.270247
1725352479.348516
1725352479.3491032
1725352479.3647974
1725352479.4331317
1725352479.4368837
1725352479.5233881
1725352479.5238357
1725352479.5686436
1725352479.8009913
1725352479.801731
1725352479.8025272
1725352479.8568468
1725352479.8572984
1725352479.8601303
1725352479.89904
1725352479.8996212
1725352479.90094
1725352479.9144847
1725352479.9370737
1725352479.937532
1725352479.9383605
1725352479.939714
1725352479.9574425
1725352479.957897
1725352479.9583452
1725352480.0645947
1725352480.0998647
1725352480.1007788
1725352480.1550775
1725352480.1555245
1725352480.1647027
1725352480.1667094
1725352480.167231
1725352480.1821642
1725352480.1829786
1725352480.1845813
1725352480.186229
1725352480.196059
1725352480.1966941
1725352480.1971445
1725352480.218901
1725352480.2196321
1725352480.2201784
1725352480.253024
1725352480.2542107
1725352480.2949612
1725352480.2953799
1725352480.3060732
1725352480.317134
1725352480.3177009
1725352480.3184295
1725352480.3254666
1725352480.3269603
1725352480.340271
1725352480.3408828
1725352480.3511474
1725352480.352663
1725352480.3531063
1725352480.3694406
1725352480.4072273
1725352480.4082372
1725352480.4083276
1725352480.4084082
1725352480.4085174
1725352480.4710793
1725352480.6094177
1725352480.7648666
1725352480.8505037
1725352480.851001
1725352480.860999
1725352480.8760562
1725352480.8768446
1725352480.8799756
1725352480.8802757
1725352480.895839
1725352480.975691
1725352480.9809046
1725352480.9817286
1725352481.0280862
1725352481.110885
1725352481.1113384
1725352481.1300645
1725352481.1307726
1725352481.1320925
1725352481.1862602
1725352481.1868765
1725352481.2725866
1725352481.310463
1725352481.3111925
1725352481.311851
1725352481.3121402
1725352481.3144739
1725352481.3160732
1725352481.324774
1725352481.3275416
1725352481.3795667
1725352481.380009
1725352481.3806505
1725352481.389451
1725352481.6147027
1725352481.680167
1725352481.6905563
1725352481.6913168
1725352481.6967673
1725352481.7184074
1725352481.7189348
1725352481.719477
1725352481.8050387
1725352481.805629
1725352481.8811994
1725352481.8825135
1725352481.9419224
1725352481.9726048
1725352481.9732516
1725352481.9742975
1725352481.9757156
1725352481.9766366
1725352482.008293
1725352482.0201383
1725352482.357511
1725352482.3578398
1725352482.3586736
1725352482.3688009
1725352482.370871
1725352482.3847783
1725352482.40161
1725352482.4023192
1725352482.4028594
1725352482.4033458
1725352482.4079661
1725352482.4175727
1725352482.46095
1725352482.4615157
1725352482.461989
1725352482.585869
1725352482.586327
1725352482.6019058
1725352482.80687
1725352482.8084524
1725352482.8099263
1725352482.8279774
1725352482.8286457
1725352482.8292909
1725352482.9675207
1725352483.1611454
1725352483.1618252
1725352483.1629694
1725352483.2348533
1725352483.235419
1725352483.3851628
1725352483.5007591
1725352483.5124812
1725352483.5129387
1725352483.5155692
1725352483.516128
1725352483.51655
1725352483.5397103
1725352483.5467138
1725352483.5527968
1725352483.5991943
1725352483.5997324
1725352483.6011913
1725352483.619644
1725352483.6454468
1725352483.6942031
1725352483.817069
1725352483.9504502
1725352483.9903176
1725352483.9913476
1725352483.9939315
1725352483.9944367
1725352484.0120902
1725352484.0134463
1725352484.1344192
1725352484.1350648
1725352484.1806493
1725352484.1814063
1725352484.1824727
1725352484.2168522
1725352484.2175286
1725352484.2367353
1725352484.2475984
1725352484.2488923
1725352484.2504244
1725352484.2642977
1725352484.2647557
1725352484.2671728
1725352484.2678306
1725352484.3541825
1725352484.3735447
1725352484.3739674
1725352484.374265
1725352484.5157435
1725352484.5608864
1725352484.5620546
1725352484.5624769
1725352484.610635
1725352484.6119516
1725352484.6128004
1725352484.6165662
1725352484.6170502
1725352484.618903
1725352484.619285
1725352484.628339
1725352484.6302927
1725352484.6314235
1725352484.6385171
1725352484.6418
1725352484.642964
1725352484.6959503
1725352484.6971688
1725352484.7997131
1725352484.8001947
1725352484.8593686
1725352485.0574846
1725352485.0575721
1725352485.0576842
1725352485.3566346
1725352485.372732
1725352485.37409
1725352485.4880357
1725352485.488538
1725352485.4945018
1725352485.5155625
1725352485.5160215
1725352485.5167634
1725352485.5716949
1725352485.5723615
1725352485.611968
1725352485.612554
1725352485.613169
1725352485.7251453
1725352485.7415388
1725352485.7527266
1725352485.7552524
1725352485.8059978
1725352485.8070402
1725352485.8130054
1725352485.8144832
1725352485.920207
1725352485.9885159
1725352486.1052313
1725352486.1067014
1725352486.1743958
1725352486.1866136
1725352486.1876605
1725352486.4235528
1725352486.5393183
1725352486.5413234
1725352486.5889807
1725352486.6924608
1725352486.6989486
1725352486.6997333
1725352486.7030299
1725352486.7755144
1725352486.9139702
1725352487.0077462
1725352487.0416262
1725352487.0421615
1725352487.1034222
1725352487.104121
1725352487.1046536
1725352487.1054788
1725352487.1244051
1725352487.1563892
1725352487.1580174
1725352487.3566575
1725352487.3575606
1725352487.3584793
1725352487.3599534
1725352487.4336731
1725352487.5083492
1725352487.5089257
1725352487.5107908
1725352487.5401297
1725352487.5464618
1725352487.5473685
1725352487.5482943
1725352487.770836
1725352487.7878668
1725352487.7896187
1725352487.8166668
1725352487.8179398
1725352487.9824753
1725352487.9829237
1725352487.9842157
1725352487.9944599
1725352487.9949496
1725352488.0079083
1725352488.040555
1725352488.0581079
1725352488.0585735
1725352488.1061294
1725352488.107584
1725352488.1477766
1725352488.1482267
1725352488.148777
1725352488.1927938
1725352488.1934788
1725352488.1986392
1725352488.2002056
1725352488.3395138
1725352488.34026
1725352488.3407457
1725352488.3503807
1725352488.5845122
1725352488.5851471
1725352488.6300583
1725352488.7057714
1725352488.7062435
1725352488.7068243
1725352488.7092435
1725352488.710072
1725352488.8248198
1725352488.8262997
1725352488.9021635
1725352488.9026113
1725352488.9031484
1725352488.903785
1725352488.9494522
1725352489.0949228
1725352489.0953035
1725352489.1033735
1725352489.1047106
1725352489.1388533
1725352489.2774298
1725352489.27798
1725352489.304006
1725352489.3045623
1725352489.3222675
1725352489.3230753
1725352489.41582
1725352489.4159126
1725352489.416022
1725352489.4161355
1725352489.6170125
1725352489.667283
1725352489.6770024
1725352489.6785095
1725352489.6901543
1725352489.6948602
1725352489.697318
1725352489.7051954
1725352489.711918
1725352489.7761922
1725352489.7771857
1725352489.782862
1725352489.838807
1725352489.838917
1725352489.874853
1725352489.9674804
1725352489.972588
1725352489.9835563
1725352490.0093603
1725352490.0098312
1725352490.0105271
1725352490.0113468
1725352490.2785952
1725352490.2804637
1725352490.3292959
1725352490.3375468
1725352490.5192199
1725352490.5198276
1725352490.5213444
1725352490.5218177
1725352490.5372124
1725352490.5377648
1725352490.578846
1725352490.6057646
1725352490.6062355
1725352490.6067226
1725352490.607173
1725352490.6318548
1725352490.6664398
1725352490.6945705
1725352490.6952624
1725352490.6958005
1725352490.7761703
1725352490.7766504
1725352490.7877567
1725352490.7885194
1725352490.795276
1725352490.8331265
1725352490.8412657
1725352490.8418603
1725352490.993059
1725352490.9950304
1725352490.9959717
1725352491.0307987
1725352491.03269
1725352491.0830688
1725352491.0835052
1725352491.0902348
1725352491.1166186
1725352491.2062123
1725352491.206666
1725352491.2158713
1725352491.2417812
1725352491.3274207
1725352491.3294182
1725352491.3302763
1725352491.3699925
1725352491.3707745
1725352491.3712506
1725352491.3716884
1725352491.3824337
1725352491.5442748
1725352491.5756423
1725352491.5763388
1725352491.591275
1725352491.6014311
1725352491.6023705
1725352491.6030076
1725352491.7817152
1725352491.783297
1725352491.9210362
1725352491.921629
1725352491.9852614
1725352492.1854393
1725352492.1868138
1725352492.1878605
1725352492.439347
1725352492.4405994
1725352492.4412534
1725352492.479128
1725352492.6047578
1725352492.6053734
1725352492.607292
1725352492.6246202
1725352492.6254015
1725352492.626175
1725352492.656214
1725352492.6569414
1725352492.8000696
1725352492.8384936
1725352492.9999824
1725352493.0004551
1725352493.1143878
1725352493.1157746
1725352493.1222272
1725352493.1232097
1725352493.175904
1725352493.2043126
1725352493.2843506
1725352493.28525
1725352493.385719
1725352493.3871503
1725352493.7107482
1725352493.7267318
1725352494.0797787
1725352494.0805807
1725352494.0810258
1725352494.1126266
1725352494.1204884
1725352494.1214917
1725352494.2449698
1725352494.2454357
1725352494.2458887
1725352494.5453537
1725352494.5459075
1725352494.7080874
1725352494.8419948
1725352494.8491318
1725352494.8495827
1725352494.8510542
1725352494.905809
1725352494.9065652
1725352494.9070847
1725352494.9210274
1725352494.9418669
1725352494.9680705
1725352494.9688208
1725352494.969443
1725352495.0459573
1725352495.0512693
1725352495.0519829
1725352495.2112937
1725352495.212004
1725352495.2140694
1725352495.2145905
1725352495.3150058
1725352495.3832018
1725352495.3841639
1725352495.3846421
1725352495.392833
1725352495.3956077
1725352495.4799764
1725352495.5357406
1725352495.5443418
1725352495.5447936
1725352495.642019
1725352495.6433325
1725352495.733126
1725352495.7335763
1725352495.7340252
1725352495.7344701
1725352495.8428252
1725352495.8439362
1725352495.9460511
1725352495.9481192
1725352495.94999
1725352496.0221205
1725352496.022564
1725352496.0232215
1725352496.0315518
1725352496.097821
1725352496.1019115
1725352496.1597316
1725352496.1621716
1725352496.1689787
1725352496.1698043
1725352496.177413
1725352496.1793382
1725352496.2230623
1725352496.302261
1725352496.3141463
1725352496.3159678
1725352496.3166468
1725352496.339291
1725352496.3480918
1725352496.3776453
1725352496.3891118
1725352496.389613
1725352496.3900886
1725352496.3949401
1725352496.4110255
1725352496.4115481
1725352496.4953263
1725352496.4963713
1725352496.501205
1725352496.7724721
1725352496.772965
1725352496.7734094
1725352496.8006265
1725352496.8099048
1725352496.814172
1725352496.8147528
1725352496.8214138
1725352496.8639598
1725352497.061015
1725352497.0614758
1725352497.062003
1725352497.1088443
1725352497.3243914
1725352497.3801
1725352497.4210901
1725352497.516652
1725352497.6306362
1725352497.642232
1725352497.6427503
1725352497.643216
1725352497.6792827
1725352497.686508
1725352497.6871333
1725352497.7062836
1725352497.7070003
1725352497.7075822
1725352497.708047
1725352497.774239
1725352497.7877762
1725352497.7891235
1725352497.7896671
1725352497.9049802
1725352497.9055057
1725352498.0377538
1725352498.0387967
1725352498.0470839
1725352498.086802
1725352498.1264284
1725352498.1272955
1725352498.1284955
1725352498.1837378
1725352498.1841996
1725352498.1846578
1725352498.2324076
1725352498.2330334
1725352498.274003
1725352498.2895544
1725352498.2903402
1725352498.3087077
1725352498.309247
1725352498.3338075
1725352498.334276
1725352498.3349752
1725352498.3357358
1725352498.3607967
1725352498.403313
1725352498.40406
1725352498.4040856
1725352498.4040985
1725352498.404183
1725352498.4074407
1725352498.4244394
1725352498.4767244
1725352498.4787934
1725352498.4996417
1725352498.5006845
1725352498.5066183
1725352498.5275533
1725352498.5280282
1725352498.5303497
1725352498.5308588
1725352498.5499938
1725352498.552383
1725352498.5531182
1725352498.5536208
1725352498.5619087
1725352498.5800688
1725352498.583071
1725352498.6002378
1725352498.6009927
1725352498.6022255
1725352498.604539
1725352498.6169968
1725352498.6179962
1725352498.6208582
1725352498.631984
1725352498.6325867
1725352498.714489
1725352498.717075
1725352498.780425
1725352498.7929876
1725352498.7935345
1725352498.7968717
1725352498.829578
1725352498.830578
1725352498.831886
1725352498.8436406
1725352498.8880043
1725352498.9066007
1725352499.0115721
1725352499.0324244
1725352499.0331907
1725352499.0336664
1725352499.0363362
1725352499.0501614
1725352499.050643
1725352499.0511286
1725352499.1108057
1725352499.120129
1725352499.143531
1725352499.1837337
1725352499.2274835
1725352499.2282982
1725352499.264306
1725352499.3085124
1725352499.324684
1725352499.325529
1725352499.4519877
1725352499.54715
1725352499.5481384
1725352499.5489833
1725352499.5904372
1725352499.5923762
1725352499.6037316
1725352499.6109202
1725352499.61166
1725352499.612136
1725352499.6127448
1725352499.6283739
1725352499.6665375
1725352499.8009822
1725352499.8297496
1725352499.8302674
1725352499.8308015
1725352499.9070504
1725352499.9076314
1725352499.9645128
1725352499.9667947
1725352500.0139363
1725352500.019924
1725352500.0881228
1725352500.088533
1725352500.0889685
1725352500.1434753
1725352500.1642413
1725352500.1731007
1725352500.173813
1725352500.3055997
1725352500.3310373
1725352500.3316982
1725352500.3321402
1725352500.3518417
1725352500.3523767
1725352500.3529701
1725352500.3535235
1725352500.366088
1725352500.3668418
1725352500.3687713
1725352500.3815277
1725352500.3827899
1725352500.4470682
1725352500.4561303
1725352500.4573185
1725352500.5134163
1725352500.5141923
1725352500.5153985
1725352500.6066926
1725352500.607942
1725352500.6576545
1725352500.6581101
1725352500.8625402
1725352500.8633473
1725352500.8640335
1725352500.9575112
1725352500.95885
1725352500.9762764
1725352500.976728
1725352501.0383291
1725352501.0412846
1725352501.070956
1725352501.1404421
1725352501.1411114
1725352501.1416845
1725352501.2742388
1725352501.275543
1725352501.2759821
1725352501.3446772
1725352501.3448415
1725352501.5515518
1725352501.8647888
1725352501.9239001
1725352502.0499816
1725352502.0504656
1725352502.0510337
1725352502.301435
1725352502.3036735
1725352502.3043518
1725352502.304834
1725352502.3296459
1725352502.5424764
1725352502.5429945
1725352502.5897427
1725352502.5938377
1725352502.5942805
1725352502.6431072
1725352502.6564054
1725352502.6575959
1725352502.8875287
1725352502.8879545
1725352502.8910973
1725352502.9524484
1725352502.993322
1725352503.000052
1725352503.0023234
1725352503.0158758
1725352503.0189617
1725352503.0195186
1725352503.081687
1725352503.1184702
1725352503.1345441
1725352503.1469724
1725352503.1486354
1725352503.3515992
1725352503.3522243
1725352503.3533041
1725352503.3537984
1725352503.4458897
1725352503.4463112
1725352503.4694502
1725352503.4705002
1725352503.4944434
1725352503.5361495
1725352503.5922475
1725352503.670463
1725352503.6710806
1725352503.6714203
1725352503.700867
1725352503.7023678
1725352503.705639
1725352503.711521
1725352503.7122068
1725352503.71319
1725352503.8711765
1725352503.9003906
1725352503.9289353
1725352503.9297507
1725352503.9302213
1725352503.9375424
1725352503.9779232
1725352503.9919372
1725352503.992431
1725352504.0223854
1725352504.0230153
1725352504.023333
1725352504.031775
1725352504.042971
1725352504.1417584
1725352504.1431699
1725352504.2737398
1725352504.339683
1725352504.3490405
1725352504.3497448
1725352504.350869
1725352504.5313425
1725352504.5338707
1725352504.5368738
1725352504.5797434
1725352504.581141
1725352504.6202154
1725352504.6371312
1725352504.6377053
1725352504.6386268
1725352504.6563048
1725352504.6576948
1725352504.6789162
1725352504.6887956
1725352504.6895063
1725352504.6899602
1725352504.8331857
1725352504.8342035
1725352504.8944204
1725352505.1715329
1725352505.1724787
1725352505.1957335
1725352505.1965787
1725352505.2166474
1725352505.2988412
1725352505.4215405
1725352505.4286134
1725352505.4294388
1725352505.4299963
1725352505.4304607
1725352505.5988338
1725352505.6353562
1725352505.7061253
1725352505.7327037
1725352505.7336185
1725352505.7348657
1725352505.9135404
1725352505.9179616
1725352505.9419506
1725352505.9427114
1725352505.9434383
1725352505.9513273
1725352505.986552
1725352505.9884136
1725352506.0297992
1725352506.0303383
1725352506.0336635
1725352506.0975604
1725352506.0982337
1725352506.099109
1725352506.1546817
1725352506.155177
1725352506.1559465
1725352506.161218
1725352506.1720843
1725352506.1728537
1725352506.1733186
1725352506.1849928
1725352506.1964436
1725352506.197059
1725352506.1980162
1725352506.2170222
1725352506.217769
1725352506.2451851
1725352506.246046
1725352506.2589421
1725352506.263716
1725352506.2642264
1725352506.264687
1725352506.2654395
1725352506.3217845
1725352506.4003959
1725352506.4504392
1725352506.4510078
1725352506.4603958
1725352506.501451
1725352506.5019085
1725352506.5352695
1725352506.5872386
1725352506.6287966
1725352506.6288283
1725352506.6288517
1725352506.6289067
1725352506.724176
1725352506.856625
1725352506.9729846
1725352507.0297487
1725352507.032796
1725352507.0332987
1725352507.046514
1725352507.085567
1725352507.086018
1725352507.0864952
1725352507.1028342
1725352507.1044655
1725352507.1049821
1725352507.1076083
1725352507.3450902
1725352507.3523233
1725352507.3932538
1725352507.4988167
1725352507.5438018
1725352507.5445702
1725352507.6317213
1725352507.8726416
1725352507.882057
1725352507.8825576
1725352508.016904
1725352508.0197399
1725352508.1021543
1725352508.1030822
1725352508.1321862
1725352508.1530373
1725352508.1535003
1725352508.3434167
1725352508.3651733
1725352508.365743
1725352508.3664365
1725352508.3669543
1725352508.403162
1725352508.4121876
1725352508.412632
1725352508.4131055
1725352508.4514713
1725352508.4706228
1725352508.4712121
1725352508.5284307
1725352508.5297046
1725352508.560031
1725352508.560581
1725352508.676212
1725352508.6802223
1725352508.7023315
1725352508.702821
1725352508.7032983
1725352508.762831
1725352508.775423
1725352508.778204
1725352508.819182
1725352508.8690085
1725352508.89328
1725352508.8970919
1725352508.8979974
1725352508.9103253
1725352508.9238741
1725352508.9349573
1725352508.9356127
1725352508.936345
1725352509.0626714
1725352509.063169
1725352509.0639672
1725352509.0696912
1725352509.11099
1725352509.1890066
1725352509.3015733
1725352509.343096
1725352509.3960483
1725352509.3975508
1725352509.399684
1725352509.4096339
1725352509.4224238
1725352509.4232185
1725352509.4681904
1725352509.5471928
1725352509.5482202
1725352509.548693
1725352509.5856187
1725352509.5861607
1725352509.586861
1725352509.5875244
1725352509.66063
1725352509.795416
1725352509.7963057
1725352509.7972994
1725352509.8783114
1725352509.9195786
1725352510.0208077
1725352510.021686
1725352510.031347
1725352510.03229
1725352510.0521917
1725352510.0526257
1725352510.1522794
1725352510.152739
1725352510.1576724
1725352510.1965907
1725352510.1966197
1725352510.1966429
1725352510.1966977
1725352510.2051115
1725352510.4886827
1725352510.534248
1725352510.5352461
1725352510.7024624
1725352510.7030418
1725352510.7121415
1725352510.721487
1725352510.721985
1725352510.723013
1725352510.7467816
1725352510.7476833
1725352510.7484617
1725352510.7535415
1725352510.7540243
1725352510.865412
1725352510.9074883
1725352510.9101844
1725352510.91073
1725352510.9113288
1725352510.9564772
1725352510.9575016
1725352510.9581606
1725352511.0012145
1725352511.0023375
1725352511.0031106
1725352511.1056144
1725352511.106069
1725352511.1065733
1725352511.1117842
1725352511.1126604
1725352511.130075
1725352511.133102
1725352511.1359515
1725352511.1489456
1725352511.1908505
1725352511.2026064
1725352511.4427302
1725352511.4689775
1725352511.4694602
1725352511.5693505
1725352511.7487438
1725352511.917628
1725352511.91813
1725352511.9186192
1725352511.9383023
1725352511.9396484
1725352512.0333722
1725352512.064533
1725352512.065011
1725352512.065474
1725352512.1289957
1725352512.1716154
1725352512.172009
1725352512.1726491
1725352512.2612336
1725352512.2686288
1725352512.2708793
1725352512.2716148
1725352512.2721384
1725352512.277309
1725352512.332454
1725352512.3332279
1725352512.334609
1725352512.3466382
1725352512.3509324
1725352512.3524258
1725352512.3750613
1725352512.4111655
1725352512.4519808
1725352512.4830563
1725352512.4953463
1725352512.5381756
1725352512.6108673
1725352512.7552378
1725352512.8034124
1725352512.8038151
1725352512.8266902
1725352512.8972125
1725352512.9378498
1725352512.938394
1725352512.9697576
1725352512.9704194
1725352512.9904056
1725352513.0308359
1725352513.1224713
1725352513.1232576
1725352513.186588
1725352513.1870735
1725352513.1884985
1725352513.2578027
1725352513.2587347
1725352513.2595198
1725352513.3095067
1725352513.3175895
1725352513.326056
1725352513.3269448
1725352513.3979964
1725352513.39858
1725352513.443444
1725352513.4445004
1725352513.4517257
1725352513.4636002
1725352513.4756458
1725352513.476212
1725352513.4767466
1725352513.477587
1725352513.5022564
1725352513.529833
1725352513.53117
1725352513.5735054
1725352513.5819554
1725352513.5827465
1725352513.6061792
1725352513.6799433
1725352513.6803906
1725352513.680853
1725352513.8539495
1725352513.8676963
1725352514.0283675
1725352514.0288374
1725352514.0567338
1725352514.0673053
1725352514.067982
1725352514.1091366
1725352514.2884066
1725352514.2981448
1725352514.320661
1725352514.321123
1725352514.3353283
1725352514.3358016
1725352514.3408556
1725352514.4578629
1725352514.500159
1725352514.5006506
1725352514.5096908
1725352514.5101414
1725352514.7926304
1725352514.7930017
1725352514.8044043
1725352515.0191505
1725352515.062922
1725352515.0635486
1725352515.2276533
1725352515.2280378
1725352515.2976468
1725352515.2976809
1725352515.297706
1725352515.297741
1725352515.3142295
1725352515.3319967
1725352515.4907465
1725352515.6011844
1725352515.6021125
1725352515.6373081
1725352515.6419442
1725352515.642414
1725352515.650627
1725352515.6514146
1725352515.6548085
1725352515.7920856
1725352515.8337317
1725352515.8697884
1725352515.935168
1725352515.9356568
1725352515.9394813
1725352515.9399786
1725352515.992664
1725352516.055846
1725352516.0586836
1725352516.0587234
1725352516.0587509
1725352516.0587966
1725352516.1013591
1725352516.216935
1725352516.5153792
1725352516.5388882
1725352516.5619674
1725352516.5633333
1725352516.5842483
1725352516.5863194
1725352516.5874515
1725352516.6415534
1725352516.643197
1725352516.645698
1725352516.693392
1725352516.6971393
1725352516.697581
1725352516.7501714
1725352516.8339484
1725352516.89937
1725352516.9017982
1725352516.902252
1725352516.9092324
1725352516.9107451
1725352516.9752734
1725352517.0768077
1725352517.2369676
1725352517.254804
1725352517.258885
1725352517.259859
1725352517.30716
1725352517.3798997
1725352517.4123638
1725352517.504476
1725352517.6250236
1725352517.6258616
1725352517.6269145
1725352517.7901604
1725352517.7914274
1725352517.791853
1725352517.8456109
1725352517.857268
1725352517.8582697
1725352517.8589215
1725352517.8595295
1725352517.8995032
1725352517.9155605
1725352517.917561
1725352517.9937065
1725352518.0168443
1725352518.0173244
1725352518.0177922
1725352518.0260637
1725352518.137071
1725352518.1378438
1725352518.1921961
1725352518.196267
1725352518.2002099
1725352518.4295938
1725352518.5282528
1725352518.52934
1725352518.5416193
1725352518.5424528
1725352518.5432606
1725352518.6038637
1725352518.6985776
1725352518.6997142
1725352518.7003493
1725352518.7072124
1725352518.764063
1725352518.7755365
1725352518.7765355
1725352518.7785966
1725352519.0622964
1725352519.0627868
1725352519.0632198
1725352519.0639908
1725352519.0931265
1725352519.0944374
1725352519.0997748
1725352519.1014621
1725352519.1539264
1725352519.1692739
1725352519.170049
1725352519.171211
1725352519.4012668
1725352519.4017057
1725352519.4124997
1725352519.4239888
1725352519.424691
1725352519.425242
1725352519.5567327
1725352519.6518598
1725352519.6522284
1725352519.6610706
1725352519.8287723
1725352519.8312762
1725352519.8656266
1725352519.8675644
1725352519.9327347
1725352519.9339988
1725352520.0263464
1725352520.0278924
1725352520.0709946
1725352520.0854073
1725352520.0859818
1725352520.0873
1725352520.442966
1725352520.4508393
1725352520.4514768
1725352520.4519625
1725352520.4612718
1725352520.590845
1725352520.5911524
1725352520.5968153
1725352520.6131008
1725352520.6136622
1725352520.6144607
1725352520.615665
1725352520.816517
1725352520.8171782
1725352520.8187907
1725352520.853574
1725352520.8617425
1725352520.8623137
1725352520.912987
1725352520.9136162
1725352520.9273252
1725352520.927832
1725352520.939133
1725352520.9479544
1725352520.9484863
1725352520.963158
1725352520.9638236
1725352520.964463
1725352520.965037
1725352520.9865663
1725352520.9880202
1725352520.9892623
1725352520.9903002
1725352521.1197317
1725352521.1280322
1725352521.206882
1725352521.3278842
1725352521.3284929
1725352521.3298733
1725352521.3862958
1725352521.3879974
1725352521.554774
1725352521.5548859
1725352521.5549679
1725352521.5550838
1725352521.571675
1725352521.6585333
1725352521.8548293
1725352521.8554265
1725352521.9500244
1725352521.9903502
1725352522.0412507
1725352522.041721
1725352522.0422065
1725352522.0828862
1725352522.1102748
1725352522.142241
1725352522.2634935
1725352522.2637906
1725352522.2889457
1725352522.3263106
1725352522.3717515
1725352522.373211
1725352522.4006045
1725352522.4038572
1725352522.4041493
1725352522.4711797
1725352522.491863
1725352522.4931803
1725352522.504276
1725352522.570296
1725352522.5713165
1725352522.656695
1725352522.6587214
1725352522.710303
1725352522.711071
1725352522.720639
1725352522.7887893
1725352522.8422644
1725352522.842607
1725352522.85537
1725352522.9105792
1725352523.0963166
1725352523.0971944
1725352523.101244
1725352523.102113
1725352523.2781627
1725352523.2785797
1725352523.286602
1725352523.2933939
1725352523.3152478
1725352523.40982
1725352523.4104102
1725352523.4367323
1725352523.4680285
1725352523.4711194
1725352523.4785879
1725352523.4791465
1725352523.5221362
1725352523.5235744
1725352523.5241148
1725352523.5784
1725352523.6227992
1725352523.677576
1725352523.7399616
1725352523.7407508
1725352523.7419927
1725352523.83196
1725352523.8327417
1725352523.9285538
1725352523.9292777
1725352524.0261955
1725352524.332798
1725352524.4289224
1725352524.429453
1725352524.469709
1725352524.8165715
1725352524.9221597
1725352524.9353683
1725352525.030224
1725352525.0392113
1725352525.0399377
1725352525.0936298
1725352525.095147
1725352525.0958607
1725352525.1592405
1725352525.1598115
1725352525.297449
1725352525.2978938
1725352525.3001065
1725352525.5401473
1725352525.5407097
1725352525.5504763
1725352525.5563073
1725352525.5579536
1725352525.558771
1725352525.5608985
1725352525.6011703
1725352525.609972
1725352525.6955466
1725352525.6959763
1725352525.7232234
1725352525.7470644
1725352525.7732766
1725352525.7738104
1725352525.778386
1725352525.7885242
1725352525.7890317
1725352525.7900813
1725352525.7905161
1725352525.8831787
1725352525.9724176
1725352525.9891217
1725352525.9896555
1725352526.137785
1725352526.1393073
1725352526.1410935
1725352526.2372472
1725352526.2383878
1725352526.2463112
1725352526.2553668
1725352526.257094
1725352526.2842627
1725352526.2907186
1725352526.292154
1725352526.293743
1725352526.300725
1725352526.327836
1725352526.329149
1725352526.3299623
1725352526.336826
1725352526.357279
1725352526.357946
1725352526.3719323
1725352526.3741267
1725352526.4184175
1725352526.4194102
1725352526.5570717
1725352526.5582101
1725352526.8026907
1725352526.9623206
1725352526.9630737
1725352526.986477
1725352527.1313632
1725352527.1319754
1725352527.2152894
1725352527.2552485
1725352527.365027
1725352527.3910897
1725352527.5030658
1725352527.5037198
1725352527.6248431
1725352527.6655896
1725352527.795548
1725352527.7965157
1725352527.7976356
1725352527.7991383
1725352528.0238833
1725352528.0243652
1725352528.078351
1725352528.1255896
1725352528.1297953
1725352528.1302886
1725352528.2581558
1725352528.26592
1725352528.2664568
1725352528.2735434
1725352528.2743893
1725352528.3050704
1725352528.3057153
1725352528.3135498
1725352528.3141956
1725352528.3146956
1725352528.3193183
1725352528.3207169
1725352528.3361113
1725352528.3851607
1725352528.3856668
1725352528.4372704
1725352528.445694
1725352528.4461508
1725352528.4465878
1725352528.4865348
1725352528.6722577
1725352528.7237298
1725352528.7241745
1725352528.7251284
1725352528.7485325
1725352528.7540238
1725352528.7866714
1725352528.838103
1725352528.838411
1725352528.8384356
1725352528.8385057
1725352528.850325
1725352528.887569
1725352528.9899552
1725352529.0610123
1725352529.0730975
1725352529.1261282
1725352529.147706
1725352529.2850864
1725352529.2877915
1725352529.2921543
1725352529.294968
1725352529.2955008
1725352529.3059971
1725352529.307468
1725352529.3203132
1725352529.321409
1725352529.384529
1725352529.3851821
1725352529.3984916
1725352529.3989902
1725352529.4240665
1725352529.428323
1725352529.4659765
1725352529.4666774
1725352529.473601
1725352529.482813
1725352529.4853773
1725352529.4858503
1725352529.4863195
1725352529.5213616
1725352529.5352323
1725352529.5359945
1725352529.5365102
1725352529.5522628
1725352529.5766041
1725352529.5804002
1725352529.6699862
1725352529.911498
1725352529.9144135
1725352529.958621
1725352529.9592953
1725352529.960003
1725352529.9680104
1725352529.9684715
1725352529.9852
1725352529.986143
1725352529.9932005
1725352529.9947698
1725352529.9958208
1725352529.9964457
1725352529.9993727
1725352530.0313408
1725352530.0336895
1725352530.0409892
1725352530.049282
1725352530.056524
1725352530.067414
1725352530.0798626
1725352530.0805082
1725352530.0811663
1725352530.1802943
1725352530.1816154
1725352530.1836925
1725352530.2135358
1725352530.2149065
1725352530.220858
1725352530.2220604
1725352530.2227166
1725352530.2561798
1725352530.3431394
1725352530.4053075
1725352530.406163
1725352530.4069033
1725352530.412801
1725352530.447606
1725352530.4482846
1725352530.4488127
1725352530.4872413
1725352530.4884882
1725352530.4904642
1725352530.492216
1725352530.5022624
1725352530.5084333
1725352530.5104256
1725352530.5113924
1725352530.514779
1725352530.516179
1725352530.5210888
1725352530.522054
1725352530.5351558
1725352530.5359778
1725352530.5541308
1725352530.554586
1725352530.576395
1725352530.5832849
1725352530.584159
1725352530.5917778
1725352530.5943322
1725352530.6044981
1725352530.6060553
1725352530.6100032
1725352530.6412168
1725352530.6424546
1725352530.6686394
1725352530.7487118
1725352530.7901144
1725352530.8844492
1725352530.9336047
1725352530.9741704
1725352531.067438
1725352531.0994358
1725352531.1022844
1725352531.1838772
1725352531.1843097
1725352531.4403589
1725352531.4466193
1725352531.4480922
1725352531.4507174
1725352531.5076287
1725352531.5086458
1725352531.5094082
1725352531.5233555
1725352531.546265
1725352531.5471485
1725352531.6695743
1725352531.9929714
1725352532.028992
1725352532.029855
1725352532.0709078
1725352532.0723732
1725352532.0727816
1725352532.088795
1725352532.0905044
1725352532.09769
1725352532.1627524
1725352532.1794293
1725352532.1797347
1725352532.1803968
1725352532.3185112
1725352532.3301895
1725352532.3317673
1725352532.3729534
1725352532.471109
1725352532.4827833
1725352532.482889
1725352532.5897067
1725352532.6392617
1725352532.6400335
1725352532.6405451
1725352532.6714349
1725352532.6718202
1725352532.7001345
1725352532.7023284
1725352532.746906
1725352532.7757332
1725352532.7764504
1725352532.7772558
1725352532.843972
1725352533.0779808
1725352533.4718764
1725352533.4723895
1725352533.5465338
1725352533.5470479
1725352533.5487304
1725352533.5491738
1725352533.5894513
1725352533.5903554
1725352533.591372
1725352533.7022932
1725352533.7516928
1725352533.7591
1725352533.7647915
1725352533.7652347
1725352533.918109
1725352533.923211
1725352533.9238625
1725352534.0385807
1725352534.0398781
1725352534.0872989
1725352534.1215436
1725352534.1216378
1725352534.12172
1725352534.1218367
1725352534.1547256
1725352534.1847956
1725352534.502087
1725352534.5037594
1725352534.5109994
1725352534.512919
1725352534.613787
1725352534.646291
1725352534.6786835
1725352534.6799781
1725352534.682537
1725352534.6834338
1725352534.69816
1725352534.7056234
1725352534.727244
1725352534.7297602
1725352534.7302845
1725352534.7433393
1725352534.744722
1725352534.7473764
1725352534.7481961
1725352534.7552958
1725352534.7664816
1725352534.7748709
1725352534.7763803
1725352534.929134
1725352534.9303637
1725352534.9344747
1725352534.9366367
1725352535.0804753
1725352535.0829055
1725352535.1075544
1725352535.1082475
1725352535.1458662
1725352535.147583
1725352535.1757329
1725352535.249998
1725352535.301105
1725352535.3122318
1725352535.318459
1725352535.319294
1725352535.3213234
1725352535.322567
1725352535.3299644
1725352535.330619
1725352535.3311348
1725352535.4626892
1725352535.4642568
1725352535.4650774
1725352535.484307
1725352535.4847841
1725352535.5743701
1725352535.6079495
1725352535.609726
1725352535.6129036
1725352535.701962
1725352535.719966
1725352535.720773
1725352535.9092512
1725352535.9112077
1725352536.3066382
1725352536.3142505
1725352536.3189466
1725352536.4518218
1725352536.4522676
1725352536.4924395
1725352536.521678
1725352536.5223699
1725352536.5786874
1725352536.5809536
1725352536.630022
1725352536.6978567
1725352536.698533
1725352536.7000172
1725352536.7458851
1725352536.7462552
1725352536.7467318
1725352536.8801777
1725352536.888735
1725352536.890361
1725352536.8915415
1725352536.9202466
1725352536.9213548
1725352536.9219928
1725352536.9229236
1725352537.072114
1725352537.2317843
1725352537.2336903
1725352537.312774
1725352537.313598
1725352537.3479035
1725352537.3700383
1725352537.370745
1725352537.371562
1725352537.5010138
1725352537.5017254
1725352537.5022044
1725352537.5729988
1725352537.573699
1725352537.5742342
1725352537.5919607
1725352537.6055603
1725352537.6118612
1725352537.6400676
1725352537.6406307
1725352537.6703744
1725352537.7422957
1725352537.7430077
1725352537.769155
1725352537.8197641
1725352537.8237054
1725352537.8256378
1725352537.832063
1725352537.833446
1725352537.8397973
1725352537.8418546
1725352537.8517406
1725352537.8522522
1725352537.934911
1725352537.9353375
1725352537.9357817
1725352537.950955
1725352538.0659049
1725352538.1679795
1725352538.1687708
1725352538.1692424
1725352538.3439267
1725352538.5265164
1725352538.526853
1725352538.6046503
1725352538.6333034
1725352538.6340206
1725352538.6356103
1725352538.6791658
1725352538.7948382
1725352538.7953477
1725352538.7957935
1725352538.8135319
1725352538.8185246
1725352538.8200178
1725352538.831698
1725352538.844697
1725352538.8455656
1725352538.882862
1725352538.8854444
1725352538.8866014
1725352538.9356952
1725352539.0024636
1725352539.011574
1725352539.0887287
1725352539.0894108
1725352539.1338649
1725352539.1766434
1725352539.1782541
1725352539.1979973
1725352539.1998825
1725352539.2615595
1725352539.2638123
1725352539.301709
1725352539.3024814
1725352539.3031297
1725352539.3447402
1725352539.552112
1725352539.5525846
1725352539.5599735
1725352539.560429
1725352539.5624185
1725352539.57104
1725352539.6397026
1725352539.6531656
1725352539.6572015
1725352539.6694183
1725352539.6698718
1725352539.6705098
1725352539.6710525
1725352539.687652
1725352539.74354
1725352539.762743
1725352539.7633169
1725352539.777789
1725352539.7783544
1725352539.7915297
1725352539.7922614
1725352539.808296
1725352539.8199327
1725352539.8274498
1725352539.8278873
1725352539.828381
1725352539.8301544
1725352539.8489547
1725352539.8603802
1725352539.902084
1725352539.9680283
1725352539.9752195
1725352540.015568
1725352540.0160403
1725352540.11361
1725352540.1143491
1725352540.1322584
1725352540.1453617
1725352540.216282
1725352540.225386
1725352540.2256134
1725352540.388693
1725352540.4433956
1725352540.4597838
1725352540.460399
1725352540.460845
1725352540.461314
1725352540.5121443
1725352540.5126905
1725352540.5424109
1725352540.5429323
1725352540.5759866
1725352540.5764515
1725352540.5769236
1725352540.8087869
1725352540.8092492
1725352540.809703
1725352540.824972
1725352540.8261628
1725352540.8440723
1725352540.844941
1725352540.8454013
1725352540.9207428
1725352540.9611423
1725352541.0417418
1725352541.041777
1725352541.041812
1725352541.3104377
1725352541.3111196
1725352541.4026363
1725352541.5361075
1725352541.5474277
1725352541.5478718
1725352541.5483384
1725352541.5837603
1725352541.5901003
1725352541.5908926
1725352541.623952
1725352541.6405587
1725352541.6440718
1725352541.6498802
1725352541.650357
1725352541.695727
1725352541.7368965
1725352541.7973187
1725352541.9296875
1725352542.0100102
1725352542.0202453
1725352542.0206838
1725352542.0505779
1725352542.0518136
1725352542.1073039
1725352542.1797137
1725352542.1801305
1725352542.180846
1725352542.195713
1725352542.2288752
1725352542.302007
1725352542.362885
1725352542.427101
1725352542.4274228
1725352542.4278347
1725352542.4282553
1725352542.465901
1725352542.4919066
1725352542.4922855
1725352542.492708
1725352542.495059
1725352542.495738
1725352542.5825007
1725352542.582937
1725352542.5894964
1725352542.589915
1725352542.593647
1725352542.6760006
1725352542.7167802
1725352542.881538
1725352542.9246743
1725352542.9251106
1725352542.9561284
1725352542.9566178
1725352542.957653
1725352542.9596431
1725352542.982664
1725352542.9832656
1725352543.0312262
1725352543.0333927
1725352543.0338187
1725352543.0418992
1725352543.0472798
1725352543.048073
1725352543.08313
1725352543.0837698
1725352543.0842564
1725352543.1903007
1725352543.2982635
1725352543.3135598
1725352543.3308845
1725352543.3316278
1725352543.3919146
1725352543.3940697
1725352543.4062278
1725352543.4065914
1725352543.406975
1725352543.420534
1725352543.420947
1725352543.4998274
1725352543.5406168
1725352543.5842571
1725352543.5848992
1725352543.5853255
1725352543.6121466
1725352543.6124759
1725352543.6843727
1725352543.6889036
1725352543.692729
1725352543.6971426
1725352543.6974735
1725352543.7269695
1725352543.727711
1725352543.730731
1725352543.7362008
1725352543.7499988
1725352543.7515843
1725352543.7571726
1725352543.757545
1725352543.7579098
1725352543.758268
1725352543.7706168
1725352543.771833
1725352543.774809
1725352543.7772703
1725352543.777824
1725352543.8245604
1725352543.8297436
1725352543.8418977
1725352543.8559372
1725352543.8774269
1725352543.8790832
1725352543.8892264
1725352543.903096
1725352543.9034674
1725352543.9076111
1725352543.9102516
1725352543.9436781
1725352543.9504786
1725352543.9518566
1725352543.993794
1725352543.9941492
1725352543.9945984
1725352544.0722263
1725352544.0729542
1725352544.0733109
1725352544.0749266
1725352544.1712997
1725352544.2123892
1725352544.2365296
1725352544.2700212
1725352544.28079
1725352544.287613
1725352544.2938883
1725352544.3544416
1725352544.3571062
1725352544.3979952
1725352544.401955
1725352544.517326
1725352544.5273826
1725352544.5392134
1725352544.5397053
1725352544.5404246
1725352544.5409153
1725352544.541208
1725352544.6036868
1725352544.6040823
1725352544.6132028
1725352544.6137056
1725352544.7178755
1725352544.7182462
1725352544.7186131
1725352544.7584965
1725352544.7731466
1725352544.7739651
1725352544.7772465
1725352544.818538
1725352544.9117367
1725352544.9117644
1725352544.9117997
1725352545.0489051
1725352545.0826633
1725352545.1308408
1725352545.1323419
1725352545.1338024
1725352545.1377375
1725352545.1583364
1725352545.1982622
1725352545.267133
1725352545.273348
1725352545.320344
1725352545.3501482
1725352545.3508036
1725352545.351136
1725352545.3514433
1725352545.3775759
1725352545.387221
1725352545.387508
1725352545.387953
1725352545.3885322
1725352545.3905768
1725352545.391403
1725352545.391756
1725352545.3981607
1725352545.408392
1725352545.4093964
1725352545.4122121
1725352545.414913
1725352545.4186642
1725352545.427269
1725352545.4292026
1725352545.4307783
1725352545.4401827
1725352545.4410582
1725352545.4498494
1725352545.450037
1725352545.4502695
1725352545.4504187
1725352545.4591117
1725352545.4592333
1725352545.4593604
1725352545.4594846
1725352545.4596164
1725352545.4600582
1725352545.476238
1725352545.4762645
1725352545.4762893
1725352545.4763193
1725352545.4766219
1725352545.5173495
1725352545.5401428
1725352545.543462
1725352545.5635724
1725352545.5637722
1725352545.5691378
1725352545.5693126
1725352545.5694296
1725352545.5695775
1725352545.5696979
1725352545.5719
1725352545.596052
1725352545.5962856
1725352545.5964217
1725352545.5965471
1725352545.5966728
1725352545.5968275
1725352545.5988467
1725352545.5991926
1725352545.6010816
1725352545.6013734
1725352545.6477728
1725352545.66397
1725352545.6916473
1725352545.6940393
1725352545.704076
1725352545.7066379
1725352545.706821
1725352545.7069585
1725352545.7070796
1725352545.7071984
1725352545.707322
1725352545.7074428
1725352545.740983
1725352545.7476506
1725352545.7529466
1725352545.7755477
1725352545.7820144
1725352545.7823997
1725352545.8025434
1725352545.8338902
1725352545.8345454
1725352545.8346744
1725352545.83483
1725352545.834975
1725352545.8350923
1725352545.8352215
1725352545.8353329
1725352545.837017
1725352545.8370392
1725352545.837625
1725352545.855995
1725352545.8562357
1725352545.8695045
1725352545.8696187
1725352545.86968
1725352545.8697498
1725352545.8698356
1725352545.8699098
1725352545.870039
1725352545.8701
1725352545.8702028
1725352545.8702588
1725352545.8704393
1725352545.8705664
1725352545.8706262
1725352545.870719
1725352545.8830726
1725352545.8832152
1725352545.883296
1725352545.8833578
1725352545.8834171
1725352545.8834753
1725352545.883537
1725352545.883609
1725352545.8836951
1725352545.8838112
1725352545.883877
1725352545.8839412
1725352545.8840008
1725352545.884064
1725352545.8841274
1725352545.8841996
1725352545.8842633
1725352545.8843684
1725352545.890818
1725352545.8908796
1725352545.890948
1725352545.8910944
1725352545.8911626
1725352545.8912258
1725352545.8912866
1725352545.8913655
1725352545.8914971
1725352545.8915627
1725352545.8916273
1725352545.8916922
1725352545.891755
1725352545.8918192
1725352545.8923268
1725352545.8924313
1725352545.893552
1725352545.9048386
1725352545.9326057
1725352545.9415443
1725352545.9424357
1725352545.942543
1725352545.9427822
1725352545.942834
1725352545.9566314
1725352545.9578614
1725352545.9580202
1725352545.9580958
1725352545.9581559
1725352545.9582183
1725352545.9648151
1725352545.974845
1725352545.9767754
1725352545.9768336
1725352545.9775515
1725352545.9776266
1725352545.9776866
1725352545.9777455
1725352545.9779902
1725352545.9780955
1725352545.993127
1725352545.993302
1725352545.99336
1725352545.9934218
1725352546.0025527
1725352546.0025756
1725352546.0034351
1725352546.0119097
1725352546.0120068
1725352546.0120711
1725352546.0121317
1725352546.0121918
1725352546.012316
1725352546.01287
1725352546.0130696
1725352546.0131352
1725352546.0133529
1725352546.013444
1725352546.0135062
1725352546.0135677
1725352546.0136292
1725352546.013694
1725352546.0137992
1725352546.013876
1725352546.013939
1725352546.0139985
1725352546.014061
1725352546.0141335
1725352546.0143743
1725352546.0145571
1725352546.0147233
1725352546.0147858
1725352546.030548
1725352546.0467083
1725352546.0467708
1725352546.1111567
1725352546.11248
1725352546.1138654
1725352546.2313116
1725352546.2366018
1725352546.2496264
1725352546.2539244
1725352546.2644534
1725352546.3101702
1725352546.524105
1725352546.5817323
1725352546.583235
1725352546.5873091
1725352546.6207893
1725352546.6714191
1725352546.6726725
1725352546.7062478
1725352546.7326794
1725352546.7335663
1725352546.7383113
1725352546.8309593
1725352546.867257
1725352546.8728774
1725352546.8759658
1725352546.8775058
1725352546.9643216
1725352546.968378
1725352547.141329
1725352547.1443744
1725352547.1472173
1725352547.154974
1725352547.1588912
1725352547.2630134
1725352547.2648797
1725352547.3355277
1725352547.3400784
1725352547.3615823
1725352547.3755813
1725352547.3776886
1725352547.3809674
1725352547.3837268
1725352547.387144
1725352547.4361038
1725352547.4375172
1725352547.4541311
1725352547.4557076
1725352547.5121408
1725352547.5135527
1725352547.5911822
1725352547.6633892
1725352547.6971943
1725352547.844578
1725352547.9756377
1725352547.979363
1725352547.980224
1725352548.052131
1725352548.053631
1725352548.415589
1725352548.4491577
1725352548.450559
1725352548.597216
1725352548.6358557
1725352548.6835017
1725352548.69269
1725352548.6961465
1725352548.6975121
1725352548.7057815
1725352548.9331596
1725352548.938497
1725352549.0110755
1725352549.0122166
1725352549.1210506
1725352549.125347
1725352549.126185
1725352549.230315
1725352549.3022094
1725352549.9955657
1725352550.1247036
1725352550.1262722
1725352550.499616
1725352550.541137
1725352550.6537106
1725352550.6599462
1725352550.720218
1725352551.0061707
1725352551.0453029
1725352551.0862515
1725352551.1367931
1725352551.2465928
1725352551.2628613
1725352551.2722986
1725352551.2971938
1725352551.343504
1725352551.3484976
1725352551.3941643
1725352551.4354377
1725352551.4377837
1725352551.5021007
1725352551.5576181
1725352551.5590093
1725352551.6641946
1725352551.8864727
1725352551.989497
1725352552.1141644
1725352552.1191974
1725352552.1205251
1725352552.1821904
1725352552.2988288
1725352552.32356
1725352552.3388379
1725352552.3439403
1725352552.3585477
1725352552.386693
1725352552.4260437
1725352552.4294167
1725352552.4833062
1725352552.518311
1725352552.5891812
1725352552.612964
1725352552.6252465
1725352552.7532187
1725352552.8080595
1725352552.8258471
1725352552.8272495
1725352552.9087129
1725352552.9102366
1725352553.0668495
1725352553.1392539
1725352553.161999
1725352553.1757646
1725352553.2389712
1725352553.2403185
1725352553.2692728
1725352553.2859685
1725352553.2890165
1725352553.294302
1725352553.297279
1725352553.298821
1725352553.3514051
1725352553.3642478
1725352553.4222872
1725352553.4865716
1725352553.500701
1725352553.503994
1725352553.516533
1725352553.5569842
1725352553.5835087
1725352553.584975
1725352553.6383734
1725352553.6527421
1725352553.6541111
1725352553.6605623
1725352553.6728032
1725352553.6748676
1725352553.69555
1725352553.6975107
1725352553.7292614
1725352553.7645543
1725352553.7666397
1725352553.7828896
1725352553.8164415
1725352553.8402257
1725352553.857611
1725352553.8768516
1725352553.969957
1725352553.9740672
1725352553.9762442
1725352554.0043945
1725352554.018756
1725352554.0557637
1725352554.0588436
1725352554.0597656
1725352554.079132
1725352554.09903
1725352554.108779
1725352554.1103094
1725352554.1230648
1725352554.1651597
1725352554.1900694
1725352554.1924984
1725352554.1954148
1725352554.2122095
1725352554.2361655
1725352554.2783306
1725352554.2789686
1725352554.3041131
1725352554.3083746
1725352554.350939
1725352554.3533354
1725352554.3860145
1725352554.406876
1725352554.4074168
1725352554.4300792
1725352554.4521987
1725352554.4549618
1725352554.5075004
1725352554.5099864
1725352554.5291092
1725352554.5502658
1725352554.5853205
1725352554.587566
1725352554.5903263
1725352554.617837
1725352554.6196072
1725352554.654754
1725352554.6613178
1725352554.6894503
1725352554.7289865
1725352554.7322612
1725352554.7421138
1725352554.7664757
1725352554.8381436
1725352554.854609
1725352554.8597732
1725352554.9142146
1725352554.954725
1725352554.9578056
1725352554.9664402
1725352554.980807
1725352555.0053675
1725352555.0084589
1725352555.016807
1725352555.0211077
1725352555.025151
1725352555.0442252
1725352555.0491412
1725352555.1213336
1725352555.1720595
1725352555.1981676
1725352555.20027
1725352555.2043967
1725352555.2353501
1725352555.2368195
1725352555.2577586
1725352555.267343
1725352555.2973511
1725352555.2985933
1725352555.4100044
1725352555.4242365
1725352555.4385617
1725352555.4415967
1725352555.464715
1725352555.5126512
1725352555.5320628
1725352555.582391
1725352555.6202765
1725352555.6439908
1725352555.6554663
1725352555.6569655
1725352555.6850421
1725352555.7092788
1725352555.7252855
1725352555.86124
1725352555.928129
1725352555.9319406
1725352555.9347968
1725352556.0068145
1725352556.012431
1725352556.0124538
1725352556.0138254
1725352556.017402
1725352556.1221983
1725352556.2908552
1725352556.3085105
1725352556.3090954
1725352556.3198552
1725352556.3212028
1725352556.323157
1725352556.3292186
1725352556.3315625
1725352556.3595579
1725352556.362175
1725352556.3815176
1725352556.4240015
1725352556.426766
1725352556.4293022
1725352556.6308079
1725352556.6669757
1725352556.800216
1725352556.8105025
1725352556.8123527
1725352556.8349662
1725352556.8378184
1725352556.8978767
1725352556.9673038
1725352556.9717357
1725352556.9843152
1725352556.986277
1725352557.0317829
1725352557.041737
1725352557.043742
1725352557.0762827
1725352557.080992
1725352557.1337197
1725352557.1589677
1725352557.1983614
1725352557.233426
1725352557.2798088
1725352557.2995825
1725352557.3068185
1725352557.3615646
1725352557.3705366
1725352557.375068
1725352557.3804889
1725352557.6229346
1725352557.7066813
1725352557.8369732
1725352557.9054735
1725352557.9331205
1725352557.9345999
1725352557.9533887
1725352557.9553666
1725352557.9604273
1725352557.9793508
1725352558.0054984
1725352558.0859733
1725352558.1278634
1725352558.2744691
1725352558.3005235
1725352558.3076324
1725352558.3124402
1725352558.3258674
1725352558.3294423
1725352558.3908985
1725352558.5477114
1725352558.6416092
1725352558.6520205
1725352558.6696293
1725352558.7120686
1725352558.9397666
1725352559.1136775
1725352559.1583326
1725352559.207124
1725352559.208542
1725352559.2112353
1725352559.2424445
1725352559.321992
1725352559.3244748
1725352559.3396626
1725352559.3416464
1725352559.3416739
1725352559.367606
1725352559.7049055
1725352559.768159
1725352560.1810005
1725352560.1829789
1725352560.216351
1725352560.2442377
1725352560.2623782
1725352560.31792
1725352560.5136058
1725352560.596235
1725352560.5977309
1725352560.6000917
1725352560.6124349
1725352560.6313846
1725352560.8407164
1725352560.964548
1725352560.9976573
1725352560.9996934
1725352561.0462763
1725352561.07315
1725352561.1545463
1725352561.1805835
1725352561.223534
1725352561.2249105
1725352561.2629948
1725352561.2731836
1725352561.3060355
1725352561.3073893
1725352561.3830507
1725352561.4104874
1725352561.4477856
1725352561.4501643
1725352561.4512222
1725352561.4583406
1725352561.4614594
1725352561.52907
1725352561.5605397
1725352561.5650408
1725352561.568405
1725352561.6935992
1725352561.6951692
1725352561.6990445
1725352561.7333841
1725352561.7365725
1725352561.7375636
1725352562.0343566
1725352562.04801
1725352562.05886
1725352562.0761142
1725352562.0787847
1725352562.0974424
1725352562.1829748
1725352562.1842737
1725352562.2458649
1725352562.3288555
1725352562.3515465
1725352562.3551595
1725352562.3578987
1725352562.3699024
1725352562.3845603
1725352562.3887506
1725352562.3914235
1725352562.3928242
1725352562.4851074
1725352562.6467216
1725352562.707312
1725352562.7093344
1725352562.7119176
1725352562.7678003
1725352562.821388
1725352562.8538773
1725352562.853909
1725352562.8539348
1725352562.8543913
1725352562.8891792
1725352562.8915656
1725352562.9311256
1725352562.932944
1725352562.9533212
1725352562.9909844
1725352563.0147035
1725352563.0173063
1725352563.0313888
1725352563.0326962
1725352563.051179
1725352563.0813873
1725352563.094262
1725352563.096171
1725352563.098881
1725352563.137018
1725352563.138628
1725352563.143317
1725352563.180905
1725352563.2057536
1725352563.2079115
1725352563.3025525
1725352563.3056622
1725352563.3441503
1725352563.3522708
1725352563.3562193
1725352563.3640604
1725352563.416368
1725352563.4200382
1725352563.432048
1725352563.4765217
1725352563.478623
1725352563.531689
1725352563.6115718
1725352563.6274796
1725352563.6313245
1725352563.6342235
1725352563.6893284
1725352563.7617455
1725352563.7650123
1725352563.7668033
1725352563.7713819
1725352563.772806
1725352563.8189073
1725352563.830254
1725352563.8316493
1725352563.855704
1725352563.864068
1725352563.9150214
1725352563.9696248
1725352563.9710155
1725352564.0409694
1725352564.0449984
1725352564.0549836
1725352564.0641227
1725352564.069915
1725352564.0973604
1725352564.098748
1725352564.1046634
1725352564.1239216
1725352564.2195795
1725352564.2433524
1725352564.2452786
1725352564.2586129
1725352564.2806437
1725352564.282097
1725352564.2863266
1725352564.3047884
1725352564.3190913
1725352564.3359911
1725352564.3432086
1725352564.3534865
1725352564.3557625
1725352564.4294715
1725352564.4318807
1725352564.4445593
1725352564.4487665
1725352564.4766233
1725352564.5085654
1725352564.5185134
1725352564.5231085
1725352564.5612419
1725352564.564284
1725352564.5670726
1725352564.5920432
1725352564.6191602
1725352564.6223915
1725352564.6448655
1725352564.7324035
1725352564.7352188
1725352564.7380447
1725352564.7487423
1725352564.781169
1725352564.8558679
1725352564.8595512
1725352564.9239316
1725352564.9448192
1725352564.9738586
1725352565.0957456
1725352565.151418
1725352565.1920943
1725352565.196667
1725352565.201
1725352565.20467
1725352565.266365
1725352565.2691698
1725352565.4133184
1725352565.5565734
1725352565.6082175
1725352565.8632424
1725352566.0158153
1725352566.1433856
1725352566.2109282
1725352566.2842677
1725352566.3608036
1725352566.3608975
1725352566.45277
1725352566.7259667
1725352566.784202
1725352566.7899985
1725352567.0418205
1725352567.09973
1725352567.1613452
1725352567.166207
1725352567.1755116
1725352567.1796587
1725352567.2244816
1725352567.257278
1725352567.26318
1725352567.2875042
1725352567.34528
1725352567.3759446
1725352567.3882904
1725352567.4069395
1725352567.4594762
1725352567.475615
1725352567.491236
1725352567.4990125
1725352567.5039907
1725352567.5265434
1725352567.5302567
1725352567.535211
1725352567.600843
1725352567.6035151
1725352567.6228776
1725352567.625675
1725352567.6416838
1725352567.6442661
1725352567.6970348
1725352567.8010619
1725352567.8024263
1725352567.8610466
1725352568.0285757
1725352568.09253
1725352568.1298535
1725352568.3953283
1725352568.7017047
1725352568.8721411
1725352568.8747306
1725352568.8761358
1725352568.8800673
1725352568.9760864
1725352568.9953122
1725352569.0193715
1725352569.0249484
1725352569.030478
1725352569.0331225
1725352569.0350807
1725352569.2233362
1725352569.2460654
1725352569.3344953
1725352569.5663028
1725352569.6018324
1725352569.6059246
1725352569.6280499
1725352569.7119381
1725352569.7132747
1725352569.7297218
1725352569.943615
1725352569.9593992
1725352569.9608948
1725352569.9625614
1725352569.996485
1725352570.0538287
1725352570.0895636
1725352570.0922506
1725352570.0937617
1725352570.0952153
1725352570.0976927
1725352570.3303878
1725352570.344094
1725352570.3881412
1725352570.3910859
1725352570.401895
1725352570.41127
1725352570.415585
1725352570.4632068
1725352570.4645867
1725352570.757052
1725352570.7611628
1725352570.7669406
1725352570.7913494
1725352570.8147337
1725352570.8175128
1725352570.9881313
1725352571.009392
1725352571.041135
1725352571.0865626
1725352571.1244197
1725352571.1410096
1725352571.2108784
1725352571.2146568
1725352571.2449868
1725352571.2481725
1725352571.2689116
1725352571.2796414
1725352571.2829707
1725352571.3683228
1725352571.4083922
1725352571.410058
1725352571.4338605
1725352571.4374933
1725352571.455712
1725352571.4846168
1725352571.48911
1725352571.5068843
1725352571.5091004
1725352571.5501914
1725352571.6229749
1725352571.6764727
1725352571.7074838
1725352571.708925
1725352571.7469103
1725352571.7971776
1725352571.8228033
1725352571.8777144
1725352571.8792484
1725352571.9238837
1725352571.9594
1725352571.9828906
1725352571.9862785
1725352571.9886496
1725352572.0180297
1725352572.0420327
1725352572.0452945
1725352572.0596883
1725352572.1492488
1725352572.2310333
1725352572.2396579
1725352572.2418447
1725352572.3019254
1725352572.3057232
1725352572.3083527
1725352572.3097854
1725352572.3152528
1725352572.3486114
1725352572.3620005
1725352572.369398
1725352572.410121
1725352572.42138
1725352572.438579
1725352572.4497633
1725352572.4541135
1725352572.4701426
1725352572.472032
1725352572.4774415
1725352572.4941146
1725352572.5492735
1725352572.5640745
1725352572.580023
1725352572.7472236
1725352572.749722
1725352572.8006732
1725352572.8120708
1725352572.813522
1725352572.8161614
1725352572.8218765
1725352572.9159558
1725352572.9392002
1725352572.9638188
1725352573.0459251
1725352573.13115
1725352573.1331403
1725352573.1459103
1725352573.1477842
1725352573.1669397
1725352573.168457
1725352573.1789033
1725352573.2458904
1725352573.2484148
1725352573.2499576
1725352573.2801182
1725352573.281451
1725352573.282791
1725352573.2929075
1725352573.3703694
1725352573.400166
1725352573.419012
1725352573.4208586
1725352573.4223661
1725352573.4735808
1725352573.4844172
1725352573.488115
1725352573.5310943
1725352573.5325933
1725352573.54186
1725352573.5437665
1725352573.5548434
1725352573.5588748
1725352573.628626
1725352573.6458063
1725352573.6473205
1725352573.6501942
1725352573.6596563
1725352573.6611698
1725352573.6900425
1725352573.6915524
1725352573.809709
1725352573.834498
1725352573.9314103
1725352574.0286603
1725352574.0389085
1725352574.064326
1725352574.0830688
1725352574.1278553
1725352574.1294253
1725352574.1385858
1725352574.1447053
1725352574.1520824
1725352574.155171
1725352574.175043
1725352574.2784169
1725352574.2868993
1725352574.2910423
1725352574.2924092
1725352574.3551667
1725352574.4166822
1725352574.4193347
1725352574.4343014
1725352574.4356627
1725352574.4821992
1725352574.505928
1725352574.5086417
1725352574.5430984
1725352574.548741
1725352574.5641255
1725352574.654307
1725352574.7470741
1725352574.7539241
1725352574.757546
1725352574.801414
1725352574.8298013
1725352574.8327258
1725352574.8462336
1725352574.8722112
1725352574.9564068
1725352574.971201
1725352574.9826212
1725352574.9859824
1725352574.993938
1725352575.259895
1725352575.291616
1725352575.3313076
1725352575.3363025
1725352575.3409004
1725352575.35732
1725352575.3973796
1725352575.446261
1725352575.4679914
1725352575.4792075
1725352575.4810836
1725352575.483512
1725352575.6458404
1725352575.6820693
1725352575.8558135
1725352575.8576047
1725352575.8739197
1725352575.8865306
1725352575.8892362
1725352575.895262
1725352575.8992417
1725352576.0359206
1725352576.0633256
1725352576.1023283
1725352576.1804547
1725352576.287487
1725352576.3553305
1725352576.384722
1725352576.4373796
1725352576.4385438
1725352576.4583826
1725352576.4629145
1725352576.4969387
1725352576.5255742
1725352576.5273728
1725352576.5940478
1725352576.6266901
1725352576.6296885
1725352576.6375988
1725352576.6411855
1725352576.6425471
1725352576.6652474
1725352576.7267652
1725352576.7508106
1725352576.7613702
1725352576.763284
1725352576.7993886
1725352576.8029835
1725352576.8212185
1725352576.8246377
1725352576.8275554
1725352576.8454604
1725352576.849544
1725352576.864158
1725352576.8936484
1725352576.9085236
1725352576.9112809
1725352576.9725084
1725352577.0611632
1725352577.0679057
1725352577.3862593
1725352577.4169114
1725352577.4436061
1725352577.448236
1725352577.4540265
1725352577.5650082
1725352577.5944924
1725352577.783071
1725352578.0391972
1725352578.0401695
1725352578.0518458
1725352578.0655293
1725352578.1293945
1725352578.2431214
1725352578.2457542
1725352578.2475047
1725352578.3906016
1725352578.398291
1725352578.3991148
1725352578.4672394
1725352578.4693966
1725352578.5155554
1725352578.518244
1725352578.5196092
1725352578.5263534
1725352578.5424292
1725352578.5666099
1725352578.5694082
1725352578.5933175
1725352578.5974863
1725352578.6781864
1725352578.6910439
1725352578.7263925
1725352578.8670967
1725352578.8697762
1725352578.8712044
1725352578.8879547
1725352578.9047728
1725352578.9129143
1725352578.9165597
1725352578.9509795
1725352578.9514215
1725352578.956552
1725352578.9620793
1725352578.999441
1725352579.002399
1725352579.0554812
1725352579.081596
1725352579.084288
1725352579.0981913
1725352579.1004097
1725352579.1484497
1725352579.15184
1725352579.1710927
1725352579.1840594
1725352579.1994457
1725352579.2021348
1725352579.2038753
1725352579.2292235
1725352579.2325692
1725352579.2566276
1725352579.3023283
1725352579.338973
1725352579.3654914
1725352579.3684807
1725352579.3711402
1725352579.4217155
1725352579.423096
1725352579.4367514
1725352579.5749512
1725352579.5782127
1725352579.5783517
1725352579.6254225
1725352579.6761827
1725352579.7369921
1725352579.8323681
1725352579.8362057
1725352579.8786194
1725352580.2093854
1725352580.3086307
1725352580.3100197
1725352580.3595278
1725352580.376373
1725352580.4467733
1725352580.4490297
1725352580.4784656
1725352580.503502
1725352580.5058813
1725352580.5918624
1725352580.6044753
1725352580.6553342
1725352580.6577625
1725352580.6814897
1725352580.6838048
1725352580.713476
1725352580.7149844
1725352580.7370334
1725352580.776286
1725352580.8012726
1725352580.8019502
1725352580.8122203
1725352580.8340402
1725352580.8788776
1725352580.8900304
1725352580.8939083
1725352580.90883
1725352580.976769
1725352580.9768627
1725352580.9769833
1725352580.993009
1725352580.994667
1725352581.0412061
1725352581.0616994
1725352581.1019988
1725352581.10208
1725352581.109368
1725352581.177131
1725352581.1779144
1725352581.1779566
1725352581.1927292
1725352581.1965935
1725352581.2244701
1725352581.225376
1725352581.2288656
1725352581.3312914
1725352581.3355281
1725352581.3591328
1725352581.4209588
1725352581.421039
1725352581.4211264
1725352581.4217896
1725352581.421876
1725352581.4220026
1725352581.4456758
1725352581.4471865
1725352581.4973247
1725352581.5856168
1725352581.5856895
1725352581.585782
1725352581.586267
1725352581.586925
1725352581.6447475
1725352581.6482396
1725352581.686284
1725352581.6864536
1725352581.6869304
1725352581.7311456
1725352581.732774
1725352581.743141
1725352581.7566109
1725352581.7964783
1725352581.8116257
1725352581.8203578
1725352581.8212202
1725352581.929413
1725352581.9301798
1725352581.9311678
1725352581.9390738
1725352581.9473963
1725352581.9495654
1725352582.0528862
1725352582.05323
1725352582.0538385
1725352582.054354
1725352582.054987
1725352582.066495
1725352582.0871398
1725352582.2228863
1725352582.2264128
1725352582.3085537
1725352582.371579
1725352582.3992147
1725352582.4552262
1725352582.4631069
1725352582.4798312
1725352582.495209
1725352582.5214217
1725352582.5582268
1725352582.7565098
1725352582.7731822
1725352582.7765164
1725352582.784178
1725352582.7928479
1725352582.7971523
1725352582.7994344
1725352582.8031452
1725352582.8175392
1725352582.884226
1725352582.8884435
1725352582.8894904
1725352582.8909385
1725352582.9372654
1725352582.9720864
1725352583.0432923
1725352583.3539584
1725352583.3907778
1725352583.3985329
1725352583.414281
1725352583.4160569
1725352583.491114
1725352583.5021043
1725352583.5714993
1725352583.572886
1725352583.581456
1725352583.6813967
1725352583.6964993
1725352583.7198343
1725352583.836087
1725352583.9081967
1725352584.0118613
1725352584.0332727
1725352584.0810611
1725352584.1084688
1725352584.116278
1725352584.1175475
1725352584.1293986
1725352584.1448734
1725352584.1458273
1725352584.1526742
