2024-09-03 16:51:39
../stream-replay/logs/stuttering-6208.txt
1725353326.4204972
1725353326.4225705
1725353326.4372644
1725353326.5453956
1725353326.5461693
1725353326.5532665
1725353326.6152194
1725353326.6161609
1725353326.6177814
1725353326.618277
1725353326.652989
1725353326.6537144
1725353326.7874975
1725353326.7879632
1725353326.8793106
1725353326.8800018
1725353326.8809974
1725353326.8817835
1725353326.910444
1725353326.911693
1725353326.9332268
1725353326.9336839
1725353326.934946
1725353326.9363647
1725353326.9625502
1725353326.963297
1725353326.9678786
1725353326.9687839
1725353327.2011921
1725353327.3014994
1725353327.3022206
1725353327.352806
1725353327.5874288
1725353327.8756952
1725353327.8757463
1725353327.8757734
1725353327.875817
1725353327.9045684
1725353328.0321658
1725353328.4091916
1725353328.4105623
1725353328.5121047
1725353328.5127344
1725353328.523418
1725353328.5256522
1725353328.652905
1725353328.6536589
1725353328.6547644
1725353328.7856944
1725353328.786408
1725353328.7875173
1725353328.8693976
1725353328.9274502
1725353328.939795
1725353328.9992433
1725353329.24637
1725353329.2470345
1725353329.315353
1725353329.3169565
1725353329.41598
1725353329.4166687
1725353329.4173288
1725353329.4978392
1725353329.5139458
1725353329.51502
1725353329.516111
1725353329.5918677
1725353329.5950103
1725353329.5956836
1725353329.6761465
1725353329.6775386
1725353329.682793
1725353329.6843152
1725353329.7633567
1725353329.797157
1725353329.7990134
1725353329.95413
1725353329.9649262
1725353329.9661734
1725353330.0545201
1725353330.079756
1725353330.0806599
1725353330.1336324
1725353330.1430256
1725353330.1437743
1725353330.1446369
1725353330.2188416
1725353330.2717867
1725353330.3431704
1725353330.3453681
1725353330.4225085
1725353330.423087
1725353330.500353
1725353330.5030642
1725353330.5702794
1725353330.5709274
1725353330.6477644
1725353330.675558
1725353330.6766813
1725353330.7055163
1725353330.7060368
1725353330.7067595
1725353330.7075078
1725353330.7513344
1725353330.7620773
1725353330.827941
1725353330.8294914
1725353330.8303013
1725353330.8920338
1725353330.8924947
1725353330.8931112
1725353330.8937707
1725353330.962924
1725353331.0005963
1725353331.0018632
1725353331.1217716
1725353331.2503283
1725353331.265508
1725353331.328326
1725353331.4092348
1725353331.410898
1725353331.4121993
1725353331.4218416
1725353331.5822966
1725353331.5829883
1725353331.6461806
1725353331.7512429
1725353331.751946
1725353331.780038
1725353331.78786
1725353331.7884665
1725353331.788931
1725353331.9445403
1725353332.1153083
1725353332.1171632
1725353332.1235473
1725353332.201508
1725353332.201948
1725353332.2024002
1725353332.222892
1725353332.2246547
1725353332.388772
1725353332.590923
1725353332.5913773
1725353332.5918279
1725353332.6316679
1725353332.637931
1725353332.6425445
1725353332.6688805
1725353332.669609
1725353332.6964252
1725353332.7798035
1725353332.7835526
1725353332.7841828
1725353332.784761
1725353332.79018
1725353333.0911562
1725353333.0936866
1725353333.187858
1725353333.189118
1725353333.1899471
1725353333.3547988
1725353333.3565934
1725353333.375111
1725353333.377448
1725353333.493581
1725353333.5601287
1725353333.5605826
1725353333.572135
1725353333.5843759
1725353333.5850568
1725353333.585518
1725353333.6687536
1725353333.6701808
1725353333.7362814
1725353333.7381501
1725353333.7594047
1725353333.7600532
1725353333.7609043
1725353333.9534416
1725353333.9545665
1725353334.0333288
1725353334.0851452
1725353334.0977619
1725353334.3153448
1725353334.3171656
1725353334.3233173
1725353334.325172
1725353334.3274608
1725353334.4580457
1725353334.46011
1725353334.460137
1725353334.4601696
1725353334.460234
1725353334.4727433
1725353334.5235932
1725353334.5473623
1725353334.549421
1725353334.611876
1725353334.612958
1725353334.7398746
1725353334.8254352
1725353334.8260527
1725353334.8273227
1725353334.834002
1725353334.9176188
1725353334.9183304
1725353334.93088
1725353334.9317565
1725353334.9600747
1725353334.9635189
1725353334.966329
1725353334.9712296
1725353334.9718523
1725353334.9730635
1725353335.0140996
1725353335.0146601
1725353335.0225265
1725353335.105281
1725353335.106181
1725353335.1069288
1725353335.1804914
1725353335.1814904
1725353335.183318
1725353335.1845946
1725353335.2161176
1725353335.2175436
1725353335.2199628
1725353335.297008
1725353335.2976012
1725353335.3055873
1725353335.3061645
1725353335.3080053
1725353335.5356293
1725353335.5662396
1725353335.5686057
1725353335.5698504
1725353335.5920672
1725353335.593488
1725353335.5997376
1725353335.600811
1725353335.620485
1725353335.62155
1725353335.631079
1725353335.6463926
1725353335.6533442
1725353335.6538227
1725353335.6544812
1725353335.7396138
1725353335.830846
1725353335.8319328
1725353335.8705618
1725353335.8937378
1725353335.9032657
1725353335.9040275
1725353335.9296484
1725353335.931378
1725353335.9382513
1725353335.9438627
1725353335.9894211
1725353335.9912288
1725353335.997918
1725353336.003851
1725353336.0043986
1725353336.0050619
1725353336.0108933
1725353336.018404
1725353336.1126516
1725353336.1259983
1725353336.127486
1725353336.1584382
1725353336.163563
1725353336.1641273
1725353336.2137105
1725353336.2142875
1725353336.2149796
1725353336.2180848
1725353336.2334902
1725353336.2367065
1725353336.2457073
1725353336.252264
1725353336.2528663
1725353336.2538064
1725353336.2807043
1725353336.2817545
1725353336.3127844
1725353336.313784
1725353336.314982
1725353336.3598268
1725353336.3845031
1725353336.3857458
1725353336.3868067
1725353336.4222968
1725353336.4320748
1725353336.4345186
1725353336.4451363
1725353336.4457304
1725353336.448301
1725353336.4725938
1725353336.4790654
1725353336.494623
1725353336.5007155
1725353336.548539
1725353336.5494297
1725353336.5887973
1725353336.5904956
1725353336.6101823
1725353336.611922
1725353336.6787713
1725353336.6803255
1725353336.6811657
1725353336.6826837
1725353336.684568
1725353336.7156243
1725353336.7812254
1725353336.783284
1725353336.793923
1725353336.7988524
1725353336.7993338
1725353336.799968
1725353336.8203459
1725353336.8308573
1725353336.8398588
1725353336.8554754
1725353336.8568017
1725353336.8573906
1725353336.8656595
1725353336.8661387
1725353336.877282
1725353336.900339
1725353336.9015312
1725353336.9100587
1725353336.9218104
1725353336.922317
1725353336.9228108
1725353336.923722
1725353336.9384663
1725353336.9562159
1725353336.969508
1725353336.9700594
1725353337.003058
1725353337.0035515
1725353337.0040324
1725353337.0049646
1725353337.0060792
1725353337.0433488
1725353337.0443137
1725353337.083285
1725353337.0838084
1725353337.084312
1725353337.0891864
1725353337.0969915
1725353337.0974314
1725353337.1327353
1725353337.133515
1725353337.135079
1725353337.1505752
1725353337.1512907
1725353337.170584
1725353337.1718647
1725353337.1783128
1725353337.178889
1725353337.179423
1725353337.1986027
1725353337.2012699
1725353337.2012985
1725353337.201322
1725353337.201382
1725353337.2078712
1725353337.2200525
1725353337.2383955
1725353337.273744
1725353337.275301
1725353337.2974527
1725353337.29833
1725353337.3475678
1725353337.3480294
1725353337.3485425
1725353337.3491697
1725353337.3778672
1725353337.3872464
1725353337.3882484
1725353337.3891747
1725353337.3962688
1725353337.408217
1725353337.4860687
1725353337.4932754
1725353337.4940298
1725353337.5011764
1725353337.5031161
1725353337.5213947
1725353337.5222266
1725353337.524751
1725353337.5335557
1725353337.5348256
1725353337.5489545
1725353337.590217
1725353337.5979946
1725353337.5993257
1725353337.6255562
1725353337.6403542
1725353337.6562452
1725353337.6612408
1725353337.6619475
1725353337.6626832
1725353337.671851
1725353337.672624
1725353337.6841104
1725353337.704321
1725353337.7051187
1725353337.7482398
1725353337.7996836
1725353337.800152
1725353337.8006208
1725353337.801608
1725353337.8542454
1725353337.8727179
1725353337.8755398
1725353337.8760536
1725353337.8837752
1725353337.8853717
1725353337.8871055
1725353337.9014556
1725353337.902204
1725353337.9257257
1725353338.0207608
1725353338.0217586
1725353338.0229568
1725353338.092295
1725353338.1081953
1725353338.1954782
1725353338.1959343
1725353338.197219
1725353338.212852
1725353338.2191575
1725353338.220026
1725353338.2594855
1725353338.2616072
1725353338.2664487
1725353338.2671292
1725353338.2686949
1725353338.2778766
1725353338.2789261
1725353338.3116128
1725353338.3145547
1725353338.3150764
1725353338.3158991
1725353338.3407705
1725353338.3411908
1725353338.354104
1725353338.3631122
1725353338.3686628
1725353338.4181595
1725353338.4246857
1725353338.4252295
1725353338.4662035
1725353338.4741063
1725353338.4766803
1725353338.4807706
1725353338.481674
1725353338.4821167
1725353338.4832025
1725353338.4842985
1725353338.5099769
1725353338.5117407
1725353338.5229926
1725353338.523474
1725353338.569185
1725353338.571136
1725353338.598564
1725353338.5995686
1725353338.639686
1725353338.7012799
1725353338.7079446
1725353338.7085643
1725353338.7136152
1725353338.7224748
1725353338.7229998
1725353338.7274275
1725353338.7872148
1725353338.854104
1725353338.8553095
1725353338.8560362
1725353338.8578327
1725353338.8651376
1725353338.8678358
1725353338.870662
1725353338.874452
1725353338.8759546
1725353338.8824832
1725353338.895069
1725353338.8960347
1725353338.9203756
1725353338.9276087
1725353338.9285176
1725353338.9297733
1725353338.9357736
1725353338.9399812
1725353338.9404747
1725353338.941074
1725353338.9453034
1725353338.9672654
1725353338.9683506
1725353338.9692957
1725353339.0091336
1725353339.0095758
1725353339.02108
1725353339.0546556
1725353339.0904782
1725353339.101457
1725353339.11348
1725353339.1141331
1725353339.1146352
1725353339.1241755
1725353339.124618
1725353339.1341157
1725353339.1358855
1725353339.1425471
1725353339.1430895
1725353339.1674604
1725353339.1899016
1725353339.1903439
1725353339.2004094
1725353339.2012556
1725353339.2363482
1725353339.2382257
1725353339.2665136
1725353339.2919989
1725353339.292562
1725353339.3103077
1725353339.3112447
1725353339.320113
1725353339.3224745
1725353339.3231294
1725353339.3435385
1725353339.3455987
1725353339.345644
1725353339.3456662
1725353339.3457413
1725353339.3691945
1725353339.3896124
1725353339.403556
1725353339.4111156
1725353339.4458666
1725353339.4549956
1725353339.4560356
1725353339.4568295
1725353339.46141
1725353339.4624019
1725353339.4714324
1725353339.4804788
1725353339.481339
1725353339.4818404
1725353339.5035655
1725353339.50436
1725353339.5101414
1725353339.5133224
1725353339.5641341
1725353339.5662322
1725353339.590451
1725353339.59146
1725353339.6269994
1725353339.6882546
1725353339.6901107
1725353339.7045856
1725353339.7641215
1725353339.765785
1725353339.9081216
1725353339.909031
1725353340.185138
1725353340.2961972
1725353340.3226023
1725353340.365876
1725353340.3667967
1725353340.3673527
1725353340.4088273
1725353340.4399495
1725353340.595867
1725353340.7302692
1725353340.7312846
1725353340.8377762
1725353340.8387623
1725353340.8401103
1725353340.8673143
1725353340.8679948
1725353340.8684285
1725353340.9888802
1725353340.9906628
1725353340.9925756
1725353341.0426106
1725353341.1909297
1725353341.2683904
1725353341.273616
1725353341.2764966
1725353341.4238274
1725353341.4243512
1725353341.4250686
1725353341.4512806
1725353341.5173662
1725353341.5178459
1725353341.518663
1725353341.611816
1725353341.7122111
1725353341.759697
1725353341.760552
1725353341.7671251
1725353341.7688866
1725353341.7707098
1725353341.7850506
1725353341.8279998
1725353341.8382075
1725353341.8810673
1725353341.881508
1725353341.8820004
1725353341.8824337
1725353342.0579393
1725353342.058927
1725353342.0925345
1725353342.1016612
1725353342.102924
1725353342.1423554
1725353342.4233644
1725353342.4237843
1725353342.425195
1725353342.425692
1725353342.624005
1725353342.62482
1725353342.6255887
1725353342.6559632
1725353342.6675603
1725353342.6680088
1725353342.7589655
1725353342.76087
1725353342.985378
1725353343.0001998
1725353343.0010662
1725353343.0257585
1725353343.0272782
1725353343.0596926
1725353343.0623553
1725353343.1268718
1725353343.1666183
1725353343.168651
1725353343.3718646
1725353343.3722756
1725353343.524118
1725353343.5255482
1725353343.526454
1725353343.6328864
1725353343.6333168
1725353343.6337552
1725353343.6870925
1725353343.727187
1725353343.7276742
1725353343.7835631
1725353343.784003
1725353343.78772
1725353343.7882068
1725353343.7895184
1725353343.8170967
1725353343.8177202
1725353343.8186076
1725353344.0594099
1725353344.0659976
1725353344.066441
1725353344.0683625
1725353344.1347218
1725353344.1599386
1725353344.2503343
1725353344.251204
1725353344.2873404
1725353344.4792602
1725353344.4919581
1725353344.5382318
1725353344.8118756
1725353344.830354
1725353344.8628523
1725353344.864128
1725353344.8645697
1725353344.8650758
1725353344.9892201
1725353344.9916055
1725353345.0025282
1725353345.164196
1725353345.1656713
1725353345.166146
1725353345.1749952
1725353345.1904566
1725353345.317514
1725353345.4305046
1725353345.4311392
1725353345.4311674
1725353345.4311903
1725353345.431251
1725353345.5142772
1725353345.7994897
1725353345.8000875
1725353345.8949225
1725353345.9022903
1725353345.9030344
1725353345.9037757
1725353346.0999594
1725353346.1004224
1725353346.1009042
1725353346.384039
1725353346.4263844
1725353346.5350773
1725353346.5690553
1725353346.625831
1725353346.6263711
1725353346.6776304
1725353346.718288
1725353346.7222812
1725353346.740065
1725353346.780722
1725353346.8598568
1725353346.860396
1725353346.8611891
1725353347.0319953
1725353347.0325809
1725353347.0366013
1725353347.037563
1725353347.1327226
1725353347.1333733
1725353347.173384
1725353347.300488
1725353347.3711765
1725353347.4938939
1725353347.494944
1725353347.5892167
1725353347.6993673
1725353347.6999543
1725353347.701313
1725353347.8497033
1725353347.9208314
1725353347.9227982
1725353347.9385407
1725353347.939875
1725353347.9407487
1725353347.9580574
1725353347.9584897
1725353348.1517806
1725353348.1584668
1725353348.1733007
1725353348.2149298
1725353348.2635343
1725353348.3726568
1725353348.4341626
1725353348.5913887
1725353348.5927343
1725353348.6495473
1725353348.6628797
1725353348.6634164
1725353348.6645722
1725353348.6653025
1725353348.7622478
1725353348.7630267
1725353348.7643292
1725353348.9086313
1725353348.9094706
1725353349.1420088
1725353349.143428
1725353349.1440332
1725353349.1455965
1725353349.145986
1725353349.311201
1725353349.469535
1725353349.4705436
1725353349.7304556
1725353350.1014464
1725353350.1561453
1725353350.157027
1725353350.158561
1725353350.1596985
1725353350.165558
1725353350.1958325
1725353350.1972384
1725353350.1993375
1725353350.2185194
1725353350.2191
1725353350.2196643
1725353350.2307801
1725353350.273524
1725353350.274171
1725353350.2850995
1725353350.677349
1725353350.680061
1725353350.7108653
1725353350.8738189
1725353350.8762224
1725353351.0018632
1725353351.0068467
1725353351.0087843
1725353351.0266697
1725353351.027507
1725353351.191696
1725353351.371315
1725353351.3849068
1725353351.3859065
1725353351.4729202
1725353351.4798636
1725353351.677568
1725353351.6801407
1725353351.6817033
1725353351.7695746
1725353351.7703054
1725353351.7717154
1725353351.8181448
1725353351.8629916
1725353351.863573
1725353351.8742464
1725353351.8767774
1725353351.8772175
1725353352.267281
1725353352.2688406
1725353352.3663516
1725353352.496059
1725353352.4965348
1725353352.4973114
1725353352.5177188
1725353352.5200934
1725353352.5508912
1725353352.5523665
1725353352.6512375
1725353352.6519732
1725353352.6528552
1725353352.6700022
1725353352.6733396
1725353352.6928716
1725353352.693309
1725353352.9133108
1725353353.0230532
1725353353.0256424
1725353353.1432724
1725353353.144119
1725353353.14459
1725353353.145696
1725353353.1496463
1725353353.150076
1725353353.441615
1725353353.464619
1725353353.4646554
1725353353.4646707
1725353353.5826225
1725353353.5845895
1725353353.7370677
1725353353.8511524
1725353353.8527787
1725353353.9408221
1725353353.9417236
1725353353.9556308
1725353353.9563022
1725353354.0479064
1725353354.048429
1725353354.0508046
1725353354.1256614
1725353354.1278374
1725353354.2517896
1725353354.2527566
1725353354.2899253
1725353354.4114552
1725353354.4131622
1725353354.4141414
1725353354.4378467
1725353354.440592
1725353354.4429338
1725353354.4433935
1725353354.4536295
1725353354.51139
1725353354.5126588
1725353354.5254824
1725353354.542812
1725353354.5436761
1725353354.5444171
1725353354.5631428
1725353354.598928
1725353354.5997455
1725353354.6060433
1725353354.624793
1725353354.6257296
1725353354.626673
1725353354.63913
1725353354.6409905
1725353354.7542796
1725353354.8471203
1725353354.883462
1725353354.9075131
1725353354.9079826
1725353354.9085665
1725353354.9199567
1725353354.990097
1725353354.9913938
1725353354.993342
1725353355.0352924
1725353355.0737126
1725353355.0745394
1725353355.0751755
1725353355.303555
1725353355.3039865
1725353355.3979979
1725353355.3987238
1725353355.3998091
1725353355.4034615
1725353355.5405362
1725353355.5490205
1725353355.7030735
1725353355.7038918
1725353355.7051876
1725353355.773751
1725353355.9139118
1725353356.0204415
1725353356.0213082
1725353356.083972
1725353356.1768913
1725353356.2292776
1725353356.4772637
1725353356.4816592
1725353356.4825046
1725353356.4830458
1725353356.6194246
1725353356.9019408
1725353356.903311
1725353356.9245105
1725353356.9251187
1725353356.9903061
1725353357.0465174
1725353357.054901
1725353357.0553663
1725353357.0585248
1725353357.0593548
1725353357.080623
1725353357.082151
1725353357.5268292
1725353357.5279856
1725353357.583252
1725353357.6685195
1725353357.671876
1725353357.6735768
1725353357.7499752
1725353357.760317
1725353357.7609637
1725353357.8529706
1725353357.961324
1725353357.980828
1725353358.1074016
1725353358.1078537
1725353358.2809994
1725353358.4701705
1725353358.4706423
1725353358.6364903
1725353358.6376827
1725353358.6521163
1725353358.8138137
1725353358.8970537
1725353358.9922194
1725353358.9937623
1725353358.99938
1725353359.0001724
1725353359.0332134
1725353359.0669422
1725353359.067382
1725353359.1360352
1725353359.13661
1725353359.1880243
1725353359.2419186
1725353359.2426775
1725353359.2433372
1725353359.2538335
1725353359.2549243
1725353359.2560027
1725353359.390531
1725353359.3910325
1725353359.3914914
1725353359.3973725
1725353359.4483905
1725353359.4496937
1725353359.4505723
1725353359.5264957
1725353359.6890576
1725353359.6897447
1725353359.690762
1725353359.6978848
1725353359.736674
1725353359.7379858
1725353359.8393567
1725353359.8405194
1725353359.8738787
1725353359.929075
1725353359.930581
1725353359.9731877
1725353359.9738004
1725353360.0844214
1725353360.085091
1725353360.157972
1725353360.1597838
1725353360.1598098
1725353360.159831
1725353360.1599128
1725353360.2411675
1725353360.295011
1725353360.42308
1725353360.424108
1725353360.6078053
1725353360.6235635
1725353360.624298
1725353360.6946163
1725353360.724481
1725353360.725431
1725353360.7260711
1725353360.726537
1725353360.808288
1725353360.8929849
1725353361.0109317
1725353361.0194573
1725353361.2626657
1725353361.2632835
1725353361.3665483
1725353361.3675854
1725353361.3681836
1725353361.385946
1725353361.5273798
1725353361.5274274
1725353361.5274518
1725353361.5275152
1725353361.7183557
1725353361.7772949
1725353362.0870378
1725353362.1313317
1725353362.132309
1725353362.1534588
1725353362.1541364
1725353362.211401
1725353362.2127633
1725353362.5617874
1725353362.6133869
1725353362.737257
1725353362.7381315
1725353362.739799
1725353362.872055
1725353362.8840644
1725353362.885097
1725353362.8859034
1725353362.9517083
1725353362.9535928
1725353362.9633825
1725353363.0413928
1725353363.0431728
1725353363.0880458
1725353363.1084783
1725353363.109268
1725353363.110361
1725353363.167209
1725353363.1676614
1725353363.17935
1725353363.2247372
1725353363.225306
1725353363.2260509
1725353363.2448914
1725353363.2459297
1725353363.2465541
1725353363.4762113
1725353363.8307774
1725353363.952096
1725353363.9533398
1725353364.0347822
1725353364.0862386
1725353364.086949
1725353364.1876469
1725353364.1883774
1725353364.1907282
1725353364.2004018
1725353364.2011542
1725353364.2019527
1725353364.2596014
1725353364.2597525
1725353364.2815247
1725353364.2823193
1725353364.288214
1725353364.290368
1725353364.3168972
1725353364.317886
1725353364.3903656
1725353364.3912742
1725353364.4618676
1725353364.4714007
1725353364.4790518
1725353364.479957
1725353364.4804585
1725353364.5817232
1725353364.5823922
1725353364.5914884
1725353364.5935538
1725353364.6199698
1725353364.7388375
1725353364.7403257
1725353364.7418306
1725353364.7436252
1725353364.7748086
1725353364.7755053
1725353364.7761738
1725353364.847097
1725353364.8505538
1725353364.8514962
1725353364.8766336
1725353364.878983
1725353365.1491587
1725353365.1496089
1725353365.150348
1725353365.1585195
1725353365.3540173
1725353365.3619936
1725353365.363525
1725353365.416175
1725353365.4173775
1725353365.5047624
1725353365.5056705
1725353365.5661788
1725353365.6826074
1725353365.6857135
1725353365.686387
1725353365.687132
1725353365.7216136
1725353365.7220614
1725353365.7228687
1725353365.8594153
1725353365.8599367
1725353365.8913002
1725353365.9269278
1725353365.9273849
1725353365.927863
1725353365.9939888
1725353366.0035143
1725353366.0045745
1725353366.2564135
1725353366.423698
1725353366.4243846
1725353366.5368044
1725353366.537814
1725353366.6492887
1725353366.6876698
1725353366.9656918
1725353366.9664128
1725353367.1667597
1725353367.248269
1725353367.250317
1725353367.2626789
1725353367.2630072
1725353367.4865282
1725353367.4885485
1725353367.5010743
1725353367.5026908
1725353367.543674
1725353367.544969
1725353367.545276
1725353367.5478568
1725353367.7136514
1725353367.7144096
1725353367.7152326
1725353367.7191677
1725353367.7195728
1725353367.7207074
1725353367.9385371
1725353367.9940636
1725353367.9966025
1725353368.000628
1725353368.0018897
1725353368.0105808
1725353368.011491
1725353368.013111
1725353368.1474802
1725353368.1493535
1725353368.15239
1725353368.154911
1725353368.195661
1725353368.3455575
1725353368.3472896
1725353368.3640337
1725353368.366487
1725353368.4384928
1725353368.4401937
1725353368.4409163
1725353368.5750089
1725353368.5757802
1725353368.575906
1725353368.5760317
1725353368.579815
1725353368.6824853
1725353368.772939
1725353368.86688
1725353368.8688934
1725353368.8697286
1725353368.889638
1725353368.9476805
1725353368.9481974
1725353369.250625
1725353369.3048763
1725353369.3063426
1725353369.4202285
1725353369.4208667
1725353369.4382899
1725353369.4420948
1725353369.4648561
1725353369.4656992
1725353369.466462
1725353369.855812
1725353369.9203515
1725353369.9218626
1725353370.1370313
1725353370.1393294
1725353370.247389
1725353370.2494688
1725353370.2546282
1725353370.255691
1725353370.2561421
1725353370.2829833
1725353370.2835639
1725353370.2840166
1725353370.3029397
1725353370.3045928
1725353370.305586
1725353370.4325511
1725353370.5422583
1725353370.5427341
1725353370.577512
1725353370.689218
1725353370.6896944
1725353370.7295337
1725353370.737542
1725353370.738715
1725353370.7779655
1725353370.9829392
1725353371.4172304
1725353371.4360144
1725353371.4582222
1725353371.4590514
1725353371.4602764
1725353371.5580227
1725353371.5585845
1725353371.9463367
1725353372.0511928
1725353372.081069
1725353372.0814764
1725353372.0815003
1725353372.0816293
1725353372.1225443
1725353372.3246794
1725353372.4151766
1725353372.415838
1725353372.4432487
1725353372.5213428
1725353372.521822
1725353372.5226636
1725353372.575463
1725353372.61702
1725353372.618217
1725353372.6208556
1725353372.621633
1725353372.6895413
1725353372.7520452
1725353372.7530377
1725353372.753782
1725353372.7776418
1725353372.7798715
1725353372.780963
1725353372.801039
1725353372.8020213
1725353372.8029249
1725353372.835109
1725353372.8362217
1725353372.8482351
1725353372.8495855
1725353372.8888242
1725353372.8910353
1725353372.8927884
1725353372.9288554
1725353372.9297378
1725353373.0443482
1725353373.0456557
1725353373.2311437
1725353373.4943633
1725353373.4951065
1725353373.5515602
1725353373.625281
1725353373.6324112
1725353373.6330733
1725353373.7038713
1725353373.7044446
1725353373.7053542
1725353373.7401962
1725353373.7415724
1725353373.755185
1725353373.797896
1725353373.798899
1725353373.8899102
1725353373.8907228
1725353373.8914247
1725353373.8919096
1725353374.0835516
1725353374.2782876
1725353374.2787
1725353374.439639
1725353374.4404187
1725353374.4410074
1725353374.449649
1725353374.45019
1725353374.4540863
1725353374.5158
1725353374.5163708
1725353374.517675
1725353374.5623012
1725353374.5628796
1725353374.6232731
1725353374.6241167
1725353374.6246831
1725353374.7208567
1725353374.8158295
1725353375.1032135
1725353375.1706843
1725353375.1775494
1725353375.1794984
1725353375.1813424
1725353375.182267
1725353375.216929
1725353375.3097453
1725353375.310924
1725353375.326405
1725353375.3269415
1725353375.3833368
1725353375.3850832
1725353375.39901
1725353375.400347
1725353375.5079572
1725353375.5535223
1725353375.5542672
1725353375.5551243
1725353375.591209
1725353375.591846
1725353375.6178224
1725353375.7133586
1725353375.7154348
1725353375.8422728
1725353375.8427386
1725353375.843257
1725353375.9777272
1725353375.9785173
1725353375.9905994
1725353375.992786
1725353376.016549
1725353376.0611656
1725353376.0620902
1725353376.1995556
1725353376.2922769
1725353376.520883
1725353376.522853
1725353376.5239687
1725353376.5837078
1725353376.661333
1725353376.7413173
1725353376.743442
1725353376.7455084
1725353376.8017616
1725353376.8237207
1725353376.824373
1725353376.901865
1725353376.9708061
1725353376.9709246
1725353377.044716
1725353377.0710988
1725353377.07181
1725353377.0893104
1725353377.090222
1725353377.226029
1725353377.2560077
1725353377.2568507
1725353377.2583494
1725353377.2657373
1725353377.266189
1725353377.3687227
1725353377.3809993
1725353377.382275
1725353377.4932456
1725353377.4950626
1725353377.5008972
1725353377.5013425
1725353377.5024726
1725353377.5464756
1725353377.5473309
1725353377.548128
1725353377.5526586
1725353377.641192
1725353377.642036
1725353377.6983929
1725353377.6992097
1725353377.699851
1725353377.71922
1725353377.7269137
1725353377.8551114
1725353377.8569036
1725353377.8569303
1725353377.8569555
1725353377.8570204
1725353377.9546154
1725353378.167333
1725353378.1710474
1725353378.1740263
1725353378.3208401
1725353378.321899
1725353378.324493
1725353378.326063
1725353378.342905
1725353378.6273427
1725353378.6285877
1725353378.6345177
1725353378.6351297
1725353378.8854702
1725353379.2323387
1725353379.2330847
1725353379.2345092
1725353379.2904642
1725353379.3190575
1725353379.3200276
1725353379.3957937
1725353379.397815
1725353379.4509318
1725353379.675413
1725353379.6985343
1725353379.699829
1725353379.7010205
1725353379.704819
1725353379.7056909
1725353379.7062948
1725353379.7663863
1725353379.767485
1725353379.7684608
1725353379.7853189
1725353379.7862763
1725353379.823819
1725353380.0438154
1725353380.1338835
1725353380.134598
1725353380.2146356
1725353380.2164884
1725353380.216992
1725353380.376344
1725353380.3769987
1725353380.7230852
1725353380.7243063
1725353380.7262385
1725353381.5368807
1725353381.5369663
1725353381.537078
1725353381.5387137
1725353381.5681832
1725353381.8181007
1725353381.8484294
1725353381.8494456
1725353381.8826292
1725353381.88399
1725353381.9522977
1725353381.9528086
1725353381.956455
1725353382.0926673
1725353382.0932965
1725353382.2060473
1725353382.2073333
1725353382.3684535
1725353382.4559877
1725353382.4683669
1725353382.5434585
1725353382.5448616
1725353382.5474148
1725353382.5480683
1725353382.556909
1725353382.566242
1725353382.5711832
1725353382.5727882
1725353382.6529052
1725353382.6538718
1725353382.685493
1725353382.6866617
1725353382.7491732
1725353382.7506235
1725353382.7834592
1725353382.7843647
1725353382.7856207
1725353382.796579
1725353382.810886
1725353382.9558656
1725353382.964888
1725353382.9685228
1725353383.1802845
1725353383.181145
1725353383.1819482
1725353383.319505
1725353383.3205986
1725353383.32291
1725353383.3513544
1725353383.3737762
1725353383.374417
1725353383.4050262
1725353383.4130836
1725353383.4138246
1725353383.4144464
1725353383.4303653
1725353383.431204
1725353383.4348452
1725353383.5870197
1725353383.5876727
1725353383.5881107
1725353383.6276016
1725353383.7249641
1725353383.725487
1725353383.736675
1725353383.819898
1725353383.8460798
1725353383.8466208
1725353383.84755
1725353383.8595438
1725353383.8642306
1725353383.8648598
1725353383.865296
1725353383.890355
1725353383.933981
1725353384.0623863
1725353384.075433
1725353384.0759091
1725353384.1359208
1725353384.150668
1725353384.15364
1725353384.1550057
1725353384.4058564
1725353384.4063694
1725353384.4677038
1725353384.4683545
1725353384.469286
1725353384.489552
1725353384.490331
1725353384.506293
1725353384.5072327
1725353384.5077393
1725353384.5171187
1725353384.5177348
1725353384.561794
1725353384.5626156
1725353384.5726368
1725353384.6953082
1725353384.6959136
1725353384.7606852
1725353384.7622187
1725353384.7627125
1725353384.7636025
1725353384.8712578
1725353385.053657
1725353385.2356217
1725353385.2360952
1725353385.2370806
1725353385.2829885
1725353385.3196728
1725353385.3233325
1725353385.352747
1725353385.3537273
1725353385.3544781
1725353385.4690275
1725353385.4711013
1725353385.6640224
1725353385.795458
1725353385.9213307
1725353385.9217854
1725353385.923136
1725353386.001903
1725353386.0023448
1725353386.0820756
1725353386.0830622
1725353386.1328883
1725353386.1344573
1725353386.1352293
1725353386.188585
1725353386.3055704
1725353386.3062043
1725353386.306741
1725353386.3077347
1725353386.6092463
1725353386.6101854
1725353386.620567
1725353386.6278458
1725353386.6295419
1725353386.6436255
1725353386.6445627
1725353386.9217727
1725353387.0095744
1725353387.0100043
1725353387.1329558
1725353387.2258053
1725353387.2270896
1725353387.2301445
1725353387.3257754
1725353387.326681
1725353387.4027078
1725353387.4110837
1725353387.4323976
1725353387.4347904
1725353387.434856
1725353387.4348857
1725353387.4349864
1725353387.5208864
1725353387.8466682
1725353387.8482418
1725353387.87964
1725353387.9475422
1725353387.9487224
1725353388.0515954
1725353388.0531535
1725353388.070041
1725353388.0720866
1725353388.1868947
1725353388.4329348
1725353388.4341433
1725353388.4350078
1725353388.4829493
1725353388.4839127
1725353388.8969204
1725353388.8978965
1725353388.920749
1725353388.95558
1725353388.9560537
1725353388.956527
1725353388.9799576
1725353389.125438
1725353389.2389376
1725353389.2404454
1725353389.351272
1725353389.3524375
1725353389.3532393
1725353389.3744655
1725353389.3749952
1725353389.3939025
1725353389.4063177
1725353389.4074743
1725353389.4502158
1725353389.4509046
1725353389.527705
1725353389.6944184
1725353389.8150494
1725353389.8797789
1725353389.8802805
1725353389.8809574
1725353389.8890069
1725353390.232424
1725353390.3461058
1725353390.3657055
1725353390.3666608
1725353390.3672683
1725353390.3689318
1725353390.3699539
1725353390.51292
1725353390.535968
1725353390.5364153
1725353390.7824256
1725353390.7831426
1725353390.795654
1725353390.8045266
1725353390.805349
1725353390.806083
1725353390.8626292
1725353390.8673832
1725353390.9184783
1725353390.919379
1725353390.9273274
1725353390.928378
1725353390.9479103
1725353390.9488764
1725353391.1142545
1725353391.114288
1725353391.1143115
1725353391.1143491
1725353391.3597007
1725353391.4788363
1725353391.6014678
1725353391.6101382
1725353391.6354299
1725353391.6363697
1725353391.719741
1725353391.8952425
1725353391.89571
1725353391.89661
1725353391.907421
1725353391.9170744
1725353391.9183414
1725353391.9191287
1725353391.9332907
1725353391.933742
1725353391.9408205
1725353392.042057
1725353392.051657
1725353392.08586
1725353392.0864146
1725353392.1111164
1725353392.1115713
1725353392.1386147
1725353392.1467862
1725353392.1783333
1725353392.1791992
1725353392.3155055
1725353392.316513
1725353392.317249
1725353392.4658804
1725353392.4969585
1725353392.497797
1725353392.5040686
1725353392.5046253
1725353392.65866
1725353392.659918
1725353392.6608105
1725353392.801807
1725353392.9104526
1725353392.9513521
1725353393.2573302
1725353393.2579558
1725353393.2588055
1725353393.2615612
1725353393.2862277
1725353393.2869933
1725353393.2876253
1725353393.5022113
1725353393.5029664
1725353393.5039515
1725353393.5730302
1725353393.5832365
1725353393.5848901
1725353393.717295
1725353393.7178926
1725353393.7737045
1725353393.7974582
1725353393.884288
1725353393.8876793
1725353393.9256527
1725353393.9460678
1725353393.9473042
1725353394.0021646
1725353394.0032322
1725353394.2831702
1725353394.283939
1725353394.284746
1725353394.3609307
1725353394.3950386
1725353394.4567409
1725353394.4579723
1725353394.4592595
1725353394.5743713
1725353394.574986
1725353394.576014
1725353394.8780062
1725353394.8924634
1725353394.8936763
1725353394.963651
1725353395.0251546
1725353395.0269625
1725353395.0590646
1725353395.0597394
1725353395.0605288
1725353395.0611968
1725353395.1051273
1725353395.106574
1725353395.1284318
1725353395.1387274
1725353395.1393793
1725353395.1411028
1725353395.1531217
1725353395.1545978
1725353395.184529
1725353395.203675
1725353395.2435317
1725353395.2442634
1725353395.3113887
1725353395.3123364
1725353395.3222573
1725353395.367928
1725353395.4231346
1725353395.423886
1725353395.424533
1725353395.4549816
1725353395.4562404
1725353395.5484679
1725353395.6070464
1725353395.6083665
1725353395.6141398
1725353395.6229057
1725353395.624591
1725353395.7092059
1725353395.7102013
1725353395.7109418
1725353395.7242272
1725353395.724466
1725353395.7247357
1725353395.7335393
1725353395.7358646
1725353395.7559323
1725353395.7573378
1725353395.7583401
1725353395.7713573
1725353395.8210068
1725353395.8217387
1725353395.8306425
1725353395.832557
1725353395.8338587
1725353395.849051
1725353395.8497324
1725353395.8503826
1725353395.873376
1725353395.8740704
1725353395.8752196
1725353395.8809006
1725353395.9297407
1725353395.9305732
1725353395.934764
1725353395.9363148
1725353395.9634514
1725353395.9648097
1725353395.9735322
1725353395.97419
1725353395.9848847
1725353396.009123
1725353396.0113988
1725353396.0198488
1725353396.0215268
1725353396.023299
1725353396.0249314
1725353396.032594
1725353396.046196
1725353396.057165
1725353396.0572016
1725353396.057244
1725353396.0573545
1725353396.068071
1725353396.0978916
1725353396.1668174
1725353396.1684027
1725353396.248566
1725353396.249396
1725353396.2504666
1725353396.3202722
1725353396.3217773
1725353396.3274186
1725353396.3287845
1725353396.3346627
1725353396.335879
1725353396.356492
1725353396.3919842
1725353396.3927493
1725353396.5694044
1725353396.5843184
1725353396.585499
1725353396.5865
1725353396.637177
1725353396.6393049
1725353396.6457443
1725353396.6654625
1725353396.695327
1725353396.696407
1725353396.703234
1725353396.7038574
1725353396.764046
1725353396.765029
1725353396.766617
1725353396.865774
1725353396.8787103
1725353396.8800786
1725353396.9064715
1725353396.9077473
1725353396.9083571
1725353397.0301344
1725353397.074878
1725353397.0750709
1725353397.0899484
1725353397.1052232
1725353397.1062336
1725353397.1120453
1725353397.1130977
1725353397.1221163
1725353397.1233556
1725353397.2006416
1725353397.2012932
1725353397.2046742
1725353397.2055745
1725353397.208998
1725353397.2884738
1725353397.2890365
1725353397.3096917
1725353397.3113654
1725353397.3124824
1725353397.3133397
1725353397.3839028
1725353397.3855255
1725353397.406281
1725353397.4069908
1725353397.4316378
1725353397.432727
1725353397.4425752
1725353397.4433856
1725353397.4442754
1725353397.4489436
1725353397.4735281
1725353397.5144234
1725353397.548138
1725353397.5503488
1725353397.5559986
1725353397.5567973
1725353397.564158
1725353397.614004
1725353397.6148217
1725353397.6377757
1725353397.650856
1725353397.6509008
1725353397.6509318
1725353397.651046
1725353397.6673505
1725353397.6918736
1725353397.774072
1725353397.7749722
1725353397.7762284
1725353397.7966757
1725353397.7994535
1725353397.8001697
1725353397.8032
1725353397.8038843
1725353397.8068008
1725353397.862847
1725353397.8636093
1725353397.9680643
1725353397.9691799
1725353397.969807
1725353398.0435717
1725353398.0840287
1725353398.0956259
1725353398.0962691
1725353398.097099
1725353398.1129742
1725353398.113608
1725353398.143505
1725353398.1536818
1725353398.1551409
1725353398.1616292
1725353398.1628847
1725353398.1640832
1725353398.16524
1725353398.165867
1725353398.1664946
1725353398.1822433
1725353398.1833208
1725353398.1874728
1725353398.188511
1725353398.1891892
1725353398.2006664
1725353398.2014976
1725353398.2071478
1725353398.218206
1725353398.2647474
1725353398.2663288
1725353398.2670815
1725353398.2697973
1725353398.271778
1725353398.3115683
1725353398.3239012
1725353398.3324041
1725353398.3445168
1725353398.3512566
1725353398.3960924
1725353398.396753
1725353398.407367
1725353398.408141
1725353398.4174483
1725353398.419661
1725353398.4214382
1725353398.4243224
1725353398.4816227
1725353398.6368372
1725353398.6608682
1725353398.6614861
1725353398.693968
1725353398.705663
1725353398.7116237
1725353398.713051
1725353398.7205236
1725353398.7217908
1725353398.7260735
1725353398.7269292
1725353398.7665884
1725353398.7766323
1725353398.7801132
1725353398.781585
1725353398.835261
1725353398.8359008
1725353398.928952
1725353398.9309678
1725353398.9353921
1725353398.9361742
1725353398.9635708
1725353398.9647865
1725353398.9717908
1725353398.9836469
1725353398.9850044
1725353398.9979517
1725353399.0001304
1725353399.0076306
1725353399.009496
1725353399.0322156
1725353399.033141
1725353399.0585315
1725353399.0722723
1725353399.0729167
1725353399.0756567
1725353399.0763667
1725353399.207482
1725353399.215262
1725353399.293125
1725353399.3153412
1725353399.3322763
1725353399.334015
1725353399.3374538
1725353399.40944
1725353399.4449394
1725353399.4457946
1725353399.5624905
1725353399.5633543
1725353399.5665975
1725353399.5716784
1725353399.5807147
1725353399.6097248
1725353399.6103618
1725353399.611479
1725353399.6835406
1725353399.7977588
1725353399.8626645
1725353399.8638134
1725353399.8646078
1725353399.9044256
1725353399.9132924
1725353399.9143682
1725353399.9779623
1725353399.9944592
1725353400.0241754
1725353400.02433
1725353400.0393744
1725353400.1221988
1725353400.1228995
1725353400.1236024
1725353400.1662393
1725353400.171009
1725353400.1717448
1725353400.172378
1725353400.349987
1725353400.40631
1725353400.4913995
1725353400.492336
1725353400.4974804
1725353400.5009408
1725353400.5017877
1725353400.6001008
1725353400.6016214
1725353400.6094568
1725353400.6199505
1725353400.6205611
1725353400.6634028
1725353400.664108
1725353400.6647236
1725353400.7114806
1725353400.7173617
1725353400.7187347
1725353400.7347655
1725353400.7361188
1725353400.7371192
1725353400.742135
1725353400.7446594
1725353400.7559507
1725353400.7571208
1725353400.7755775
1725353400.7779646
1725353400.778001
1725353400.7780297
1725353400.778126
1725353400.788861
1725353400.83012
1725353400.8734524
1725353400.8748562
1725353400.9848714
1725353400.9865272
1725353400.9892757
1725353401.013004
1725353401.0136623
1725353401.015447
1725353401.0329814
1725353401.0640404
1725353401.06591
1725353401.0667243
1725353401.1136978
1725353401.1174297
1725353401.1198812
1725353401.1955423
1725353401.2114828
1725353401.2641032
1725353401.264745
1725353401.2654161
1725353401.298713
1725353401.3067977
1725353401.3082218
1725353401.3419778
1725353401.4016833
1725353401.4023674
1725353401.423832
1725353401.424704
1725353401.536631
1725353401.5400975
1725353401.5414703
1725353401.576364
1725353401.5773244
1725353401.5779624
1725353401.5786068
1725353401.6268482
1725353401.6458967
1725353401.687869
1725353401.6954339
1725353401.6969748
1725353401.7061434
1725353401.707074
1725353401.7095547
1725353401.8512542
1725353401.8529572
1725353401.880888
1725353401.8933296
1725353401.8941393
1725353401.9212048
1725353402.050113
1725353402.0508502
1725353402.0600877
1725353402.096141
1725353402.0978835
1725353402.105586
1725353402.1120906
1725353402.1409256
1725353402.1424673
1725353402.1434894
1725353402.146258
1725353402.1994977
1725353402.2002351
1725353402.2122366
1725353402.2132282
1725353402.231656
1725353402.2332594
1725353402.2517111
1725353402.2532678
1725353402.3135748
1725353402.317936
1725353402.3191807
1725353402.3243117
1725353402.3250732
1725353402.396414
1725353402.3993914
1725353402.400013
1725353402.41858
1725353402.438926
1725353402.5135748
1725353402.5151088
1725353402.515237
1725353402.5153506
1725353402.5155144
1725353402.5388005
1725353402.5693564
1725353402.6225278
1725353402.6234894
1725353402.7202911
1725353402.726521
1725353402.727344
1725353402.7287335
1725353402.8006763
1725353402.8015332
1725353402.8022165
1725353402.8190832
1725353402.8233466
1725353402.8244007
1725353402.8255713
1725353402.9941525
1725353402.994881
1725353403.0025282
1725353403.0041337
1725353403.0048013
1725353403.128646
1725353403.1310139
1725353403.1517935
1725353403.162686
1725353403.1648998
1725353403.1864636
1725353403.1872046
1725353403.1878304
1725353403.195018
1725353403.1957467
1725353403.2035506
1725353403.2214282
1725353403.223886
1725353403.2249496
1725353403.2269077
1725353403.2336633
1725353403.234308
1725353403.3154035
1725353403.3407984
1725353403.3729122
1725353403.395187
1725353403.3960557
1725353403.3968537
1725353403.401547
1725353403.4241815
1725353403.424857
1725353403.4525778
1725353403.4824884
1725353403.5395834
1725353403.5402377
1725353403.541039
1725353403.5507936
1725353403.5795774
1725353403.5841982
1725353403.585787
1725353403.6021624
1725353403.654527
1725353403.6682763
1725353403.6689434
1725353403.6988506
1725353403.7002428
1725353403.7430372
1725353403.7580855
1725353403.765254
1725353403.7663722
1725353403.8077722
1725353403.821752
1725353403.8224077
1725353403.9340875
1725353403.9347095
1725353403.9354815
1725353404.016779
1725353404.0196443
1725353404.039541
1725353404.040408
1725353404.0722897
1725353404.0837948
1725353404.0850186
1725353404.08576
1725353404.0869117
1725353404.1290026
1725353404.1704865
1725353404.1761973
1725353404.177985
1725353404.187964
1725353404.19003
1725353404.1961188
1725353404.197014
1725353404.2063136
1725353404.213817
1725353404.2147357
1725353404.2243116
1725353404.226074
1725353404.2270803
1725353404.272211
1725353404.2728174
1725353404.292877
1725353404.3056242
1725353404.3063273
1725353404.307423
1725353404.3418806
1725353404.3425312
1725353404.3446615
1725353404.3481429
1725353404.3512557
1725353404.353741
1725353404.3621855
1725353404.3626182
1725353404.3631368
1725353404.414969
1725353404.427143
1725353404.4283998
1725353404.4380016
1725353404.4392788
1725353404.4399712
1725353404.4496737
1725353404.4504592
1725353404.4516304
1725353404.4547408
1725353404.4749272
1725353404.4757679
1725353404.4761806
1725353404.4769568
1725353404.5531874
1725353404.5542216
1725353404.5646765
1725353404.5779002
1725353404.5866218
1725353404.5876777
1725353404.595564
1725353404.5979877
1725353404.6255074
1725353404.6260362
1725353404.6437597
1725353404.654611
1725353404.6555111
1725353404.673647
1725353404.6867623
1725353404.687686
1725353404.6882417
1725353404.7583237
1725353404.7775064
1725353404.7787228
1725353404.7806451
1725353404.8041623
1725353404.8049018
1725353404.8053274
1725353404.8061
1725353404.813054
1725353404.9164104
1725353404.9209752
1725353404.922235
1725353405.0039449
1725353405.0047505
1725353405.0198176
1725353405.0219107
1725353405.0433497
1725353405.068838
1725353405.0768673
1725353405.0779235
1725353405.0979152
1725353405.1032083
1725353405.1159117
1725353405.1166303
1725353405.123115
1725353405.1330261
1725353405.1395304
1725353405.1396637
1725353405.139777
1725353405.1399353
1725353405.1541295
1725353405.2244742
1725353405.239985
1725353405.2529354
1725353405.2572803
1725353405.2584217
1725353405.2673442
1725353405.2844243
1725353405.285174
1725353405.2858324
1725353405.3501241
1725353405.3727615
1725353405.3739014
1725353405.375164
1725353405.4154594
1725353405.4293957
1725353405.4417002
1725353405.474916
1725353405.4755752
1725353405.4766247
1725353405.4813406
1725353405.4825613
1725353405.5263467
1725353405.5287912
1725353405.533775
1725353405.5504763
1725353405.5513108
1725353405.553311
1725353405.5719986
1725353405.5726414
1725353405.573285
1725353405.5881853
1725353405.5966754
1725353405.598511
1725353405.6329002
1725353405.6335487
1725353405.6822221
1725353405.711725
1725353405.7121232
1725353405.7693615
1725353405.8018608
1725353405.8434837
1725353405.8440762
1725353405.844751
1725353405.8673358
1725353405.867951
1725353405.872566
1725353405.8735657
1725353405.875753
1725353405.8964286
1725353405.9016547
1725353405.9023225
1725353405.9031067
1725353405.9077942
1725353405.908423
1725353405.9095716
1725353405.9405375
1725353405.9420104
1725353405.9424217
1725353405.9430244
1725353405.9438374
1725353405.9555058
1725353405.956828
1725353405.9634
1725353405.964112
1725353405.965222
1725353405.9904132
1725353405.9914606
1725353406.010024
1725353406.0128276
1725353406.019046
1725353406.0195603
1725353406.0204928
1725353406.0457883
1725353406.0511014
1725353406.0515623
1725353406.052919
1725353406.0650144
1725353406.0666232
1725353406.0676978
1725353406.0966763
1725353406.0997791
1725353406.1010587
1725353406.1138
1725353406.1157186
1725353406.1544743
1725353406.1895068
1725353406.1901445
1725353406.1923416
1725353406.2036273
1725353406.2251058
1725353406.2268927
1725353406.2287247
1725353406.2427526
1725353406.2434509
1725353406.2444675
1725353406.2538977
1725353406.2689216
1725353406.2701385
1725353406.2716959
1725353406.2829313
1725353406.2897234
1725353406.290303
1725353406.291302
1725353406.328144
1725353406.328939
1725353406.3650403
1725353406.3662934
1725353406.3799045
1725353406.380409
1725353406.39255
1725353406.3941557
1725353406.4185333
1725353406.4261
1725353406.431345
1725353406.4329684
1725353406.4341023
1725353406.4349728
1725353406.436246
1725353406.4683363
1725353406.4693866
1725353406.4699085
1725353406.4712186
1725353406.4800165
1725353406.4813278
1725353406.5237646
1725353406.525086
1725353406.567061
1725353406.5902767
1725353406.5908682
1725353406.5920696
1725353406.5926743
1725353406.6049852
1725353406.613741
1725353406.6155138
1725353406.6161456
1725353406.6402256
1725353406.6407743
1725353406.6412513
1725353406.641737
1725353406.6422896
1725353406.6733315
1725353406.6740725
1725353406.675588
1725353406.6804094
1725353406.6818426
1725353406.6823242
1725353406.700374
1725353406.7033277
1725353406.7206197
1725353406.7211168
1725353406.7228055
1725353406.757982
1725353406.7585695
1725353406.7592
1725353406.7597208
1725353406.7807994
1725353406.7824442
1725353406.8056247
1725353406.8081765
1725353406.808697
1725353406.8236003
1725353406.824139
1725353406.825644
1725353406.8355598
1725353406.8361392
1725353406.8379576
1725353406.840727
1725353406.8407667
1725353406.8407955
1725353406.841272
1725353406.8465474
1725353406.8881612
1725353406.909499
1725353406.917363
1725353406.918104
1725353406.9297743
1725353406.9303021
1725353406.9311914
1725353406.9320076
1725353406.9421127
1725353406.9432867
1725353406.9439456
1725353406.9611933
1725353406.9629872
1725353406.9635367
1725353406.9685204
1725353406.969653
1725353406.9890962
1725353406.9899158
1725353406.9905348
1725353406.9911485
1725353406.9954345
1725353406.9959445
1725353406.9963028
1725353407.0016973
1725353407.0080512
1725353407.0086193
1725353407.0092757
1725353407.0149844
1725353407.0153844
1725353407.0161192
1725353407.0164778
1725353407.0175424
1725353407.0846622
1725353407.0855129
1725353407.0860193
1725353407.0867085
1725353407.0878084
1725353407.1068122
1725353407.1367142
1725353407.1497931
1725353407.1560895
1725353407.1565104
1725353407.1572084
1725353407.1830537
1725353407.1837313
1725353407.1840758
1725353407.185459
1725353407.195238
1725353407.1956434
1725353407.2573535
1725353407.2590723
1725353407.2597723
1725353407.2963243
1725353407.2966595
1725353407.2969792
1725353407.3104146
1725353407.3114922
1725353407.3120594
1725353407.313647
1725353407.3412611
1725353407.3431842
1725353407.343642
1725353407.3440015
1725353407.3786058
1725353407.3789833
1725353407.3792968
1725353407.380078
1725353407.380399
1725353407.4099524
1725353407.4102752
1725353407.4109275
1725353407.411262
1725353407.4147122
1725353407.4155228
1725353407.4509447
1725353407.4685776
1725353407.4689384
1725353407.4801764
1725353407.481124
1725353407.481603
1725353407.4820175
1725353407.482343
1725353407.4928732
1725353407.4935825
1725353407.5067694
1725353407.539289
1725353407.540002
1725353407.5403628
1725353407.540709
1725353407.5410404
1725353407.5419273
1725353407.5439465
1725353407.544303
1725353407.5446243
1725353407.5451984
1725353407.5455143
1725353407.5779326
1725353407.580216
1725353407.5811772
1725353407.581572
1725353407.594748
1725353407.5955467
1725353407.595914
1725353407.601199
1725353407.6205547
1725353407.6212096
1725353407.622002
1725353407.6223385
1725353407.6227078
1725353407.6308293
1725353407.632271
1725353407.6447437
1725353407.6453655
1725353407.6458838
1725353407.6725044
1725353407.6784945
1725353407.6791444
1725353407.6794112
1725353407.6941493
1725353407.6944911
1725353407.7214286
1725353407.7216876
1725353407.7219827
1725353407.7229073
1725353407.7390418
1725353407.7394485
1725353407.739733
1725353407.7399929
1725353407.7402642
1725353407.740523
1725353407.7584012
1725353407.8109453
1725353407.8131588
1725353407.8158092
1725353407.8577635
1725353407.8585792
1725353407.8643029
1725353407.8657274
1725353407.8664808
1725353407.8859613
1725353407.8872042
1725353407.9203327
1725353407.9212608
1725353407.926381
1725353407.9432912
1725353407.9753253
1725353407.9759278
1725353407.9814916
1725353408.0139177
1725353408.0234663
1725353408.0396762
1725353408.0599923
1725353408.1079001
1725353408.1517553
1725353408.1538522
1725353408.1955698
1725353408.196447
1725353408.223587
1725353408.234275
1725353408.2588148
1725353408.2880735
1725353408.2917962
1725353408.3028455
1725353408.3191442
1725353408.3374639
1725353408.3908432
1725353408.3909254
1725353408.3910701
1725353408.4285014
1725353408.434256
1725353408.471486
1725353408.5089576
1725353408.5092096
1725353408.5366516
1725353408.5369084
1725353408.5512223
1725353408.5935636
1725353408.5980914
1725353408.6194139
1725353408.9888537
1725353408.9905055
1725353408.992429
1725353409.005667
1725353409.0601814
1725353409.0629904
1725353409.067063
1725353409.0682986
1725353409.0864246
1725353409.108545
1725353409.112146
1725353409.1483386
1725353409.14858
1725353409.1490672
1725353409.1525662
1725353409.1686847
1725353409.1869435
1725353409.224427
1725353409.2361474
1725353409.417796
1725353409.4183393
1725353409.4250786
1725353409.4356358
1725353409.4436316
1725353409.4481597
1725353409.4493005
1725353409.4663365
1725353409.4763346
1725353409.476625
1725353409.496639
1725353409.4984303
1725353409.515545
1725353409.5477064
1725353409.5482626
1725353409.559981
1725353409.8943987
1725353409.8959105
1725353409.8986104
1725353409.8990963
1725353409.9061797
1725353410.013138
1725353410.0143707
1725353410.0158684
1725353410.0172703
1725353410.0229535
1725353410.0306888
1725353410.0330498
1725353410.0376806
1725353410.0388267
1725353410.0406888
1725353410.0421193
1725353410.0426593
1725353410.056476
1725353410.0579627
1725353410.0813293
1725353410.091996
1725353410.0984924
1725353410.3206694
1725353410.3212578
1725353410.3235168
1725353410.3244278
1725353410.3299012
1725353410.3308935
1725353410.3396199
1725353410.3456626
1725353410.3700995
1725353410.3915184
1725353410.3940175
1725353410.41775
1725353410.7773097
1725353410.777709
1725353410.787955
1725353410.875541
1725353410.8776822
1725353410.8829594
1725353410.8833377
1725353410.8862646
1725353410.8930707
1725353410.8953335
1725353410.9031162
1725353411.2916112
1725353411.3085668
1725353411.3151727
1725353411.316609
1725353411.3180208
1725353411.3299003
1725353411.3304784
1725353411.3647542
1725353411.3715792
1725353411.3728936
1725353411.3753145
1725353411.3761523
1725353411.376708
1725353411.3778844
1725353411.404308
1725353411.404964
1725353411.405077
1725353411.405187
1725353411.504104
1725353411.5063872
1725353411.537893
1725353411.714121
1725353411.7697434
1725353411.8090394
1725353411.8098266
1725353411.8798156
1725353411.8806396
1725353411.882
1725353411.9052358
1725353411.9062114
1725353411.9262803
1725353412.0972202
1725353412.0976582
1725353412.136986
1725353412.2549322
1725353412.2561908
1725353412.2569766
1725353412.2574534
1725353412.2579446
1725353412.4769225
1725353412.4777577
1725353412.4789214
1725353412.4793715
1725353412.5258574
1725353412.5298963
1725353412.5303931
1725353412.6317565
1725353412.6325336
1725353412.6331239
1725353412.6335974
1725353412.6339297
1725353412.9464562
1725353412.9927523
1725353412.993176
1725353412.9935968
1725353412.9941761
1725353412.9952118
1725353413.0876095
1725353413.0899816
1725353413.1591942
1725353413.16435
1725353413.1648202
1725353413.2033937
1725353413.2413409
1725353413.2430553
1725353413.2437894
1725353413.2825806
1725353413.3439903
1725353413.3444002
1725353413.3449013
1725353413.3454766
1725353413.4763396
1725353413.4934208
1725353413.4938192
1725353413.4943697
1725353413.5334404
1725353413.5342982
1725353413.5552073
1725353413.555855
1725353413.5928617
1725353413.5931692
1725353413.593529
1725353413.593871
1725353413.5987933
1725353413.5994787
1725353413.6004674
1725353413.6103857
1725353413.61077
1725353413.611658
1725353413.802145
1725353413.8024647
1725353413.8029602
1725353413.8035488
1725353413.804252
1725353413.8333435
1725353414.126829
1725353414.127652
1725353414.1280618
1725353414.1284115
1725353414.1295083
1725353414.1998515
1725353414.3165755
1725353414.3172293
1725353414.3175912
1725353414.317934
1725353414.318567
1725353414.3930235
1725353414.3937805
1725353414.394301
1725353414.580299
1725353414.581727
1725353414.5825162
1725353414.6387668
1725353414.6391292
1725353414.640518
1725353414.6412172
1725353414.6507332
1725353414.6514297
1725353414.7827692
1725353414.783112
1725353414.783459
1725353414.7851288
1725353414.8849616
1725353414.8865151
1725353414.8874404
1725353414.8877716
1725353414.88996
1725353414.8903158
1725353414.9023118
1725353414.903258
1725353414.9511223
1725353414.9524474
1725353414.952824
1725353414.9531424
1725353414.993305
1725353414.9943929
1725353415.0794015
1725353415.0818937
1725353415.082169
1725353415.2193987
1725353415.2199478
1725353415.2203276
1725353415.2205863
1725353415.221442
1725353415.22176
1725353415.2619016
1725353415.2857316
1725353415.334176
1725353415.33447
1725353415.334795
1725353415.335155
1725353415.335477
1725353415.3360085
1725353415.436958
1725353415.4383454
1725353415.4386377
1725353415.438978
1725353415.4392755
1725353415.4558547
1725353415.4562566
1725353415.4711182
1725353415.4714332
1725353415.5103447
1725353415.5173962
1725353415.543879
1725353415.5442038
1725353415.5444927
1725353415.5451136
1725353415.9216583
1725353415.9218647
1725353415.9221213
1725353415.9231646
1725353415.923475
1725353415.9235075
1725353415.923537
1725353415.9235744
1725353415.9977303
1725353416.042141
1725353416.0424638
1725353416.0435147
1725353416.0438643
1725353416.0441473
1725353416.1644003
1725353416.1651459
1725353416.1653967
1725353416.1656418
1725353416.1732273
1725353416.1742349
1725353416.1753693
1725353416.1756134
1725353416.1763835
1725353416.1769867
1725353416.2029068
1725353416.2037873
1725353416.2039697
1725353416.2044883
1725353416.2046692
1725353416.204848
1725353416.2054083
1725353416.2056956
1725353416.219377
1725353416.2196555
1725353416.2199118
1725353416.2204318
1725353416.220739
1725353416.2210345
1725353416.2259974
1725353416.2262454
1725353416.2267778
1725353416.2270443
1725353416.2272997
1725353416.2275476
1725353416.227801
1725353416.2280486
1725353416.2497425
1725353416.2499294
1725353416.2504418
1725353416.262101
1725353416.2639465
1725353416.264176
1725353416.2642634
1725353416.264343
1725353416.2644124
1725353416.2644868
1725353416.2699804
1725353416.270524
1725353416.2708285
1725353416.2718043
1725353416.2720609
1725353416.2723188
1725353416.2920055
1725353416.2923958
1725353416.2930624
1725353416.2932136
1725353416.2934003
1725353416.2937505
1725353416.2954435
1725353416.2960243
1725353416.2964482
1725353416.2965212
1725353416.297639
1725353416.2982497
1725353416.299173
1725353416.2995253
1725353416.3309302
1725353416.3311794
1725353416.3315892
1725353416.3318243
1725353416.3320823
1725353416.3325243
1725353416.332879
1725353416.3506901
1725353416.3509288
1725353416.3841715
1725353416.3844929
1725353416.4649386
1725353416.4650197
1725353416.46511
1725353416.4652097
1725353416.4655082
1725353416.4837315
1725353416.505613
1725353416.5403457
1725353416.544469
1725353416.7714763
1725353416.77167
1725353416.7718732
1725353416.7723708
1725353416.7725964
1725353416.7727468
1725353416.7728915
1725353416.773071
1725353416.7732182
1725353416.7734358
1725353416.7735858
1725353416.773871
1725353416.7930574
1725353416.7932365
1725353416.854645
1725353416.8548424
1725353416.9006503
1725353416.9008899
1725353416.903203
1725353416.9176579
1725353417.0122135
1725353417.012355
1725353417.0125206
1725353417.012791
1725353417.0129983
1725353417.2096715
1725353417.2126384
1725353417.2357314
1725353417.237167
1725353417.255552
1725353417.2610447
1725353417.2847266
1725353417.2929468
1725353417.2936025
1725353417.3725128
1725353417.372911
1725353417.3733683
1725353417.3740113
1725353417.3741379
1725353417.3778484
1725353417.3974206
1725353417.4642794
1725353417.4645157
1725353417.4647303
1725353417.4783504
1725353417.4868267
1725353417.5123599
1725353417.532099
1725353417.540689
1725353417.5473201
1725353417.566564
1725353417.5929084
1725353417.6106207
1725353417.624917
1725353417.6420484
1725353417.6506195
1725353417.6679382
1725353417.6876366
1725353417.708514
1725353417.7219083
1725353417.7404873
1725353417.7553298
1725353417.762465
1725353417.7850068
1725353417.799726
1725353417.8218672
1725353417.8338728
1725353417.8555567
1725353417.870323
1725353417.924796
1725353417.928019
1725353417.9555206
1725353417.9873357
1725353417.9912682
1725353418.0097861
1725353418.0134606
1725353418.0204313
1725353418.0671246
1725353418.0684028
1725353418.0916495
1725353418.0981648
1725353418.1284208
1725353418.170183
1725353418.5439343
1725353418.5452363
1725353418.560154
1725353418.5616722
1725353418.7083914
1725353418.7091362
1725353418.7196925
1725353418.7326882
1725353418.734547
1725353418.7609127
1725353418.7637126
1725353418.769691
1725353418.77288
1725353418.775562
1725353418.7947373
1725353418.831855
1725353418.840379
1725353418.8431628
1725353418.8461564
1725353418.867627
1725353418.8825183
1725353418.8858047
1725353418.923807
1725353418.9711013
1725353418.9742389
1725353418.992027
1725353419.001937
1725353419.0100408
1725353419.0358768
1725353419.0520554
1725353419.0689795
1725353419.1030784
1725353419.1319067
1725353419.162395
1725353419.174073
1725353419.1812303
1725353419.2056592
1725353419.2276514
1725353419.2408454
1725353419.263606
1725353419.2838244
1725353419.3027308
1725353419.3244429
1725353419.659977
1725353419.7151191
1725353419.7193193
1725353419.721055
1725353419.7379138
1725353419.821767
1725353419.8232353
1725353419.870782
1725353419.8752038
1725353419.8918977
1725353419.8961291
1725353419.9239025
1725353419.9277565
1725353419.94221
1725353419.9446905
1725353419.9680939
1725353419.9924488
1725353420.0109217
1725353420.0603712
1725353420.06119
1725353420.0642416
1725353420.0652432
1725353420.0883336
1725353420.0948515
1725353420.1183786
1725353420.1224778
1725353420.1328652
1725353420.1356514
1725353420.1485417
1725353420.1737492
1725353420.18848
1725353420.2486653
1725353420.2529912
1725353420.2700894
1725353420.2857344
1725353420.2983053
1725353420.2998738
1725353420.3129425
1725353420.3317049
1725353420.3501174
1725353420.8486996
1725353420.8690338
1725353420.9461179
1725353421.0538418
1725353421.3381002
1725353421.3392725
1725353421.3812766
1725353421.4154868
1725353421.449885
1725353421.4999297
1725353421.5456898
1725353421.5612638
1725353421.5691159
1725353421.5707026
1725353421.5812845
1725353421.618642
1725353421.6382542
1725353421.648772
1725353421.683573
1725353421.6957324
1725353421.7035017
1725353421.7234845
1725353421.7250898
1725353421.742867
1725353421.7529516
1725353421.76464
1725353421.8045025
1725353421.806197
1725353421.8430302
1725353421.8825455
1725353421.9159038
1725353421.9168532
1725353421.9356058
1725353421.9596524
1725353421.9606633
1725353421.9957263
1725353422.0231543
1725353422.046558
1725353422.0487888
1725353422.0789976
1725353422.0817459
1725353422.0984175
1725353422.1166537
1725353422.320633
1725353422.3755164
1725353422.3784797
1725353422.3800125
1725353422.4436138
1725353422.4461985
1725353422.4485388
1725353422.450432
1725353422.4908876
1725353422.5191085
1725353422.5213816
1725353422.5237684
1725353422.6722865
1725353422.7208486
1725353422.7414496
1725353422.7452593
1725353422.7904713
1725353422.798906
1725353422.8031282
1725353422.8087573
1725353422.8342166
1725353422.8542488
1725353422.8592978
1725353422.8758907
1725353422.8786018
1725353422.9155056
1725353422.9176877
1725353422.919653
1725353422.9457996
1725353422.957543
1725353422.9655597
1725353422.9997466
1725353423.0021112
1725353423.0211604
1725353423.0355742
1725353423.0421956
1725353423.0612514
1725353423.0723007
1725353423.0875695
1725353423.1074224
1725353423.1355362
1725353423.150061
1725353423.1511807
1725353423.1985219
1725353423.207947
1725353423.2217555
1725353423.2461495
1725353423.2640781
1725353423.2838297
1725353423.297815
1725353423.3308537
1725353423.3434157
1725353423.3555903
1725353423.3855064
1725353423.412387
1725353423.4252503
1725353423.4287958
1725353423.4464505
1725353423.4569325
1725353423.4774873
1725353423.4876885
1725353423.521768
1725353423.5422473
1725353423.5573256
1725353423.579953
1725353423.6039274
1725353423.616335
1725353423.636054
1725353423.6511467
1725353423.6805038
1725353423.7010405
1725353423.7420642
1725353423.750042
1725353423.7623308
1725353423.7774658
1725353423.798201
1725353423.8166037
1725353423.8704858
1725353423.8828945
1725353423.9191246
1725353423.9212224
1725353423.931089
1725353423.9395006
1725353423.977696
1725353423.987258
1725353424.0070288
1725353424.0189817
1725353424.0249066
1725353424.03958
1725353424.077058
1725353424.0878215
1725353424.0930092
1725353424.1287394
1725353424.1468036
1725353424.169059
1725353424.1844006
1725353424.2059596
1725353424.2206924
1725353424.2314065
1725353424.2507253
1725353424.2732375
1725353424.2868683
1725353424.301436
1725353424.3219256
1725353424.3365295
1725353424.3652916
1725353424.3695264
1725353424.3889375
1725353424.415293
1725353424.4266722
1725353424.4410915
1725353424.449913
1725353424.4722583
1725353424.4868348
1725353424.5143857
1725353424.5182273
1725353424.5348759
1725353424.5531263
1725353424.5872142
1725353424.6095655
1725353424.6502745
1725353424.6526465
1725353424.6708374
1725353424.6764045
1725353424.6861248
1725353424.7022798
1725353424.7631614
1725353424.7708619
1725353424.7710454
1725353424.7823422
1725353424.8149757
1725353424.8745573
1725353424.9358332
1725353424.9495952
1725353424.9510133
1725353424.9766448
1725353424.9864242
1725353425.0316334
1725353425.0377798
1725353425.0405037
1725353425.0532777
1725353425.0635514
1725353425.081079
1725353425.1024797
1725353425.1160355
1725353425.1244674
1725353425.1529593
1725353425.1861398
1725353425.2413073
1725353425.2438827
1725353425.246192
1725353425.2632513
1725353425.2941232
1725353425.3052235
1725353425.3153622
1725353425.3541203
1725353425.3767533
1725353425.3904374
1725353425.3993301
1725353425.4262657
1725353425.4293668
1725353425.46152
1725353425.4696982
1725353425.5026317
1725353425.508924
1725353425.5146122
1725353425.5441713
1725353425.549774
1725353425.5642903
1725353425.583854
1725353425.642398
1725353425.6628838
1725353425.7129157
1725353425.7165413
1725353425.7458854
1725353425.7481132
1725353425.7506104
1725353425.75728
1725353425.7643151
1725353425.775956
1725353425.8083518
1725353425.8402274
1725353425.8586042
1725353425.8759837
1725353425.9077137
1725353425.9085536
1725353425.9367113
1725353425.940382
1725353425.9799488
1725353426.0019093
1725353426.0099523
1725353426.027069
1725353426.0786006
1725353426.1192899
1725353426.1206682
1725353426.1308696
1725353426.1760154
1725353426.191901
1725353426.203633
1725353426.232457
1725353426.2490237
1725353426.2707794
1725353426.2812872
1725353426.2949166
1725353426.3237872
1725353426.3565187
1725353426.3730583
1725353426.3860064
1725353426.3900254
1725353426.413289
1725353426.417008
1725353426.4392254
1725353426.452491
1725353426.4778266
1725353426.4921305
1725353426.5101833
1725353426.5288637
1725353426.5616653
1725353426.5791883
1725353426.5918593
1725353426.6186376
1725353426.6310718
1725353426.6867785
1725353426.689263
1725353426.6914823
1725353426.7088914
1725353426.7364957
1725353426.7486207
1725353426.7677698
1725353426.7912366
1725353426.7933257
1725353426.8075879
1725353426.8248975
1725353426.8350453
1725353426.8519435
1725353426.874056
1725353427.1312122
1725353427.1557224
1725353427.1693435
1725353427.1714857
1725353427.1804268
1725353427.1825821
1725353427.1908665
1725353427.2201009
1725353427.307545
1725353427.3131392
1725353427.3148558
1725353427.316039
1725353427.349183
1725353427.352725
1725353427.4128163
1725353427.4517713
1725353427.4543047
1725353427.4572902
1725353427.4669905
1725353427.4840884
1725353427.5058823
1725353427.5092955
1725353427.5105515
1725353427.525924
1725353427.5395336
1725353427.5424266
1725353427.5578365
1725353427.5954893
1725353427.5972798
1725353427.6065621
1725353427.621844
1725353427.6428373
1725353427.6678119
1725353427.6801405
1725353427.6875224
1725353427.7007227
1725353427.747238
1725353427.7497947
1725353427.7621074
1725353427.7750962
1725353427.7911022
1725353427.802352
1725353427.830123
1725353427.8561254
1725353427.8852806
1725353427.8860133
1725353427.8895113
1725353427.9131215
1725353427.9452043
1725353427.9562101
1725353428.0063872
1725353428.0083652
1725353428.0170758
1725353428.0191076
1725353428.0571747
1725353428.0653503
1725353428.13147
1725353428.1333115
1725353428.1371171
1725353428.139877
1725353428.1731772
1725353428.2190528
1725353428.2623467
1725353428.2867198
1725353428.2986093
1725353428.3220215
1725353428.3420901
1725353428.3798857
1725353428.3880017
1725353428.3887784
1725353428.40105
1725353428.4244168
1725353428.431929
1725353428.4702423
1725353428.4726927
1725353428.4935858
1725353428.5086741
1725353428.5514107
1725353428.5836504
1725353428.5936086
1725353428.612345
1725353428.623131
1725353428.6398284
1725353428.6846943
1725353428.6864603
1725353428.7130675
1725353428.7328
1725353428.7472274
1725353428.7728972
1725353428.7887802
1725353428.7898571
1725353428.8059134
1725353428.835549
1725353428.8407595
1725353428.8704593
1725353428.8807075
1725353428.892839
1725353428.92494
1725353428.9473464
1725353428.9521964
1725353429.0129783
1725353429.052161
1725353429.0760794
1725353429.0902019
1725353429.094886
1725353429.095656
1725353429.1100798
1725353429.110964
1725353429.1141694
1725353429.150941
1725353429.1823032
1725353429.1919498
1725353429.206156
1725353429.225456
1725353429.2522573
1725353429.2607334
1725353429.2909179
1725353429.2980497
1725353429.3382034
1725353429.3462172
1725353429.35481
1725353429.3801558
1725353429.411906
1725353429.4521737
1725353429.4648864
1725353429.4866369
1725353429.5358896
1725353429.5400743
1725353429.5494943
1725353429.590048
1725353429.5995846
1725353429.6195211
1725353429.6273766
1725353429.6519232
1725353429.675201
1725353429.7035637
1725353429.7069147
1725353429.734894
1725353429.7478936
1725353429.7510266
1725353429.7717814
1725353429.7977247
1725353429.8030038
1725353429.826362
1725353429.8624527
1725353429.880465
1725353429.881371
1725353429.903918
1725353429.9228518
1725353429.9352577
1725353429.9604583
1725353429.9725883
1725353430.003951
1725353430.0059755
1725353430.0380871
1725353430.0590084
1725353430.0817835
1725353430.1086805
1725353430.1215844
1725353430.1418962
1725353430.153976
1725353430.1723626
1725353430.1830752
1725353430.2046664
1725353430.227498
1725353430.232497
1725353430.27758
1725353430.2861893
1725353430.3029778
1725353430.334001
1725353430.3429887
1725353430.3567998
1725353430.3772848
1725353430.418437
1725353430.4357755
1725353430.4430003
1725353430.6191995
1725353430.6242344
1725353430.625892
1725353430.6511555
1725353430.6537378
1725353430.6976604
1725353430.720855
1725353430.7848384
1725353430.7871287
1725353430.7892766
1725353430.805746
1725353430.8099964
1725353430.8642116
1725353430.8652964
1725353430.8741968
1725353430.8764489
1725353430.879842
1725353430.9179916
1725353430.9237657
1725353430.9493
1725353430.9518301
1725353430.9546068
1725353430.9741375
1725353430.9767218
1725353430.9975114
1725353431.017439
1725353431.0334287
1725353431.045489
1725353431.0485008
1725353431.0652053
1725353431.088729
1725353431.1207964
1725353431.1438887
1725353431.1457834
1725353431.156307
1725353431.1662326
1725353431.188512
1725353431.2008142
1725353431.2208383
1725353431.2434406
1725353431.2552197
1725353431.2855568
1725353431.2919872
1725353431.3142653
1725353431.3324385
1725353431.5139472
1725353431.515509
1725353431.5172966
1725353431.5204594
1725353431.5227065
1725353431.5493586
1725353431.6074548
1725353431.6074972
1725353431.6075277
1725353431.6570177
1725353431.663496
1725353431.6992018
1725353431.7647936
1725353431.769703
1725353431.795838
1725353431.7973797
1725353431.80592
1725353431.8283544
1725353431.8373277
1725353431.8383734
1725353431.840778
1725353431.8552275
1725353431.8574576
1725353431.868927
1725353431.8828366
1725353431.900307
1725353432.17149
1725353432.3529973
1725353432.3539
1725353432.3846557
1725353432.3862553
1725353432.3890169
1725353432.3901215
1725353432.3926575
1725353432.5291767
1725353432.5301561
1725353432.531279
1725353432.571658
1725353432.5731816
1725353432.5822256
1725353432.5832863
1725353432.5997243
1725353432.614227
1725353432.6842275
1725353432.7991338
1725353432.8001456
1725353432.8056235
1725353432.8390641
1725353432.8401856
1725353432.8413348
1725353432.9309988
1725353432.966793
1725353432.9675694
1725353432.9706013
1725353432.9781263
1725353432.980612
1725353433.014263
1725353433.0172193
1725353433.0249622
1725353433.0391593
1725353433.047367
1725353433.079175
1725353433.1190565
1725353433.1211815
1725353433.1242664
1725353433.1527593
1725353433.1550066
1725353433.1756585
1725353433.177132
1725353433.1945114
1725353433.2087505
1725353433.2287517
1725353433.2434251
1725353433.2612202
1725353433.3039033
1725353433.31461
1725353433.330952
1725353433.3522444
1725353433.377253
1725353433.408485
1725353433.4127645
1725353433.4344878
1725353433.4583843
1725353433.4792378
1725353433.4808712
1725353433.5057511
1725353433.5256374
1725353433.547278
1725353433.5569205
1725353433.5644684
1725353433.5920763
1725353433.60067
1725353433.6154134
1725353433.6715376
1725353433.6933508
1725353433.7145486
1725353433.7261806
1725353433.747898
1725353433.750776
1725353433.7537644
1725353433.8003364
1725353433.807057
1725353433.8289142
1725353433.8442726
1725353434.0357845
1725353434.0365086
1725353434.04399
1725353434.1072443
1725353434.1122897
1725353434.124752
1725353434.1699955
1725353434.1729996
1725353434.174593
1725353434.1832702
1725353434.2025332
1725353434.2323306
1725353434.233135
1725353434.236418
1725353434.2600513
1725353434.2633102
1725353434.2727141
1725353434.287914
1725353434.31669
1725353434.3194897
1725353434.321931
1725353434.3248155
1725353434.3598304
1725353434.3607583
1725353434.3851025
1725353434.4183013
1725353434.4196687
1725353434.4417574
1725353434.4480429
1725353434.4614844
1725353434.4814172
1725353434.6356301
1725353434.682049
1725353434.688336
1725353434.689971
1725353434.691237
1725353434.725611
1725353434.729759
1725353434.7309418
1725353434.7321682
1725353434.7684526
1725353434.7709897
1725353434.8197393
1725353434.8238041
1725353434.8517964
1725353434.8535357
1725353434.8567405
1725353434.857989
1725353434.952038
1725353434.9539895
1725353434.9950204
1725353434.9965386
1725353434.9965813
1725353434.9966116
1725353434.9970338
1725353435.0712113
1725353435.1365187
1725353435.1594412
1725353435.1611595
1725353435.1639912
1725353435.174992
1725353435.176072
1725353435.382217
1725353435.385766
1725353435.397418
1725353435.4074101
1725353435.4109457
1725353435.4127343
1725353435.4454534
1725353435.4554608
1725353435.4571083
1725353435.4674783
1725353435.4689333
1725353435.4729695
1725353435.5300741
1725353435.5312011
1725353435.5369623
1725353435.5784898
1725353435.5806992
1725353435.63529
1725353435.6725457
1725353435.6733422
1725353435.6808236
1725353435.6839385
1725353435.6859202
1725353435.6988506
1725353435.7116942
1725353435.7340388
1725353435.7359076
1725353435.7378514
1725353435.7961411
1725353435.8452463
1725353435.8463826
1725353435.8718052
1725353435.875917
1725353436.0528069
1725353436.0551336
1725353436.056335
1725353436.0611336
1725353436.1033099
1725353436.114376
1725353436.1154957
1725353436.1164339
1725353436.1267323
1725353436.129921
1725353436.1376953
1725353436.1397848
1725353436.1930661
1725353436.3011975
1725353436.3132558
1725353436.3174014
1725353436.3409271
1725353436.40361
1725353436.4063265
1725353436.4212427
1725353436.4222252
1725353436.45714
1725353436.4802883
1725353436.538449
1725353436.5417402
1725353436.5446537
1725353436.5511146
1725353436.5610323
1725353436.5991166
1725353436.6014142
1725353436.6124492
1725353436.6190865
1725353436.6208477
1725353436.6305876
1725353436.633295
1725353436.7840657
1725353436.9807308
1725353436.9821708
1725353437.0622127
1725353437.064976
1725353437.07596
1725353437.1651468
1725353437.1664417
1725353437.1747966
1725353437.1824074
1725353437.2013307
1725353437.2047668
1725353437.2346432
1725353437.2376847
1725353437.2410815
1725353437.282917
1725353437.2851439
1725353437.4454255
1725353437.501571
1725353437.5636263
1725353437.5728364
1725353437.5832267
1725353437.5885277
1725353437.5896273
1725353437.6720588
1725353437.6758852
1725353437.7132738
1725353437.7143705
1725353437.718585
1725353437.7313757
1725353437.7338555
1725353437.7596478
1725353437.7625103
1725353437.7797427
1725353437.7824738
1725353437.7926133
1725353437.8025668
1725353437.851256
1725353437.8527024
1725353437.8681405
1725353438.060566
1725353438.0675166
1725353438.072672
1725353438.075309
1725353438.0880182
1725353438.0892386
1725353438.330244
1725353439.0712197
1725353439.0889494
1725353439.0900483
1725353439.091602
1725353439.095415
1725353439.0968375
1725353439.447594
1725353439.4597201
1725353440.443303
1725353440.4498127
1725353441.0118423
1725353442.1871336
1725353442.2682788
1725353442.2911098
1725353442.400033
1725353442.416967
1725353442.531245
1725353442.5636954
1725353442.5999596
1725353442.602489
1725353442.6042674
1725353442.6412578
1725353442.7009497
1725353442.7249005
1725353442.7273583
1725353442.7289624
1725353442.7458313
1725353442.748544
1725353442.7501752
1725353442.7727208
1725353442.8198667
1725353442.8227396
1725353442.865688
1725353442.8678207
1725353448.1396055
1725353448.162888
1725353448.2769287
1725353448.2778816
1725353448.3009212
1725353448.6909223
1725353448.7082956
1725353448.7422667
1725353448.7805269
1725353448.8179278
1725353448.8866048
1725353448.9173808
1725353448.9832458
1725353449.0197165
1725353449.0227199
1725353449.0854874
1725353449.0868797
1725353449.121743
1725353449.1658988
1725353449.2148416
1725353449.2162595
1725353449.2261539
1725353449.2716124
1725353449.2724993
1725353449.5912843
1725353449.5992088
1725353449.6015265
1725353449.9787457
1725353449.9823349
1725353449.9903488
1725353449.9918697
1725353450.0222037
1725353450.0248742
1725353450.0968485
1725353450.1275022
1725353450.1484287
1725353450.1710353
1725353450.1753416
1725353450.2047136
1725353450.2075834
1725353450.2097387
1725353450.2350295
1725353450.2378323
1725353450.239976
1725353450.2447567
1725353450.2970293
1725353450.3006616
1725353450.3032353
1725353450.3816185
1725353450.3840148
1725353450.4152284
1725353450.8301795
1725353451.199998
1725353451.6392155
1725353451.6452765
1725353451.648417
1725353451.6509438
1725353452.3858252
1725353452.3916166
1725353452.4023814
1725353452.4071
1725353453.1695232
1725353453.4565709
1725353453.481788
1725353453.513574
1725353453.5352821
1725353453.5372171
1725353453.5545514
1725353453.555981
1725353453.5585883
1725353453.5723274
1725353453.5860481
1725353453.6099937
1725353453.6149352
1725353453.617509
1725353453.6183453
1725353453.7000058
1725353453.7050197
1725353453.7688243
1725353453.7775474
1725353453.797528
1725353453.8823133
1725353453.884544
1725353453.8887146
1725353453.9090283
1725353453.9106848
1725353453.912118
1725353453.9167662
1725353453.9789855
1725353454.0163782
1725353454.0202966
1725353454.021762
1725353454.0255382
1725353454.0523503
1725353454.0537362
1725353454.0558317
1725353454.0736885
1725353454.154144
1725353454.155779
1725353454.1583729
1725353454.1713588
1725353454.2060223
1725353454.2081883
1725353454.2247884
1725353454.3673356
1725353454.6511934
1725353454.6528995
1725353455.2919726
1725353455.7478812
1725353455.9475749
1725353455.9506187
1725353455.9516737
1725353455.9793723
1725353455.9804752
1725353456.1493177
