2024-09-03 16:32:54
../stream-replay/logs/stuttering-6208.txt
1725352271.811362
1725352271.8125832
1725352271.866792
1725352271.867352
1725352271.8682103
1725352271.9032142
1725352271.903683
1725352271.9041543
1725352271.904612
1725352271.960069
1725352271.9624138
1725352271.9693708
1725352271.9698575
1725352271.9719923
1725352272.1182384
1725352272.1187263
1725352272.1193576
1725352272.1201017
1725352272.1272566
1725352272.1279576
1725352272.1313002
1725352272.1317723
1725352272.1323335
1725352272.144807
1725352272.145339
1725352272.1462321
1725352272.1471524
1725352272.179271
1725352272.1819282
1725352272.2028651
1725352272.203511
1725352272.2045014
1725352272.2082903
1725352272.2091236
1725352272.2095978
1725352272.2529356
1725352272.2780902
1725352272.278619
1725352272.2967691
1725352272.3349855
1725352272.4002414
1725352272.4023023
1725352272.4208884
1725352272.4335487
1725352272.4550374
1725352272.5064292
1725352272.5069854
1725352272.541259
1725352272.558107
1725352272.55859
1725352272.574723
1725352272.5814104
1725352272.660099
1725352272.6606247
1725352272.6808205
1725352272.681273
1725352272.6817093
1725352272.7440126
1725352272.751667
1725352272.7520993
1725352272.8058047
1725352272.8063154
1725352272.8068373
1725352272.827426
1725352272.8863585
1725352272.8884761
1725352272.915222
1725352272.9157748
1725352272.9334407
1725352272.955743
1725352272.9680417
1725352273.0016904
1725352273.002369
1725352273.042919
1725352273.0442302
1725352273.0533938
1725352273.11767
1725352273.1181543
1725352273.1191623
1725352273.154831
1725352273.233535
1725352273.2775915
1725352273.278101
1725352273.2785578
1725352273.279042
1725352273.3114905
1725352273.311891
1725352273.3123024
1725352273.3596404
1725352273.3602703
1725352273.3615856
1725352273.4143403
1725352273.415044
1725352273.436941
1725352273.5685973
1725352273.5695822
1725352273.5705383
1725352273.5712266
1725352273.588651
1725352273.5890515
1725352273.5898526
1725352273.590217
1725352273.7073405
1725352273.7288818
1725352273.7300694
1725352273.7304194
1725352273.731154
1725352273.7688522
1725352273.7693038
1725352273.8073335
1725352273.808513
1725352273.8391652
1725352273.8395278
1725352273.920019
1725352273.9206421
1725352273.9242435
1725352273.9247017
1725352273.9251986
1725352273.9741013
1725352273.975105
1725352273.975527
1725352274.0070665
1725352274.0144436
1725352274.026843
1725352274.0563638
1725352274.1405058
1725352274.1408992
1725352274.1424253
1725352274.1642199
1725352274.1648037
1725352274.2400196
1725352274.240629
1725352274.241634
1725352274.2459621
1725352274.2861085
1725352274.286484
1725352274.2868946
1725352274.3474836
1725352274.347838
1725352274.3500235
1725352274.3634024
1725352274.3810704
1725352274.4052448
1725352274.4420788
1725352274.4513133
1725352274.451666
1725352274.4900756
1725352274.5425813
1725352274.5430055
1725352274.5443716
1725352274.5872445
1725352274.5875673
1725352274.5879042
1725352274.6369956
1725352274.6822584
1725352274.6829638
1725352274.7479234
1725352274.7482507
1725352274.7485816
1725352274.7493892
1725352274.759791
1725352274.8097136
1725352274.8104208
1725352274.879565
1725352274.8798888
1725352274.8804193
1725352274.8809311
1725352274.925165
1725352274.977853
1725352274.9786682
1725352274.979058
1725352274.9922874
1725352274.9932876
1725352275.0128183
1725352275.0547783
1725352275.0550807
1725352275.1006181
1725352275.1011744
1725352275.1199095
1725352275.1293302
1725352275.1474717
1725352275.1702914
1725352275.2364118
1725352275.2367055
1725352275.2372427
1725352275.2375994
1725352275.271587
1725352275.2719502
1725352275.3470414
1725352275.3473482
1725352275.3476644
1725352275.3479621
1725352275.36754
1725352275.367892
1725352275.3982751
1725352275.3988614
1725352275.438094
1725352275.4383895
1725352275.4844356
1725352275.4847457
1725352275.4850457
1725352275.5764494
1725352275.5790567
1725352275.5794806
1725352275.5938144
1725352275.5941296
1725352275.6291993
1725352275.6294906
1725352275.699571
1725352275.7018354
1725352275.726913
1725352275.7269413
1725352275.7269754
1725352275.7637513
1725352275.822527
1725352275.8339243
1725352275.8851247
1725352275.8856938
1725352276.0454326
1725352276.0457268
1725352276.0460107
1725352276.0462837
1725352276.0465465
1725352276.064709
1725352276.0649366
1725352276.0653505
1725352276.0656316
1725352276.0658782
1725352276.076143
1725352276.105135
1725352276.1940548
1725352276.1956658
1725352276.1959157
1725352276.1961756
1725352276.267491
1725352276.2681615
1725352276.2683907
1725352276.33495
1725352276.335749
1725352276.3360624
1725352276.3456151
1725352276.3837056
1725352276.3839486
1725352276.4100049
1725352276.412218
1725352276.4454925
1725352276.5569913
1725352276.5572615
1725352276.5577512
1725352276.558022
1725352276.558355
1725352276.579222
1725352276.5814419
1725352276.734241
1725352276.7345362
1725352276.7348244
1725352276.735076
1725352276.738286
1725352276.7389
1725352276.739132
1725352276.73937
1725352276.739595
1725352276.829237
1725352276.8300743
1725352276.830342
1725352276.8312435
1725352276.9718974
1725352276.9720926
1725352276.972776
1725352276.9730108
1725352276.9739347
1725352276.9741375
1725352276.994592
1725352276.9948015
1725352277.0573747
1725352277.057914
1725352277.0785642
1725352277.0791183
1725352277.1629448
1725352277.1632795
1725352277.163513
1725352277.3180482
1725352277.318244
1725352277.3184369
1725352277.324606
1725352277.324864
1725352277.325491
1725352277.325913
1725352277.3263025
1725352277.3265188
1725352277.3421018
1725352277.3955147
1725352277.3957164
1725352277.3959184
1725352277.3993602
1725352277.474136
1725352277.4869623
1725352277.4871907
1725352277.4874074
1725352277.6585534
1725352277.6589155
1725352277.6591234
1725352277.6593192
1725352277.6596243
1725352277.6617208
1725352277.8510933
1725352277.8512516
1725352277.8514326
1725352277.8516183
1725352277.8518543
1725352277.8522449
1725352277.8547354
1725352277.8575878
1725352277.8655539
1725352277.8657255
1725352277.865905
1725352277.8660946
1725352277.8664005
1725352277.8676815
1725352277.922288
1725352277.922728
1725352277.9232042
1725352277.938208
1725352277.965984
1725352277.991475
1725352277.9924493
1725352278.051978
1725352278.0522513
1725352278.058398
1725352278.1112378
1725352278.1113763
1725352278.1139069
1725352278.1677334
1725352278.167999
1725352278.1756117
1725352278.20914
1725352278.2182953
1725352278.2431383
1725352278.3268669
1725352278.334861
1725352278.3353574
1725352278.3354952
1725352278.3356392
1725352278.338961
1725352278.3567162
1725352278.374438
1725352278.4011996
1725352278.4243703
1725352278.477722
1725352278.4778543
1725352278.4779954
1725352278.5467377
1725352278.547725
1725352278.5478785
1725352278.5480077
1725352278.5537055
1725352278.5776994
1725352278.592435
1725352278.600486
1725352278.622826
1725352278.645152
1725352278.647427
1725352278.6987875
1725352278.6989994
1725352278.6995935
1725352278.7555945
1725352278.7557285
1725352278.7558706
1725352278.802343
1725352278.8024588
1725352278.8026042
1725352278.8327978
1725352278.8329434
1725352278.938927
1725352278.9391737
1725352278.9397433
1725352278.9399006
1725352278.9400375
1725352278.9421008
1725352278.9784737
1725352278.98315
1725352279.0401087
1725352279.0402505
1725352279.0402784
1725352279.0808415
1725352279.1497324
1725352279.1499133
1725352279.1534784
1725352279.2270768
1725352279.227146
1725352279.244192
1725352279.251587
1725352279.2736614
1725352279.3149817
1725352279.3254294
1725352279.331199
1725352279.338292
1725352279.360091
1725352279.3669565
1725352279.5245442
1725352279.5246172
1725352279.5259466
1725352279.5261455
1725352279.5264313
1725352279.526518
1725352279.5265832
1725352279.5289676
1725352279.5514584
1725352279.5772295
1725352279.5824811
1725352279.66651
1725352279.6666327
1725352279.6731894
1725352279.6763647
1725352279.733669
1725352279.733742
1725352279.7338178
1725352279.7339034
1725352279.7479057
1725352279.768952
1725352279.7861378
1725352279.80744
1725352279.8286922
1725352279.8298223
1725352279.9040613
1725352279.907079
1725352279.9171648
1725352279.9368205
1725352279.9493282
1725352279.949834
1725352279.9701145
1725352280.0231133
1725352280.0232012
1725352280.023269
1725352280.0315442
1725352280.0739713
1725352280.1128628
1725352280.1170394
1725352280.1351507
1725352280.157895
1725352280.1718507
1725352280.1855078
1725352280.2040164
1725352280.2489827
1725352280.249548
1725352280.2626767
1725352280.2863996
1725352280.3254306
1725352280.3553116
1725352280.3722055
1725352280.3865125
1725352280.4255936
1725352280.4510696
1725352280.4651184
1725352280.489894
1725352280.5008686
1725352280.523147
1725352280.531008
1725352280.552074
1725352280.568991
1725352280.5961924
1725352280.611977
1725352280.6209373
1725352280.6438527
1725352280.6555445
1725352280.6688244
1725352280.6877306
1725352280.7093196
1725352280.7222867
1725352280.7400477
1725352280.755772
1725352280.7734904
1725352280.8112857
1725352280.8216112
1725352280.843504
1725352280.8570297
1725352280.872442
1725352280.89489
1725352280.9094293
1725352280.9448495
1725352280.9624953
1725352280.9788713
1725352280.992374
1725352281.0049226
1725352281.0260282
1725352281.045503
1725352281.0634897
1725352281.071816
1725352281.0876644
1725352281.1036973
1725352281.1268992
1725352281.1606207
1725352281.1708624
1725352281.1920693
1725352281.2165666
1725352281.2346094
1725352281.2424674
1725352281.262754
1725352281.2883105
1725352281.3251014
1725352281.3348875
1725352281.3487606
1725352281.381
1725352281.3943815
1725352281.4148233
1725352281.427934
1725352281.4667468
1725352281.4834564
1725352281.4999545
1725352281.5140407
1725352281.5277007
1725352281.5451446
1725352281.5792747
1725352281.5984468
1725352281.6223135
1725352281.6332586
1725352281.6453118
1725352281.6594656
1725352281.6855268
1725352281.6922762
1725352281.7154107
1725352281.7516243
1725352281.7628675
1725352281.782832
1725352281.7962534
1725352281.8107843
1725352281.8357136
1725352281.8518767
1725352281.8745859
1725352281.8897421
1725352281.9080055
1725352281.9282851
1725352281.9485052
1725352281.9572835
1725352281.977039
1725352281.9875262
1725352282.0031824
1725352282.0286098
1725352282.0385032
1725352282.0552764
1725352282.087475
1725352282.0883877
1725352282.1031237
1725352282.1211567
1725352282.1366541
1725352282.1484528
1725352282.1663442
1725352282.2034903
1725352282.232683
1725352282.2530878
1725352282.2622237
1725352282.2690253
1725352282.2880733
1725352282.3036094
1725352282.319337
1725352282.3631601
1725352282.376695
1725352282.3887558
1725352282.3958564
1725352282.4290612
1725352282.4661736
1725352282.4952927
1725352282.525142
1725352282.5288968
1725352282.5647492
1725352282.592942
1725352282.611948
1725352282.6358104
1725352282.6368911
1725352282.6541045
1725352282.6719055
1725352282.708831
1725352282.7094624
1725352282.7233047
1725352282.732533
1725352282.7488534
1725352282.783791
1725352282.8153784
1725352282.8289096
1725352282.8504333
1725352282.8723755
1725352282.8891313
1725352282.9048505
1725352282.919068
1725352282.9662461
1725352283.0128994
1725352283.0152173
1725352283.020749
1725352283.0286117
1725352283.0476596
1725352283.0631933
1725352283.0761673
1725352283.095286
1725352283.1130652
1725352283.1416104
1725352283.1459105
1725352283.1623523
1725352283.179898
1725352283.1955435
1725352283.2461066
1725352283.280825
1725352283.2839253
1725352283.2904959
1725352283.313813
1725352283.3243215
1725352283.3331428
1725352283.3502326
1725352283.3681946
1725352283.3882253
1725352283.4321735
1725352283.4495833
1725352283.4697626
1725352283.4857697
1725352283.5112967
1725352283.5263362
1725352283.5362124
1725352283.5594664
1725352283.5899737
1725352283.61469
1725352283.6356966
1725352283.6487968
1725352283.680931
1725352283.7153888
1725352283.7272954
1725352283.750019
1725352283.7808554
1725352283.7971482
1725352283.823975
1725352283.8490222
1725352283.8629987
1725352283.8770683
1725352283.8908918
1725352283.9203591
1725352283.9427967
1725352283.9558609
1725352283.9735055
1725352283.9915326
1725352284.0139146
1725352284.0245395
1725352284.0376222
1725352284.0553694
1725352284.0728977
1725352284.089556
1725352284.107676
1725352284.143176
1725352284.1437643
1725352284.1758847
1725352284.1885703
1725352284.2214804
1725352284.2340407
1725352284.2439811
1725352284.261533
1725352284.2774467
1725352284.312733
1725352284.3323443
1725352284.3463812
1725352284.3636723
1725352284.3876715
1725352284.4059782
1725352284.4156382
1725352284.4378061
1725352284.4513712
1725352284.465043
1725352284.483383
1725352284.5005152
1725352284.5467381
1725352284.556838
1725352284.564877
1725352284.585797
1725352284.6063282
1725352284.619337
1725352284.6345026
1725352284.6689444
1725352284.7050138
1725352284.7223103
1725352284.7476163
1725352284.7755904
1725352284.7933764
1725352284.8077786
1725352284.818058
1725352284.8517325
1725352284.8773134
1725352284.892424
1725352284.902663
1725352284.927005
1725352284.9496756
1725352284.9719305
1725352284.9888089
1725352285.00352
1725352285.017992
1725352285.0328364
1725352285.0527105
1725352285.070346
1725352285.088723
1725352285.1044238
1725352285.1421173
1725352285.161899
1725352285.179574
1725352285.190481
1725352285.206006
1725352285.2286854
1725352285.2392006
1725352285.2591772
1725352285.275305
1725352285.2943637
1725352285.3035865
1725352285.3215835
1725352285.337395
1725352285.3576365
1725352285.3784866
1725352285.3910582
1725352285.4041371
1725352285.4168038
1725352285.4485252
1725352285.459037
1725352285.477607
1725352285.5163796
1725352285.5238042
1725352285.5354555
1725352285.5629933
1725352285.5638082
1725352285.6001585
1725352285.6270862
1725352285.62809
1725352285.6489723
1725352285.6696904
1725352285.6764743
1725352285.6963491
1725352285.7101989
1725352285.7566135
1725352285.7748537
1725352285.7779403
1725352285.791364
1725352285.8275158
1725352285.8743823
1725352285.8956804
1725352285.9136863
1725352285.9255362
1725352285.9746606
1725352286.0015442
1725352286.0232234
1725352286.0398653
1725352286.0406933
1725352286.0563548
1725352286.060338
1725352286.075586
1725352286.0864499
1725352286.1029625
1725352286.1243234
1725352286.1388535
1725352286.1765463
1725352286.2109156
1725352286.2305076
1725352286.2372959
1725352286.2745962
1725352286.2823393
1725352286.289626
1725352286.3041909
1725352286.3481667
1725352286.3586674
1725352286.3834507
1725352286.3946362
1725352286.4079316
1725352286.429877
1725352286.4493456
1725352286.468183
1725352286.484196
1725352286.5019667
1725352286.517977
1725352286.536065
1725352286.5459332
1725352286.5617971
1725352286.601028
1725352286.6233127
1725352286.642567
1725352286.647838
1725352286.6743925
1725352286.6795647
1725352286.7013497
1725352286.7292094
1725352286.7399828
1725352286.7451384
1725352286.764545
1725352286.8074865
1725352286.8342361
1725352286.8580484
1725352286.8680618
1725352286.8888757
1725352286.913621
1725352286.9197853
1725352286.9475026
1725352286.9827983
1725352287.0003228
1725352287.0103405
1725352287.0289996
1725352287.0677946
1725352287.1012135
1725352287.1109958
1725352287.1241431
1725352287.165815
1725352287.1760032
1725352287.198084
1725352287.229211
1725352287.2452044
1725352287.2584064
1725352287.2823007
1725352287.289971
1725352287.3162856
1725352287.33151
1725352287.3458521
1725352287.3688056
1725352287.3800445
1725352287.4031157
1725352287.4117048
1725352287.4342322
1725352287.4493775
1725352287.4659827
1725352287.4822924
1725352287.50813
1725352287.5088131
1725352287.5641513
1725352287.566037
1725352287.5796485
1725352287.5990572
1725352287.6118174
1725352287.6355717
1725352287.6504006
1725352287.6815743
1725352287.6948037
1725352287.7170463
1725352287.735021
1725352287.7417738
1725352287.7582207
1725352287.7766845
1725352287.7942414
1725352287.8067455
1725352287.8241248
1725352287.8407707
1725352287.867743
1725352287.901544
1725352287.9211712
1725352287.9388726
1725352287.955636
1725352287.9674368
1725352287.9809499
1725352287.9981902
1725352288.0324004
1725352288.0467904
1725352288.06408
1725352288.0848348
1725352288.1100295
1725352288.1276724
1725352288.1480432
1725352288.1605554
1725352288.1908708
1725352288.2149785
1725352288.2219465
1725352288.2447073
1725352288.2575586
1725352288.2790174
1725352288.313206
1725352288.32582
1725352288.3442578
1725352288.365712
1725352288.3748846
1725352288.3935623
1725352288.412598
1725352288.4304736
1725352288.4427404
1725352288.4836133
1725352288.497165
1725352288.5081065
1725352288.5530803
1725352288.5541742
1725352288.5614784
1725352288.5802546
1725352288.5898857
1725352288.6051555
1725352288.626449
1725352288.6434617
1725352288.6554618
1725352288.6886995
1725352288.7001908
1725352288.718663
1725352288.7410958
1725352288.7472987
1725352288.7637918
1725352288.7779899
1725352288.8052325
1725352288.8573747
1725352288.8600385
1725352288.861161
1725352288.868222
1725352288.9124045
1725352288.9165902
1725352288.944987
1725352288.9682195
1725352288.9911404
1725352288.9990978
1725352289.0220127
1725352289.034081
1725352289.0516138
1725352289.0678606
1725352289.112792
1725352289.1147573
1725352289.129363
1725352289.151081
1725352289.1774468
1725352289.2142458
1725352289.2351987
1725352289.2536476
1725352289.2638974
1725352289.3251915
1725352289.3418567
1725352289.358119
1725352289.384392
1725352289.3872688
1725352289.4024293
1725352289.4187615
1725352289.4360528
1725352289.4517107
1725352289.4660256
1725352289.481141
1725352289.500103
1725352289.547053
1725352289.5883331
1725352289.5992925
1725352289.6105897
1725352289.6265972
1725352289.648736
1725352289.6635842
1725352289.6884995
1725352289.7153392
1725352289.733801
1725352289.7487195
1725352289.767399
1725352289.7798493
1725352289.7933674
1725352289.82943
1725352289.8417945
1725352289.8547435
1725352289.8706098
1725352289.8906562
1725352289.9007578
1725352289.9241617
1725352289.943671
1725352289.9654264
1725352289.9993408
1725352290.015064
1725352290.0317154
1725352290.0473993
1725352290.0766578
1725352290.0839949
1725352290.1053755
1725352290.1152616
1725352290.1298018
1725352290.1465237
1725352290.182439
1725352290.2087698
1725352290.2319279
1725352290.2467604
1725352290.2729805
1725352290.2744107
1725352290.2952278
1725352290.3118
1725352290.343895
1725352290.3605528
1725352290.379408
1725352290.404385
1725352290.451481
1725352290.4769242
1725352290.4779785
1725352290.4899204
1725352290.5285437
1725352290.5449393
1725352290.5620546
1725352290.5964353
1725352290.6097994
1725352290.6392863
1725352290.6522338
1725352290.6721053
1725352290.6861184
1725352290.7073693
1725352290.7192657
1725352290.7345982
1725352290.748017
1725352290.7660387
1725352290.789491
1725352290.8101091
1725352290.8238213
1725352290.8422027
1725352290.8567657
1725352290.8746
1725352290.8862686
1725352290.923795
1725352290.9405093
1725352290.9643958
1725352290.9733315
1725352290.9887552
1725352291.0055988
1725352291.0195074
1725352291.0515428
1725352291.0687945
1725352291.0834928
1725352291.1107402
1725352291.1263175
1725352291.137712
1725352291.1533692
1725352291.1725721
1725352291.1978028
1725352291.2121184
1725352291.2220159
1725352291.2498584
1725352291.2755437
1725352291.3019614
1725352291.3164089
1725352291.3300233
1725352291.3471599
1725352291.3629038
1725352291.378219
1725352291.4191518
1725352291.4443197
1725352291.4622672
1725352291.486861
1725352291.5125806
1725352291.525037
1725352291.5454235
1725352291.5673304
1725352291.602075
1725352291.6109529
1725352291.6251373
1725352291.646656
1725352291.6607935
1725352291.6782389
1725352291.7136405
1725352291.7284334
1725352291.7549088
1725352291.7732697
1725352291.7842996
1725352291.8043025
1725352291.8168354
1725352291.840051
1725352291.8657265
1725352291.8877308
1725352291.8991656
1725352291.9198232
1725352291.9357023
1725352291.9509223
1725352291.973953
1725352291.993689
1725352292.009746
1725352292.016269
1725352292.0394146
1725352292.0552757
1725352292.0774739
1725352292.0982938
1725352292.1393151
1725352292.141018
1725352292.1555521
1725352292.1661558
1725352292.1862383
1725352292.1999152
1725352292.2213874
1725352292.231844
1725352292.2549095
1725352292.2647882
1725352292.2872708
1725352292.2964072
1725352292.3202775
1725352292.3472593
1725352292.365331
1725352292.3773568
1725352292.4021518
1725352292.412006
1725352292.440577
1725352292.4546301
1725352292.4712114
1725352292.5113733
1725352292.5341055
1725352292.5379426
1725352292.5532308
1725352292.5940285
1725352292.6335542
1725352292.6524367
1725352292.678098
1725352292.681993
1725352292.7278812
1725352292.7469885
1725352292.755468
1725352292.8048568
1725352292.8054047
1725352292.8065
1725352292.8288207
1725352292.8712933
1725352292.8745692
1725352292.8998628
1725352292.901277
1725352292.9107292
1725352292.9504926
1725352292.9793143
1725352292.9922667
1725352293.0074084
1725352293.0200124
1725352293.035356
1725352293.0499396
1725352293.0657911
1725352293.1090598
1725352293.12335
1725352293.138334
1725352293.155285
1725352293.167642
1725352293.186901
1725352293.200217
1725352293.2206566
1725352293.2388954
1725352293.2618895
1725352293.2751596
1725352293.2991931
1725352293.3056064
1725352293.3154356
1725352293.3303149
1725352293.3747883
1725352293.4039414
1725352293.4081717
1725352293.4213128
1725352293.4286652
1725352293.4503915
1725352293.4613438
1725352293.4778297
1725352293.497035
1725352293.5091367
1725352293.556069
1725352293.576543
1725352293.5930793
1725352293.6060336
1725352293.623051
1725352293.6386688
1725352293.656108
1725352293.6814837
1725352293.7124562
1725352293.732188
1725352293.7543812
1725352293.7631905
1725352293.8034794
1725352293.8468158
1725352293.8566525
1725352293.8658924
1725352293.9016035
1725352293.925268
1725352293.9339273
1725352293.9631503
1725352293.9872727
1725352293.995866
1725352294.0163507
1725352294.0287678
1725352294.044834
1725352294.063598
1725352294.074705
1725352294.091027
1725352294.1115503
1725352294.1388862
1725352294.1513557
1725352294.1689157
1725352294.1946626
1725352294.2131677
1725352294.2255864
1725352294.2376592
1725352294.254689
1725352294.2868376
1725352294.2974849
1725352294.325618
1725352294.3409216
1725352294.3591433
1725352294.37554
1725352294.3892128
1725352294.4262626
1725352294.439258
1725352294.4553351
1725352294.4708154
1725352294.4859927
1725352294.5092137
1725352294.523222
1725352294.5327578
1725352294.5610228
1725352294.5751812
1725352294.5917182
1725352294.6064723
1725352294.639246
1725352294.6579654
1725352294.6756766
1725352294.6943443
1725352294.7079885
1725352294.723539
1725352294.7403796
1725352294.7793574
1725352294.8031178
1725352294.80812
1725352294.8314483
1725352294.854472
1725352294.8772805
1725352294.8879142
1725352294.9077997
1725352294.9374676
1725352294.9603102
1725352294.9748657
1725352294.9920604
1725352295.009349
1725352295.0232792
1725352295.0643973
1725352295.0829148
1725352295.0988362
1725352295.1067421
1725352295.1443079
1725352295.152021
1725352295.1733131
1725352295.179246
1725352295.1935773
1725352295.23014
1725352295.2404037
1725352295.2647574
1725352295.274561
1725352295.2975209
1725352295.3106792
1725352295.3190677
1725352295.3397558
1725352295.3567986
1725352295.3704722
1725352295.3902855
1725352295.4130425
1725352295.4398034
1725352295.4406252
1725352295.4600995
1725352295.4764907
1725352295.4991567
1725352295.5176055
1725352295.5333817
1725352295.5570447
1725352295.5692024
1725352295.5815172
1725352295.604347
1725352295.630283
1725352295.6381388
1725352295.6599238
1725352295.6895838
1725352295.7043514
1725352295.7266257
1725352295.7393968
1725352295.7566853
1725352295.7737622
1725352295.7885685
1725352295.8046608
1725352295.852921
1725352295.8865666
1725352295.8878467
1725352295.8878736
1725352295.9232438
1725352295.948989
1725352295.9763649
1725352295.9911578
1725352296.0105288
1725352296.0583494
1725352296.0713007
1725352296.0929837
1725352296.130919
1725352296.13148
1725352296.153847
1725352296.1544049
1725352296.1766903
1725352296.1807196
1725352296.1957126
1725352296.210855
1725352296.231061
1725352296.2692268
1725352296.3131065
1725352296.3289742
1725352296.3393807
1725352296.3552759
1725352296.3699393
1725352296.387792
1725352296.400326
1725352296.4414632
1725352296.4550152
1725352296.469857
1725352296.4868984
1725352296.5070057
1725352296.5239415
1725352296.5321436
1725352296.5599122
1725352296.5722635
1725352296.5897949
1725352296.6061895
1725352296.624542
1725352296.6376395
1725352296.653752
1725352296.6729472
1725352296.714985
1725352296.7381876
1725352296.74383
1725352296.7585077
1725352296.772972
1725352296.788526
1725352296.8012578
1725352296.8217506
1725352296.8430521
1725352296.8652513
1725352296.8897026
1725352296.9285486
1725352296.9337635
1725352296.9482138
1725352296.966419
1725352296.9848027
1725352297.0084913
1725352297.0165455
1725352297.0530782
1725352297.0659995
1725352297.0821152
1725352297.0949054
1725352297.1428552
1725352297.1677783
1725352297.1735747
1725352297.1914907
1725352297.2281563
1725352297.2438853
1725352297.2637012
1725352297.2911158
1725352297.3084943
1725352297.3247855
1725352297.3405817
1725352297.3567827
1725352297.3780022
1725352297.4015932
1725352297.4161637
1725352297.4269
1725352297.4453876
1725352297.453663
1725352297.4746048
1725352297.4883728
1725352297.5034637
1725352297.5321782
1725352297.547576
1725352297.563525
1725352297.581985
1725352297.6114402
1725352297.630296
1725352297.642797
1725352297.6642325
1725352297.6832547
1725352297.703955
1725352297.7184052
1725352297.7507505
1725352297.7623959
1725352297.7746227
1725352297.789672
1725352297.8080761
1725352297.8284333
1725352297.8535604
1725352297.8594997
1725352297.8748107
1725352297.894158
1725352297.9092617
1725352297.9277437
1725352297.9589498
1725352297.9818077
1725352297.9956934
1725352298.0103629
1725352298.0203593
1725352298.0392156
1725352298.0555713
1725352298.091166
1725352298.1107836
1725352298.1232162
1725352298.145104
1725352298.1761153
1725352298.193179
1725352298.205207
1725352298.2216976
1725352298.25869
1725352298.2778118
1725352298.2919285
1725352298.314866
1725352298.3321793
1725352298.347324
1725352298.3808527
1725352298.398495
1725352298.4158835
1725352298.433083
1725352298.4524443
1725352298.4653926
1725352298.4810746
1725352298.4956667
1725352298.509517
1725352298.55689
1725352298.5718038
1725352298.5815053
1725352298.5912254
1725352298.6129758
1725352298.6239414
1725352298.643495
1725352298.6579123
1725352298.6819308
1725352298.7082365
1725352298.7317193
1725352298.7465346
1725352298.748878
1725352298.762321
1725352298.7764432
1725352298.7999537
1725352298.8146644
1725352298.8309042
1725352298.842461
1725352298.858461
1725352298.8818612
1725352298.8976886
1725352298.911532
1725352298.9256775
1725352298.9489095
1725352298.9585004
1725352298.998897
1725352299.0179377
1725352299.0310957
1725352299.0504677
1725352299.0629747
1725352299.080489
1725352299.1018853
1725352299.1108172
1725352299.169218
1725352299.1719093
1725352299.1918855
1725352299.2052608
1725352299.2374454
1725352299.2740488
1725352299.3015218
1725352299.3461185
1725352299.3514428
1725352299.3695958
1725352299.3871956
1725352299.4097595
1725352299.4578514
1725352299.4587622
1725352299.4900157
1725352299.497739
1725352299.5068285
1725352299.512887
1725352299.5318224
1725352299.5442169
1725352299.5605795
1725352299.6019695
1725352299.638898
1725352299.6456575
1725352299.6678028
1725352299.682187
1725352299.7078261
1725352299.716707
1725352299.7274275
1725352299.7623987
1725352299.8011086
1725352299.8049092
1725352299.8169239
1725352299.8405447
1725352299.8425539
1725352299.8703923
1725352299.8823295
1725352299.9006855
1725352299.9172268
1725352299.9366043
1725352299.9664936
1725352299.9675949
1725352299.983475
1725352300.0039864
1725352300.0480895
1725352300.0709302
1725352300.08295
1725352300.108594
1725352300.1101396
1725352300.1277108
1725352300.137375
1725352300.150529
1725352300.1688132
1725352300.1966045
1725352300.2417557
1725352300.2537384
1725352300.2757688
1725352300.2859116
1725352300.305832
1725352300.314069
1725352300.3391426
1725352300.3547826
1725352300.3916357
1725352300.3989549
1725352300.4202046
1725352300.438796
1725352300.4749956
1725352300.5267632
1725352300.5347643
1725352300.5608263
1725352300.592754
1725352300.6118083
1725352300.6243384
1725352300.6554005
1725352300.6733794
1725352300.6897428
1725352300.718122
1725352300.7269177
1725352300.7521358
1725352300.7719955
1725352300.7804625
1725352300.7991378
1725352300.8195288
1725352300.8366468
1725352300.8565507
1725352300.8718677
1725352300.8857443
1725352300.9036503
1725352300.9332752
1725352300.9388323
1725352300.9520707
1725352300.9919345
1725352301.0059638
1725352301.0310555
1725352301.0375543
1725352301.0534723
1725352301.073068
1725352301.0839794
1725352301.1259174
1725352301.143233
1725352301.159518
1725352301.2016141
1725352301.2027113
1725352301.227269
1725352301.2294927
1725352301.2406816
1725352301.2689195
1725352301.2783422
1725352301.294544
1725352301.3080134
1725352301.3455377
1725352301.3643835
1725352301.3743713
1725352301.3993695
1725352301.4041562
1725352301.423288
1725352301.4458995
1725352301.4808187
1725352301.4877858
1725352301.5135343
1725352301.5238345
1725352301.551677
1725352301.5706625
1725352301.5839062
1725352301.5986443
1725352301.638144
1725352301.6515772
1725352301.6641164
1725352301.6904066
1725352301.6992128
1725352301.7246323
1725352301.760418
1725352301.777537
1725352301.793601
1725352301.8120072
1725352301.8222036
1725352301.847741
1725352301.8728642
1725352301.878297
1725352301.890003
1725352301.9308224
1725352301.9383578
1725352301.9576876
1725352301.9786267
1725352302.012716
1725352302.0133014
1725352302.0294259
1725352302.049426
1725352302.062029
1725352302.0758846
1725352302.09238
1725352302.1067135
1725352302.1239848
1725352302.1404698
1725352302.1634972
1725352302.1738713
1725352302.188705
1725352302.2125251
1725352302.225021
1725352302.2421587
1725352302.2575045
1725352302.2771273
1725352302.2938755
1725352302.3130584
1725352302.321828
1725352302.3582995
1725352302.3798053
1725352302.3967283
1725352302.4080732
1725352302.4219923
1725352302.4429407
1725352302.4700215
1725352302.481421
1725352302.4955714
1725352302.5311644
1725352302.5441225
1725352302.5644326
1725352302.5788856
1725352302.6115932
1725352302.6501117
1725352302.666055
1725352302.7082808
1725352302.714538
1725352302.7674394
1725352302.7737272
1725352302.7876613
1725352302.8234608
1725352302.8241844
1725352302.8392162
1725352302.8658428
1725352302.8743978
1725352302.8902738
1725352302.9039044
1725352302.9260645
1725352302.935536
1725352302.979884
1725352303.0066774
1725352303.0230565
1725352303.033476
1725352303.0584252
1725352303.0741565
1725352303.091104
1725352303.097184
1725352303.1399698
1725352303.1518223
1725352303.190194
1725352303.1917675
1725352303.2006588
1725352303.215118
1725352303.236315
1725352303.2518766
1725352303.2750556
1725352303.2862318
1725352303.3000789
1725352303.3138654
1725352303.3436856
1725352303.3514254
1725352303.3717227
1725352303.4270034
1725352303.4352996
1725352303.4471772
1725352303.455026
1725352303.4808583
1725352303.4873757
1725352303.5019302
1725352303.5160942
1725352303.5337026
1725352303.5493813
1725352303.603918
1725352303.6302755
1725352303.6416981
1725352303.6563332
1725352303.67274
1725352303.694933
1725352303.712258
1725352303.7236779
1725352303.7613268
1725352303.7738802
1725352303.7945929
1725352303.815197
1725352303.8512406
1725352303.880293
1725352303.8916547
1725352303.917144
1725352303.951563
1725352303.9675615
1725352303.9827988
1725352304.0111027
1725352304.0335808
1725352304.0491698
1725352304.0682502
1725352304.0832267
1725352304.110325
1725352304.1247184
1725352304.1473508
1725352304.1486962
1725352304.1641414
1725352304.1835074
1725352304.1979191
1725352304.218181
1725352304.2338977
1725352304.247653
1725352304.27419
1725352304.284617
1725352304.302973
1725352304.3541653
1725352304.3565896
1725352304.368565
1725352304.3806283
1725352304.415414
1725352304.4221754
1725352304.4321392
1725352304.4616475
1725352304.474854
1725352304.4942226
1725352304.514275
1725352304.5302153
1725352304.5469851
1725352304.5680704
1725352304.5889437
1725352304.607336
1725352304.6161456
1725352304.639469
1725352304.6585147
1725352304.6943076
1725352304.7194788
1725352304.7313266
1725352304.7481568
1725352304.7618458
1725352304.7768042
1725352304.8053577
1725352304.8391023
1725352304.8587754
1725352304.8793833
1725352304.898261
1725352304.927914
1725352304.9437795
1725352304.958882
1725352304.97403
1725352305.0225062
1725352305.0254784
1725352305.0441449
1725352305.0605118
1725352305.069909
1725352305.0866718
1725352305.1240604
1725352305.144633
1725352305.1582818
1725352305.1750624
1725352305.184714
1725352305.202739
1725352305.2292652
1725352305.2414627
1725352305.2601128
1725352305.3386638
1725352305.3407533
1725352305.3526719
1725352305.3562055
1725352305.3657706
1725352305.38256
1725352305.393275
1725352305.4037328
1725352305.4283905
1725352305.4392498
1725352305.4572444
1725352305.476738
1725352305.4961805
1725352305.5065901
1725352305.5188534
1725352305.5378318
1725352305.5620232
1725352305.576848
1725352305.5900056
1725352305.6051688
1725352305.6221488
1725352305.6505983
1725352305.6531835
1725352305.6737924
1725352305.6865537
1725352305.715784
1725352305.7415454
1725352305.760085
1725352305.7852948
1725352305.8005068
1725352305.8255262
1725352305.8642573
1725352305.8774402
1725352305.8788865
1725352305.919068
1725352305.9420009
1725352305.9420323
1725352305.9550514
1725352305.984319
1725352306.0273585
1725352306.072326
1725352306.0948908
1725352306.0956197
1725352306.1193085
1725352306.1305795
1725352306.1538908
1725352306.1948814
1725352306.1956837
1725352306.203915
1725352306.2372048
1725352306.238127
1725352306.2517762
1725352306.2719924
1725352306.2854435
1725352306.3013666
1725352306.351909
1725352306.3721018
1725352306.389357
1725352306.4102824
1725352306.4301484
1725352306.4491034
1725352306.464274
1725352306.480684
1725352306.5205057
1725352306.533994
1725352306.551622
1725352306.570281
1725352306.585275
1725352306.602539
1725352306.6161964
1725352306.62943
1725352306.6537616
1725352306.6750507
1725352306.6872916
1725352306.6984603
1725352306.7177515
1725352306.7334294
1725352306.7581835
1725352306.7890863
1725352306.818836
1725352306.8217885
1725352306.8339221
1725352306.846503
1725352306.8642168
1725352306.8773506
1725352306.9071093
1725352306.9275455
1725352306.9433186
1725352306.9810445
1725352307.0116599
1725352307.029097
1725352307.042533
1725352307.0629358
1725352307.0698922
1725352307.1111867
1725352307.1130013
1725352307.1535797
1725352307.1599488
1725352307.182469
1725352307.1921926
1725352307.2251723
1725352307.2617526
1725352307.272805
1725352307.2843368
1725352307.330406
1725352307.3454401
1725352307.3553524
1725352307.3911793
1725352307.4051418
1725352307.4166822
1725352307.438471
1725352307.457209
1725352307.488295
1725352307.4897604
1725352307.5005956
1725352307.5165246
1725352307.531561
1725352307.5486555
1725352307.5681381
1725352307.590564
1725352307.6041064
1725352307.6237404
1725352307.6334677
1725352307.6475248
1725352307.6797862
1725352307.7071364
1725352307.717295
1725352307.7380345
1725352307.757836
1725352307.7675862
1725352307.7912807
1725352307.8032193
1725352307.8310735
1725352307.8518696
1725352307.8679366
1725352307.8834684
1725352307.902336
1725352307.9188905
1725352307.9377773
1725352307.9538276
1725352307.9632652
1725352307.9876387
1725352308.00113
1725352308.016618
1725352308.051504
1725352308.063654
1725352308.0799012
1725352308.1025217
1725352308.1180604
1725352308.1263826
1725352308.1518645
1725352308.1878397
1725352308.208414
1725352308.220183
1725352308.248024
1725352308.2693331
1725352308.2844393
1725352308.301831
1725352308.3175724
1725352308.3561122
1725352308.3757107
1725352308.396504
1725352308.4027884
1725352308.4168158
1725352308.4347475
1725352308.4656186
1725352308.4864087
1725352308.5086684
1725352308.521552
1725352308.5359142
1725352308.5592039
1725352308.570882
1725352308.614209
1725352308.6159437
1725352308.6453547
1725352308.6635826
1725352308.6688685
1725352308.69137
1725352308.7041874
1725352308.7232006
1725352308.7399936
1725352308.757132
1725352308.7793977
1725352308.7926226
1725352308.8160667
1725352308.8280363
1725352308.8432326
1725352308.8548493
1725352308.8704383
1725352308.8842945
1725352308.9085565
1725352308.936391
1725352308.938325
1725352308.9636695
1725352308.9733245
1725352308.988824
1725352309.0176787
1725352309.0207891
1725352309.0315409
1725352309.0561254
1725352309.092716
1725352309.145076
1725352309.1463308
1725352309.1473606
1725352309.1540203
1725352309.1709008
1725352309.1880808
1725352309.2045143
1725352309.251015
1725352309.27044
1725352309.2789028
1725352309.282258
1725352309.323051
1725352309.3813422
1725352309.4019983
1725352309.412645
1725352309.43045
1725352309.4545803
1725352309.4734995
1725352309.4845386
1725352309.5232244
1725352309.540538
1725352309.543798
1725352309.5880215
1725352309.6030688
1725352309.6061609
1725352309.6171582
1725352309.641696
1725352309.6662672
1725352309.686461
1725352309.7180355
1725352309.7359717
1725352309.742903
1725352309.7720573
1725352309.78248
1725352309.8001971
1725352309.815043
1725352309.8495655
1725352309.8557355
1725352309.8839455
1725352309.8904126
1725352309.9167404
1725352309.9231355
1725352309.9491808
1725352309.9748576
1725352309.976909
1725352310.0059192
1725352310.0362182
1725352310.0479946
1725352310.059696
1725352310.0751746
1725352310.0925112
1725352310.1563642
1725352310.1597426
1725352310.1883423
1725352310.190068
1725352310.202273
1725352310.2268927
1725352310.2434633
1725352310.2522223
1725352310.2719998
1725352310.2936735
1725352310.3439584
1725352310.3561568
1725352310.3736777
1725352310.388828
1725352310.4033167
1725352310.4238048
1725352310.4456456
1725352310.4569166
1725352310.4950445
1725352310.5009053
1725352310.525478
1725352310.5345879
1725352310.5863771
1725352310.615325
1725352310.6512764
1725352310.6889415
1725352310.704018
1725352310.7211847
1725352310.7552214
1725352310.771045
1725352310.7968023
1725352310.8034315
1725352310.8158348
1725352310.839464
1725352310.854018
1725352310.86952
1725352310.9097712
1725352310.9111753
1725352310.9337018
1725352310.9444525
1725352310.9916725
1725352310.993375
1725352311.0053587
1725352311.0180235
1725352311.0360239
1725352311.062277
1725352311.0810304
1725352311.0983624
1725352311.1090696
1725352311.1276648
1725352311.1512768
1725352311.1648123
1725352311.1925786
1725352311.225695
1725352311.2521815
1725352311.265814
1725352311.2802474
1725352311.3216014
1725352311.3228452
1725352311.3285873
1725352311.3452463
1725352311.3642447
1725352311.379324
1725352311.3998456
1725352311.428464
1725352311.458619
1725352311.4597719
1725352311.4798484
1725352311.4974213
1725352311.52099
1725352311.5416892
1725352311.5611956
1725352311.575178
1725352311.5966313
1725352311.6298661
1725352311.6837096
1725352311.6858468
1725352311.6937408
1725352311.7245197
1725352311.747187
1725352311.766049
1725352311.809355
1725352311.8102827
1725352311.8201594
1725352311.8220198
1725352311.844843
1725352311.8876972
1725352311.9256275
1725352311.9268966
1725352311.9280236
1725352311.9531374
1725352311.977705
1725352311.9895413
1725352311.990553
1725352312.0409129
1725352312.0447776
1725352312.0542948
1725352312.0894883
1725352312.1249638
1725352312.1274092
1725352312.1400368
1725352312.1418226
1725352312.1563482
1725352312.1833148
1725352312.2161329
1725352312.218447
1725352312.2362638
1725352312.23782
1725352312.266139
1725352312.2858841
1725352312.2926757
1725352312.3045356
1725352312.3208477
1725352312.3362536
1725352312.3501832
1725352312.3643243
1725352312.4068325
1725352312.408488
1725352312.4357886
1725352312.4385667
1725352312.479052
1725352312.4956062
1725352312.5057979
1725352312.5478568
1725352312.549367
1725352312.55487
1725352312.5756729
1725352312.598902
1725352312.647943
1725352312.6534693
1725352312.6540835
1725352312.671777
1725352312.7085028
1725352312.7484405
1725352312.8047755
1725352312.8432631
1725352312.8446767
1725352312.850655
1725352312.851987
1725352312.8747659
1725352312.9521248
1725352312.9538517
1725352312.9548798
1725352312.9662595
1725352312.9674892
1725352313.0122244
1725352313.0130644
1725352313.0169845
1725352313.0251992
1725352313.088805
1725352313.1086643
1725352313.1092284
1725352313.1518724
1725352313.1536903
1725352313.165918
1725352313.1903608
1725352313.1910899
1725352313.2423275
1725352313.266767
1725352313.270076
1725352313.2830944
1725352313.302418
1725352313.3095522
1725352313.3336756
1725352313.351678
1725352313.361001
1725352313.3845465
1725352313.417781
1725352313.4185915
1725352313.4319255
1725352313.4392657
1725352313.4647434
1725352313.5174212
1725352313.5210469
1725352313.53347
1725352313.56073
1725352313.562623
1725352313.5693457
1725352313.5930595
1725352313.6162038
1725352313.620788
1725352313.66951
1725352313.6748111
1725352313.7097664
1725352313.7416904
1725352313.7418096
1725352313.7812197
1725352313.781296
1725352313.7821043
1725352313.79908
1725352313.8326275
1725352313.8899105
1725352313.8900015
1725352313.8900764
1725352313.9629023
1725352313.963004
1725352313.9854767
1725352313.9855537
1725352314.0189402
1725352314.0435681
1725352314.0915513
1725352314.0916471
1725352314.1690888
1725352314.1691437
1725352314.1692307
1725352314.1693156
1725352314.2028236
1725352314.202947
1725352314.4640527
1725352314.464125
1725352314.464198
1725352314.4653714
1725352314.4654496
1725352314.4655373
1725352314.4656167
1725352314.4657319
1725352314.4658656
1725352314.4659493
1725352314.466031
1725352314.4712183
1725352314.471279
1725352314.4713602
1725352314.4715517
1725352314.4828308
1725352314.5562673
1725352314.5563
1725352314.5626032
1725352314.5626879
1725352314.6020672
1725352314.6030986
1725352314.6338391
1725352314.6483223
1725352314.6527812
1725352314.672222
1725352314.6874642
1725352314.7028725
1725352314.735766
1725352314.736581
1725352314.7799368
1725352314.8017664
1725352314.8083398
1725352314.847385
1725352314.8489213
1725352314.851605
1725352314.8727484
1725352314.9047773
1725352314.9136667
1725352314.9390657
1725352314.9627516
1725352315.0022597
1725352315.0030956
1725352315.0185845
1725352315.0312562
1725352315.0685587
1725352315.1084263
1725352315.112838
1725352315.122982
1725352315.1318262
1725352315.1475253
1725352315.2512906
1725352315.2539005
1725352315.2562945
1725352315.2772257
1725352315.2787213
1725352315.280152
1725352315.3392603
1725352315.3417294
1725352315.3428068
1725352315.3781595
1725352315.3809583
1725352315.3912315
1725352315.4110963
1725352315.4268327
1725352315.4502058
1725352315.4626117
1725352315.4841402
1725352315.4895012
1725352315.5043597
1725352315.5350826
1725352315.5428488
1725352315.5688126
1725352315.5849123
1725352315.596553
1725352315.6121914
1725352315.6258528
1725352315.651032
1725352315.668949
1725352315.6981335
1725352315.6998494
1725352315.7268085
1725352315.7342644
1725352315.747657
1725352315.7709792
1725352315.794411
1725352315.82801
1725352315.8321788
1725352315.8511295
1725352315.9574013
1725352315.958904
1725352315.966889
1725352315.9702437
1725352315.9731486
1725352316.0426571
1725352316.0633843
1725352316.0636814
1725352316.063701
1725352316.0681665
1725352316.1188102
1725352316.1371002
1725352316.1764028
1725352316.1772122
1725352316.1936285
1725352316.1984036
1725352316.2548652
1725352316.2556849
1725352316.2738118
1725352316.2864463
1725352316.303791
1725352316.3086588
1725352316.3308413
1725352316.331812
1725352316.352777
1725352316.3606422
1725352316.395233
1725352316.4379718
1725352316.4566164
1725352316.4724615
1725352316.4988039
1725352316.5105934
1725352316.5214024
1725352316.5467384
1725352316.5906327
1725352316.59202
1725352316.643283
1725352316.6451485
1725352316.6579459
1725352316.6688292
1725352316.683008
1725352316.6977427
1725352316.7150147
1725352316.7493525
1725352316.7631874
1725352316.7894287
1725352316.7913468
1725352316.8124328
1725352316.812954
1725352316.9327385
1725352316.9411752
1725352316.9462004
1725352316.9478025
1725352316.9637923
1725352316.98172
1725352316.9889433
1725352317.0052397
1725352317.0504792
1725352317.1065924
1725352317.1137145
1725352317.1341815
1725352317.1408358
1725352317.142542
1725352317.1603827
1725352317.172141
1725352317.205895
1725352317.2373135
1725352317.2409563
1725352317.2638266
1725352317.2930183
1725352317.3210917
1725352317.344594
1725352317.368865
1725352317.41072
1725352317.41318
1725352317.4336236
1725352317.4523096
1725352317.4820282
1725352317.5301864
1725352317.5331857
1725352317.5351722
1725352317.5630846
1725352317.595429
1725352317.616195
1725352317.6223698
1725352317.6247532
1725352317.6622553
1725352317.663516
1725352317.6690958
1725352317.681372
1725352317.7028918
1725352317.719836
1725352317.7322626
1725352317.761842
1725352317.8001587
1725352317.8011944
1725352317.8172994
1725352317.8299391
1725352317.849197
1725352317.9237685
1725352317.927337
1725352317.9484284
1725352317.9585562
1725352317.9727154
1725352317.9737961
1725352317.9833345
1725352318.104307
1725352318.117916
1725352318.2115824
1725352318.2567763
1725352318.2800913
1725352318.281622
1725352318.2839017
1725352318.3086596
1725352318.3211439
1725352318.3281262
1725352318.3905573
1725352318.3938043
1725352318.4018612
1725352318.4151628
1725352318.4180546
1725352318.4192438
1725352318.4221125
1725352318.4399757
1725352318.4442203
1725352318.4558806
1725352318.4589932
1725352318.4805768
1725352318.5261614
1725352318.529866
1725352318.5463269
1725352318.5857105
1725352318.6033149
1725352318.6403766
1725352318.6420493
1725352318.6445272
1725352318.6476712
1725352318.7277255
1725352318.7303767
1725352318.7570927
1725352318.760058
1725352318.7614837
1725352318.7809315
1725352318.7966428
1725352318.7979882
1725352318.8247066
1725352318.8271265
1725352318.8613029
1725352318.8653638
1725352318.960434
1725352318.9626973
1725352318.9637325
1725352318.9674172
1725352318.969713
1725352318.9910347
1725352319.0184305
1725352319.021255
1725352319.0527463
1725352319.054926
1725352319.0562632
1725352319.0654624
1725352319.1001127
1725352319.166947
1725352319.1689837
1725352319.1701272
1725352319.1754942
1725352319.204586
1725352319.2056105
1725352319.276793
1725352319.2791893
1725352319.3161476
1725352319.3172276
1725352319.3194227
1725352319.3390746
1725352319.3414955
1725352319.342052
1725352319.3588805
1725352319.3981397
1725352319.4380646
1725352319.4758697
1725352319.500065
1725352319.5116875
1725352319.5425262
1725352319.5470629
1725352319.5936108
1725352319.596267
1725352319.6032603
1725352319.6127498
1725352319.6181996
1725352319.6373281
1725352319.707765
1725352319.7170627
1725352319.7181106
1725352319.7710264
1725352319.7806985
1725352319.801819
1725352319.8215373
1725352319.8220994
1725352319.845493
1725352319.8646243
1725352319.8667812
1725352319.8777077
1725352319.913514
1725352319.9308066
1725352319.954346
1725352319.9703789
1725352319.9850419
1725352320.0020483
1725352320.021246
1725352320.0297015
1725352320.158528
1725352320.1611862
1725352320.1639268
1725352320.1698594
1725352320.1734712
1725352320.174769
1725352320.2449615
1725352320.2528641
1725352320.2543936
1725352320.2869773
1725352320.2890146
1725352320.3096225
1725352320.3112679
1725352320.3145752
1725352320.327267
1725352320.3483894
1725352320.4390833
1725352320.442112
1725352320.4487426
1725352320.4639843
1725352320.464823
1725352320.4972813
1725352320.5214527
1725352320.539618
1725352320.558444
1725352320.5654397
1725352320.5864391
1725352320.6143765
1725352320.6531649
1725352320.69674
1725352320.6983595
1725352320.7264543
1725352320.7522478
1725352320.786489
1725352320.7957473
1725352320.8309817
1725352320.8421817
1725352320.8644855
1725352320.8976386
1725352320.898488
1725352320.9353058
1725352320.9497046
1725352320.9976225
1725352320.999439
1725352321.001237
1725352321.014433
1725352321.0280871
1725352321.052767
1725352321.0664463
1725352321.0823467
1725352321.1083534
1725352321.1295311
1725352321.133765
1725352321.1877282
1725352321.1971183
1725352321.259594
1725352321.261117
1725352321.2763648
1725352321.2859335
1725352321.2893202
1725352321.3209038
1725352321.343523
1725352321.3699136
1725352321.5304897
1725352321.5335362
1725352321.6166568
1725352321.6193538
1725352321.6429756
1725352321.645063
1725352321.6476595
1725352321.7141051
1725352321.7343721
1725352321.7370386
1725352321.7462988
1725352321.7497284
1725352321.7519212
1725352321.7761385
1725352321.8828204
1725352321.8834944
1725352321.8878458
1725352321.8942506
1725352321.9119728
1725352321.9136195
1725352321.935279
1725352321.9663002
1725352322.0209742
1725352322.067927
1725352322.0694976
1725352322.0713418
1725352322.072065
1725352322.0822887
1725352322.10319
1725352322.103725
1725352322.1261702
1725352322.131678
1725352322.172087
1725352322.1758718
1725352322.187789
1725352322.1976926
1725352322.211856
1725352322.2384813
1725352322.2736702
1725352322.2745612
1725352322.2883158
1725352322.3128824
1725352322.334587
1725352322.3364046
1725352322.3480027
1725352322.3624794
1725352322.3924427
1725352322.4100833
1725352322.413363
1725352322.4357932
1725352322.4482396
1725352322.4606898
1725352322.4730995
1725352322.5109963
1725352322.5268035
1725352322.5349345
1725352322.5685213
1725352322.594491
1725352322.596742
1725352322.6139028
1725352322.6369977
1725352322.6533399
1725352322.6551843
1725352322.6721008
1725352322.7258978
1725352322.7269468
1725352322.748677
1725352322.754145
1725352322.7829235
1725352322.837148
1725352322.857706
1725352322.885904
1725352322.8877
1725352322.9267619
1725352322.9423037
1725352322.9973025
1725352322.9982991
1725352322.9991333
1725352323.0029545
1725352323.0117977
1725352323.0315177
1725352323.0535693
1725352323.0654314
1725352323.0807152
1725352323.1017969
1725352323.1460738
1725352323.1657917
1725352323.1839962
1725352323.2000685
1725352323.2075818
1725352323.2298305
1725352323.2488341
1725352323.2619207
1725352323.2969656
1725352323.3178923
1725352323.3278959
1725352323.3490849
1725352323.3635998
1725352323.3701768
1725352323.3942587
1725352323.4052649
1725352323.8132553
1725352323.8159456
1725352323.8202
1725352323.8235135
1725352323.825099
1725352323.8368177
1725352323.8390043
1725352324.0600688
1725352324.0640855
1725352324.0649786
1725352324.0755
1725352324.0899086
1725352324.1791732
1725352324.1931112
1725352324.24981
1725352324.2513213
1725352324.2529836
1725352324.3085487
1725352324.310454
1725352324.312048
1725352324.3299081
1725352324.330571
1725352324.371714
1725352324.4312835
1725352324.4351332
1725352324.4425795
1725352324.4452097
1725352324.4481618
1725352324.471775
1725352324.5588596
1725352324.6101086
1725352324.6193328
1725352324.620969
1725352324.6263947
1725352324.645115
1725352324.6463974
1725352324.7625723
1725352324.8162854
1725352324.8187106
1725352324.8198936
1725352324.836168
1725352324.8433626
1725352324.8473825
1725352324.8639383
1725352324.868425
1725352324.8709407
1725352324.892946
1725352324.9513462
1725352324.95699
1725352324.9592102
1725352324.9614139
1725352324.9769087
1725352324.9850326
1725352324.988383
1725352325.0068078
1725352325.0310156
1725352325.033139
1725352325.039387
1725352325.0844307
1725352325.107825
1725352325.1353939
1725352325.1646621
1725352325.1670036
1725352325.1777472
1725352325.1787684
1725352325.225444
1725352325.2770648
1725352325.3163939
1725352325.3178747
1725352325.3201928
1725352325.322414
1725352325.3302257
1725352325.3379707
1725352325.35198
1725352325.3781288
1725352325.4091349
1725352325.4196882
1725352325.4432187
1725352325.4450514
1725352325.457089
1725352325.482336
1725352325.517058
1725352325.5200136
1725352325.5420654
1725352325.5444484
1725352325.5666604
1725352325.5769887
1725352325.58635
1725352325.6086802
1725352325.6166592
1725352325.6535304
1725352325.665155
1725352325.682493
1725352325.704531
1725352325.707081
1725352325.7289028
1725352325.7557077
1725352325.7582886
1725352325.7725544
1725352325.7843637
1725352325.820097
1725352325.8745763
1725352325.877131
1725352325.8793695
1725352325.9276733
1725352325.9291077
1725352325.9612806
1725352325.9635153
1725352325.9824612
1725352326.0010166
1725352326.0019617
1725352326.0160468
1725352326.0386996
1725352326.0770614
1725352326.1036327
1725352326.1347876
1725352326.1369164
1725352326.1810281
1725352326.1926618
1725352326.2459068
1725352326.261472
1725352326.262211
1725352326.2633932
1725352326.2753284
1725352326.2933204
1725352326.305818
1725352326.321365
1725352326.3476248
1725352326.388954
1725352326.397245
1725352326.439851
1725352326.450315
1725352326.459729
1725352326.469388
1725352326.4858215
1725352326.5057945
1725352326.5372102
1725352326.5777032
1725352326.5826578
1725352326.6064444
1725352326.608474
1725352326.6393287
1725352326.640938
1725352326.6484232
1725352326.6712496
1725352326.6874254
1725352326.7138703
1725352326.738207
1725352326.7393632
1725352326.7602715
1725352326.784819
1725352326.785853
1725352326.8202457
1725352326.850908
1725352326.867856
1725352326.8873873
1725352326.8914688
1725352326.8954935
1725352326.920334
1725352326.942131
1725352326.943357
1725352326.9843493
1725352327.0014102
1725352327.031921
1725352327.053406
1725352327.0647264
1725352327.0904233
1725352327.1143968
1725352327.1639166
1725352327.1647651
1725352327.2069101
1725352327.2086642
1725352327.2107153
1725352327.2463021
1725352327.2543573
1725352327.3145678
1725352327.317948
1725352327.3249166
1725352327.3520052
1725352327.4613745
1725352327.4632628
1725352327.4735394
1725352327.4742336
1725352327.475378
1725352327.5239742
1725352327.5602684
1725352327.5616899
1725352327.5999978
1725352327.601859
1725352327.6024473
1725352327.6045961
1725352327.6076047
1725352327.6126626
1725352327.6226616
1725352327.6971145
1725352327.699677
1725352327.7052386
1725352327.7061038
1725352327.7087972
1725352327.775468
1725352327.7771463
1725352327.7795672
1725352327.809324
1725352327.814345
1725352327.8210094
1725352327.837265
1725352327.8624601
1725352327.8718734
1725352327.8962643
1725352327.9052286
1725352327.932772
1725352327.9577463
1725352327.9604425
1725352328.008774
1725352328.0099928
1725352328.0133932
1725352328.0468857
1725352328.0491333
1725352328.0682533
1725352328.1206853
1725352328.123562
1725352328.1264932
1725352328.1386628
1725352328.1451569
1725352328.1712933
1725352328.2091842
1725352328.212891
1725352328.245749
1725352328.249158
1725352328.2825332
1725352328.2884593
1725352328.3080456
1725352328.3219762
1725352328.3559153
1725352328.3987443
1725352328.4323492
1725352328.4341016
1725352328.6588416
1725352328.6741683
1725352328.6866622
1725352328.6872332
1725352328.7121859
1725352328.7474067
1725352328.8993454
1725352328.9212272
1725352328.9320822
1725352328.9429855
1725352329.043357
1725352329.0566273
1725352329.0582604
1725352329.067022
1725352329.119834
1725352329.1522677
1725352329.1546934
1725352329.158279
1725352329.173219
1725352329.174748
1725352329.2089996
1725352329.2424595
1725352329.244804
1725352329.2980702
1725352329.2997677
1725352329.3350868
1725352329.336485
1725352329.3365057
1725352329.3393307
1725352329.3492308
1725352329.354056
1725352329.4013364
1725352329.440329
1725352329.4416642
1725352329.496784
1725352329.5049162
1725352329.541562
1725352329.5428045
1725352329.543701
1725352329.5445971
1725352329.5679743
1725352329.5698638
1725352329.5846431
1725352329.6115346
1725352329.613449
1725352329.6416469
1725352329.6688943
1725352329.7077785
1725352329.7102737
1725352329.7414343
1725352329.7432747
1725352329.8881924
1725352329.9626367
1725352329.9642403
1725352329.9664805
1725352329.9714599
1725352329.9722853
1725352329.9750986
1725352329.9763904
1725352329.981069
1725352330.0008142
1725352330.0088406
1725352330.066202
1725352330.0673983
1725352330.1144803
1725352330.116594
1725352330.1234431
1725352330.1496878
1725352330.1729178
1725352330.1736937
1725352330.1979156
1725352330.2158687
1725352330.2175624
1725352330.2194567
1725352330.2211397
1725352330.2685626
1725352330.273234
1725352330.3019972
1725352330.3142445
1725352330.3233263
1725352330.3429322
1725352330.3744597
1725352330.3982162
1725352330.4013872
1725352330.4372883
1725352330.4476016
1725352330.4588742
1725352330.4737105
1725352330.5235386
1725352330.5432515
1725352330.5579197
1725352330.5726855
1725352330.6277304
1725352330.7088914
1725352330.7104552
1725352330.7122357
1725352330.7287123
1725352330.7303333
1725352330.7540236
1725352330.7557666
1725352330.7845244
1725352330.7886426
1725352330.8109534
1725352330.8475738
1725352330.9155085
1725352330.9166462
1725352331.03788
1725352331.041835
1725352331.0424933
1725352331.0903654
1725352331.0935745
1725352331.0946352
1725352331.0961435
1725352331.1143594
1725352331.1272776
1725352331.1325698
1725352331.1457644
1725352331.1493697
1725352331.181769
1725352331.184793
1725352331.2086358
1725352331.2099137
1725352331.2249718
1725352331.276573
1725352331.284327
1725352331.2881908
1725352331.3037841
1725352331.3078709
1725352331.3089528
1725352331.3562155
1725352331.3715823
1725352331.3722754
1725352331.4565778
1725352331.4587882
1725352331.4829676
1725352331.4841328
1725352331.494428
1725352331.5098495
1725352331.516057
1725352331.5475056
1725352331.562393
