../stream-replay/logs/rtt-6205@128.txt
1 0.251794 0 
2 0.254046 0 
3 0.238049 0 
7 0.173035 0 
8 0.156801 0 
9 0.140754 0 
10 0.129068 0 
11 0.115035 0 
12 0.099892 0 
13 0.083866 0 
14 0.070719 0 
15 0.054670 0 
16 0.045599 0 
17 0.029531 0 
18 0.011273 0 
19 0.014808 0 
20 0.006771 0 
21 0.014046 0 
22 0.009121 0 
23 0.011230 0 
24 0.031895 0 
25 0.028299 0 
26 0.023592 0 
27 0.010544 0 
28 0.013743 0 
29 0.013628 0 
30 0.014915 0 
31 0.016044 0 
32 0.008870 0 
33 0.019506 0 
34 0.009473 0 
35 0.038147 0 
36 0.021623 0 
37 0.019244 0 
38 0.013735 0 
39 0.016394 0 
40 0.012759 0 
41 0.015515 0 
42 0.010524 0 
43 0.024132 0 
44 0.015553 0 
45 0.018640 0 
46 0.022410 0 
47 0.013031 0 
48 0.039671 0 
49 0.028910 0 
50 0.022341 0 
51 0.052830 0 
52 0.036603 0 
53 0.033662 0 
54 0.017032 0 
55 0.013065 0 
56 0.020582 0 
57 0.018475 0 
58 0.018193 0 
59 0.011011 0 
60 0.016208 0 
61 0.014113 0 
62 0.035109 0 
63 0.035303 0 
64 0.039986 0 
65 0.023494 0 
66 0.019477 0 
67 0.021201 0 
68 0.022126 0 
69 0.012339 0 
70 0.017097 0 
71 0.022932 0 
72 0.017350 0 
73 0.031241 0 
74 0.015049 0 
75 0.023443 0 
76 0.044136 0 
77 0.027515 0 
78 0.014780 0 
79 0.022722 0 
80 0.017141 0 
81 0.019522 0 
82 0.018811 0 
83 0.034355 0 
84 0.017855 0 
85 0.012078 0 
86 0.047095 0 
87 0.030719 0 
88 0.017055 0 
89 0.015930 0 
90 0.021238 0 
91 0.013570 0 
92 0.023929 0 
93 0.014879 0 
94 0.011318 0 
95 0.011615 0 
96 0.008841 0 
97 0.025867 0 
98 0.025006 0 
99 0.008879 0 
100 0.011577 0 
101 0.011976 0 
102 0.015926 0 
103 0.013583 0 
104 0.007000 0 
105 0.012289 0 
106 0.027953 0 
107 0.011878 0 
108 0.028237 0 
109 0.011879 0 
110 0.018382 0 
111 0.022573 0 
112 0.029973 0 
113 0.029094 0 
114 0.022339 0 
115 0.012341 0 
116 0.016169 0 
117 0.009180 0 
118 0.012763 0 
119 0.015997 0 
120 0.018915 0 
121 0.011056 0 
122 0.050048 0 
123 0.033676 0 
124 0.027614 0 
125 0.019372 0 
126 0.017338 0 
127 0.012872 0 
128 0.016486 0 
129 0.037711 0 
130 0.021413 0 
131 0.015285 0 
132 0.018574 0 
133 0.043114 0 
134 0.026536 0 
135 0.018204 0 
136 0.022380 0 
137 0.014450 0 
138 0.028251 0 
139 0.036543 0 
140 0.022759 0 
141 0.026532 0 
142 0.015629 0 
143 0.015811 0 
144 0.021645 0 
145 0.017940 0 
146 0.014563 0 
147 0.021310 0 
148 0.022321 0 
149 0.012880 0 
150 0.018033 0 
151 0.016239 0 
152 0.012703 0 
153 0.020853 0 
154 0.015920 0 
155 0.012972 0 
156 0.014172 0 
157 0.027869 0 
158 0.029381 0 
159 0.025195 0 
160 0.012294 0 
161 0.009986 0 
162 0.011619 0 
163 0.010521 0 
164 0.015013 0 
165 0.024118 0 
166 0.011413 0 
167 0.025007 0 
168 0.021841 0 
169 0.020261 0 
170 0.021022 0 
171 0.017349 0 
172 0.011383 0 
173 0.024625 0 
174 0.018230 0 
175 0.016327 0 
176 0.014073 0 
177 0.024574 0 
178 0.034377 0 
179 0.017972 0 
180 0.012347 0 
181 0.020340 0 
182 0.016230 0 
183 0.009629 0 
184 0.030238 0 
185 0.018040 0 
186 0.012244 0 
187 0.016857 0 
188 0.019143 0 
189 0.025854 0 
190 0.012242 0 
191 0.013366 0 
192 0.012385 0 
193 0.017709 0 
194 0.016105 0 
195 0.008800 0 
196 0.010570 0 
197 0.009571 0 
198 0.013211 0 
199 0.008708 0 
200 0.032188 0 
201 0.015785 0 
202 0.023484 0 
203 0.013145 0 
204 0.022086 0 
205 0.013695 0 
206 0.014989 0 
207 0.014534 0 
208 0.012946 0 
209 0.007548 0 
210 0.008508 0 
211 0.010653 0 
212 0.028283 0 
213 0.019856 0 
214 0.018020 0 
215 0.013333 0 
216 0.025735 0 
217 0.020098 0 
218 0.051544 0 
219 0.035121 0 
220 0.027068 0 
221 0.026687 0 
222 0.010424 0 
223 0.024899 0 
224 0.024769 0 
225 0.012310 0 
226 0.032458 0 
227 0.019135 0 
228 0.042520 0 
229 0.026314 0 
230 0.020072 0 
231 0.012599 0 
232 0.022008 0 
233 0.029249 0 
234 0.037773 0 
235 0.021530 0 
236 0.026384 0 
237 0.016910 0 
238 0.067834 0 
239 0.051555 0 
240 0.039713 0 
241 0.023291 0 
242 0.024364 0 
243 0.016114 0 
244 0.018709 0 
245 0.017838 0 
246 0.014538 0 
247 0.015289 0 
248 0.015863 0 
249 0.039972 0 
250 0.032091 0 
251 0.055916 0 
252 0.039926 0 
253 0.024112 0 
254 0.010832 0 
255 0.011314 0 
256 0.012383 0 
257 0.034202 0 
258 0.017867 0 
259 0.036553 0 
260 0.023938 0 
261 0.017083 0 
262 0.025330 0 
263 0.011799 0 
264 0.022569 0 
265 0.041216 0 
266 0.025081 0 
267 0.011361 0 
268 0.015297 0 
269 0.027124 0 
270 0.018333 0 
271 0.010237 0 
272 0.016110 0 
273 0.027243 0 
274 0.023567 0 
275 0.015390 0 
276 0.015440 0 
277 0.017449 0 
278 0.026154 0 
279 0.015400 0 
280 0.030696 0 
281 0.023224 0 
282 0.018387 0 
283 0.039037 0 
284 0.022600 0 
285 0.018643 0 
286 0.017225 0 
287 0.015715 0 
288 0.022204 0 
289 0.017120 0 
290 0.012328 0 
291 0.012502 0 
292 0.031049 0 
293 0.026921 0 
294 0.040708 0 
295 0.024155 0 
296 0.022417 0 
297 0.011743 0 
298 0.016191 0 
299 0.023813 0 
300 0.015708 0 
301 0.032284 0 
302 0.015848 0 
303 0.024255 0 
304 0.026967 0 
305 0.018000 0 
306 0.028294 0 
307 0.015085 0 
308 0.020218 0 
309 0.019906 0 
310 0.016951 0 
311 0.025520 0 
312 0.018144 0 
313 0.017544 0 
314 0.013556 0 
315 0.016480 0 
316 0.014592 0 
317 0.014956 0 
318 0.034293 0 
319 0.024618 0 
320 0.022789 0 
321 0.032257 0 
322 0.027494 0 
323 0.017863 0 
324 0.025725 0 
325 0.016482 0 
326 0.014895 0 
327 0.022563 0 
328 0.018785 0 
329 0.016710 0 
330 0.018790 0 
331 0.022060 0 
332 0.019322 0 
333 0.022626 0 
334 0.017549 0 
335 0.017210 0 
336 0.009349 0 
337 0.007262 0 
338 0.010473 0 
339 0.029665 0 
340 0.017215 0 
341 0.013469 0 
342 0.014973 0 
343 0.043032 0 
344 0.026837 0 
345 0.016515 0 
346 0.030154 0 
347 0.013666 0 
348 0.013254 0 
349 0.017865 0 
350 0.010457 0 
351 0.010108 0 
352 0.008280 0 
353 0.011608 0 
354 0.021197 0 
355 0.008196 0 
356 0.013974 0 
357 0.012738 0 
358 0.007197 0 
359 0.019315 0 
360 0.017564 0 
361 0.015385 0 
362 0.008123 0 
363 0.023789 0 
364 0.035260 0 
365 0.022787 0 
366 0.019864 0 
367 0.019248 0 
368 0.025008 0 
369 0.017778 0 
370 0.015081 0 
371 0.024700 0 
372 0.031558 0 
373 0.029119 0 
374 0.022658 0 
375 0.032544 0 
376 0.015926 0 
377 0.015542 0 
378 0.015073 0 
379 0.013964 0 
380 0.020118 0 
381 0.025305 0 
382 0.016136 0 
383 0.019342 0 
384 0.026070 0 
385 0.013317 0 
386 0.025601 0 
387 0.033729 0 
388 0.016520 0 
389 0.012892 0 
390 0.059417 0 
391 0.042937 0 
392 0.034219 0 
393 0.026031 0 
394 0.038651 0 
395 0.022289 0 
396 0.022336 0 
397 0.027429 0 
398 0.014474 0 
399 0.024555 0 
400 0.020424 0 
401 0.022086 0 
402 0.015432 0 
403 0.013764 0 
404 0.024481 0 
405 0.016162 0 
406 0.018502 0 
407 0.012913 0 
408 0.018291 0 
409 0.019078 0 
410 0.027796 0 
411 0.030712 0 
412 0.034474 0 
413 0.018174 0 
414 0.016483 0 
415 0.043103 0 
416 0.026532 0 
417 0.014215 0 
418 0.011267 0 
419 0.034479 0 
420 0.018011 0 
421 0.015530 0 
422 0.015189 0 
423 0.011585 0 
424 0.027170 0 
425 0.026138 0 
426 0.022848 0 
427 0.014869 0 
428 0.010705 0 
429 0.022878 0 
430 0.021023 0 
431 0.018360 0 
432 0.016186 0 
433 0.029132 0 
434 0.023488 0 
435 0.021035 0 
436 0.015295 0 
437 0.028347 0 
438 0.013687 0 
439 0.023695 0 
440 0.021762 0 
441 0.025817 0 
442 0.018008 0 
443 0.011335 0 
444 0.010060 0 
445 0.042893 0 
446 0.026437 0 
447 0.013744 0 
448 0.019078 0 
449 0.015939 0 
450 0.011630 0 
451 0.025535 0 
452 0.023279 0 
453 0.039256 0 
454 0.022829 0 
455 0.023897 0 
456 0.026260 0 
457 0.030909 0 
458 0.015183 0 
459 0.033972 0 
460 0.028243 0 
461 0.025729 0 
462 0.012855 0 
463 0.031229 0 
464 0.029918 0 
465 0.020143 0 
466 0.011497 0 
467 0.017848 0 
468 0.026949 0 
469 0.014421 0 
470 0.030991 0 
471 0.014310 0 
472 0.010566 0 
473 0.020979 0 
474 0.031450 0 
475 0.035109 0 
476 0.018592 0 
477 0.030154 0 
478 0.029185 0 
479 0.012737 0 
480 0.018907 0 
481 0.016410 0 
482 0.011469 0 
483 0.013244 0 
484 0.025716 0 
485 0.019770 0 
486 0.012246 0 
487 0.017078 0 
488 0.019164 0 
489 0.008057 0 
490 0.024228 0 
491 0.035418 0 
492 0.019337 0 
493 0.011700 0 
494 0.011191 0 
495 0.037166 0 
496 0.020524 0 
497 0.026758 0 
498 0.016995 0 
499 0.017020 0 
500 0.013298 0 
501 0.018507 0 
502 0.025941 0 
503 0.009815 0 
504 0.012263 0 
505 0.012275 0 
506 0.031794 0 
507 0.024094 0 
508 0.011877 0 
509 0.017374 0 
510 0.017512 0 
511 0.023865 0 
512 0.012076 0 
513 0.014596 0 
514 0.025651 0 
515 0.022328 0 
516 0.011659 0 
517 0.020638 0 
518 0.022250 0 
519 0.013453 0 
520 0.012682 0 
521 0.019238 0 
522 0.023117 0 
523 0.013064 0 
524 0.018494 0 
525 0.013197 0 
526 0.009342 0 
527 0.010033 0 
528 0.008128 0 
529 0.006536 0 
530 0.022447 0 
531 0.024606 0 
532 0.008603 0 
533 0.033802 0 
534 0.018062 0 
535 0.041095 0 
536 0.024961 0 
537 0.025509 0 
538 0.030917 0 
539 0.014339 0 
540 0.015833 0 
541 0.036357 0 
542 0.022749 0 
543 0.006289 0 
544 0.030635 0 
545 0.014183 0 
546 0.015059 0 
547 0.008658 0 
548 0.012145 0 
549 0.011531 0 
550 0.016589 0 
551 0.011353 0 
552 0.017812 0 
553 0.024012 0 
554 0.026725 0 
555 0.030097 0 
556 0.013796 0 
557 0.030527 0 
558 0.017504 0 
559 0.024437 0 
560 0.023770 0 
561 0.033763 0 
562 0.023013 0 
563 0.028992 0 
564 0.021195 0 
565 0.013417 0 
566 0.023800 0 
567 0.015987 0 
568 0.016206 0 
569 0.012481 0 
570 0.016138 0 
571 0.014121 0 
572 0.021190 0 
573 0.012931 0 
574 0.028568 0 
575 0.020343 0 
576 0.021830 0 
577 0.017617 0 
578 0.019048 0 
579 0.005860 0 
580 0.011364 0 
581 0.017492 0 
582 0.042784 0 
583 0.026794 0 
584 0.010318 0 
585 0.026928 0 
586 0.022789 0 
587 0.008033 0 
588 0.012316 0 
589 0.011593 0 
590 0.011331 0 
591 0.011755 0 
592 0.022411 0 
593 0.030190 0 
594 0.014261 0 
595 0.006754 0 
596 0.024993 0 
597 0.014163 0 
598 0.020698 0 
599 0.014577 0 
600 0.022657 0 
601 0.013736 0 
602 0.023451 0 
603 0.014617 0 
604 0.019477 0 
605 0.015105 0 
606 0.016012 0 
607 0.035340 0 
608 0.019558 0 
609 0.015787 0 
610 0.013725 0 
611 0.011605 0 
612 0.013943 0 
613 0.017412 0 
614 0.016454 0 
615 0.028018 0 
616 0.019803 0 
617 0.025984 0 
618 0.034449 0 
619 0.020911 0 
620 0.013003 0 
621 0.014255 0 
622 0.013539 0 
623 0.016598 0 
624 0.044557 0 
625 0.027242 0 
626 0.016273 0 
627 0.024145 0 
628 0.016134 0 
629 0.021827 0 
630 0.023751 0 
631 0.025875 0 
632 0.013206 0 
633 0.024779 0 
634 0.038170 0 
635 0.021729 0 
636 0.014610 0 
637 0.014153 0 
638 0.010902 0 
639 0.012487 0 
640 0.018642 0 
641 0.017775 0 
642 0.020474 0 
643 0.010721 0 
644 0.012372 0 
645 0.017280 0 
646 0.026567 0 
647 0.017967 0 
648 0.011206 0 
649 0.020233 0 
650 0.018141 0 
651 0.017180 0 
652 0.026544 0 
653 0.022872 0 
654 0.022254 0 
655 0.026566 0 
656 0.014769 0 
657 0.013182 0 
658 0.012485 0 
659 0.019863 0 
660 0.017251 0 
661 0.014412 0 
662 0.030218 0 
663 0.024263 0 
664 0.014443 0 
665 0.032238 0 
666 0.015803 0 
667 0.018483 0 
668 0.021924 0 
669 0.016373 0 
670 0.016937 0 
671 0.017840 0 
672 0.025465 0 
673 0.017999 0 
674 0.021104 0 
675 0.022992 0 
676 0.014285 0 
677 0.028174 0 
678 0.030353 0 
679 0.013883 0 
680 0.017589 0 
681 0.024897 0 
682 0.016268 0 
683 0.013209 0 
684 0.015908 0 
685 0.018436 0 
686 0.025582 0 
687 0.030032 0 
688 0.021883 0 
689 0.013284 0 
690 0.013031 0 
691 0.014104 0 
692 0.016148 0 
693 0.017727 0 
694 0.023546 0 
695 0.012803 0 
696 0.011757 0 
697 0.041826 0 
698 0.025334 0 
699 0.018598 0 
700 0.011578 0 
701 0.019408 0 
702 0.026085 0 
703 0.013636 0 
704 0.011254 0 
705 0.024287 0 
706 0.014030 0 
707 0.011058 0 
708 0.033221 0 
709 0.016671 0 
710 0.033143 0 
711 0.016469 0 
712 0.010776 0 
713 0.015130 0 
714 0.008123 0 
715 0.027740 0 
716 0.015503 0 
717 0.017865 0 
718 0.031260 0 
719 0.022022 0 
720 0.008584 0 
721 0.025741 0 
722 0.009382 0 
723 0.015980 0 
724 0.006072 0 
725 0.013465 0 
726 0.012345 0 
727 0.014278 0 
728 0.038289 0 
729 0.021510 0 
730 0.009742 0 
731 0.015862 0 
732 0.034388 0 
733 0.030701 0 
734 0.045537 0 
735 0.029256 0 
736 0.012880 0 
737 0.013660 0 
738 0.022830 0 
739 0.017583 0 
740 0.023118 0 
741 0.020550 0 
742 0.030963 0 
743 0.018296 0 
744 0.015857 0 
745 0.019873 0 
746 0.025065 0 
747 0.023730 0 
748 0.022022 0 
749 0.017394 0 
750 0.017378 0 
751 0.017062 0 
752 0.019247 0 
753 0.033183 0 
754 0.016629 0 
755 0.027475 0 
756 0.025595 0 
757 0.028851 0 
758 0.012611 0 
759 0.027375 0 
760 0.026807 0 
761 0.033524 0 
762 0.025618 0 
763 0.052924 0 
764 0.036862 0 
765 0.022197 0 
766 0.025177 0 
767 0.017866 0 
768 0.013497 0 
769 0.020713 0 
770 0.020975 0 
771 0.020216 0 
772 0.024641 0 
773 0.027100 0 
774 0.027450 0 
775 0.044652 0 
776 0.028319 0 
777 0.049162 0 
778 0.033032 0 
779 0.017106 0 
780 0.011432 0 
781 0.019318 0 
782 0.010681 0 
783 0.021583 0 
784 0.017393 0 
785 0.034093 0 
786 0.026266 0 
787 0.049253 0 
788 0.032996 0 
789 0.028856 0 
790 0.035330 0 
791 0.019681 0 
792 0.019958 0 
793 0.031223 0 
794 0.015246 0 
795 0.012129 0 
796 0.013303 0 
797 0.009644 0 
798 0.015122 0 
799 0.047626 0 
800 0.031267 0 
801 0.014375 0 
802 0.016866 0 
803 0.010047 0 
804 0.008399 0 
805 0.015029 0 
806 0.012614 0 
807 0.010619 0 
808 0.008722 0 
809 0.051224 0 
810 0.035054 0 
811 0.037441 0 
812 0.026340 0 
813 0.010153 0 
814 0.010303 0 
815 0.018013 0 
816 0.041164 0 
817 0.025179 0 
818 0.011484 0 
819 0.012838 0 
820 0.031162 0 
821 0.014428 0 
822 0.007969 0 
823 0.016538 0 
824 0.014236 0 
825 0.028183 0 
826 0.014126 0 
827 0.024840 0 
828 0.016967 0 
829 0.014149 0 
830 0.012016 0 
831 0.022887 0 
832 0.006698 0 
833 0.017445 0 
834 0.021323 0 
835 0.011667 0 
836 0.016178 0 
837 0.031890 0 
838 0.016036 0 
839 0.007151 0 
840 0.012765 0 
841 0.018526 0 
842 0.022683 0 
843 0.025177 0 
844 0.008624 0 
845 0.028536 0 
846 0.014178 0 
847 0.010581 0 
848 0.027064 0 
849 0.010955 0 
850 0.013716 0 
851 0.021422 0 
852 0.019198 0 
853 0.018484 0 
854 0.013230 0 
855 0.021714 0 
856 0.031366 0 
857 0.014812 0 
858 0.020120 0 
859 0.026331 0 
860 0.037760 0 
861 0.021422 0 
862 0.013825 0 
863 0.028323 0 
864 0.018797 0 
865 0.017878 0 
866 0.015419 0 
867 0.036203 0 
868 0.032861 0 
869 0.016725 0 
870 0.031144 0 
871 0.014805 0 
872 0.018713 0 
873 0.022203 0 
874 0.041862 0 
875 0.025662 0 
876 0.015381 0 
877 0.029198 0 
878 0.022087 0 
879 0.049449 0 
880 0.039987 0 
881 0.030111 0 
882 0.038270 0 
883 0.021929 0 
884 0.044942 0 
885 0.042111 0 
886 0.026008 0 
887 0.017462 0 
888 0.021802 0 
889 0.025409 0 
890 0.058978 0 
891 0.042499 0 
892 0.035624 0 
893 0.028954 0 
894 0.019151 0 
895 0.022469 0 
896 0.021715 0 
897 0.017125 0 
898 0.023222 0 
899 0.021548 0 
900 0.040214 0 
901 0.024113 0 
902 0.015805 0 
903 0.020455 0 
904 0.013452 0 
905 0.010509 0 
906 0.026514 0 
907 0.022001 0 
908 0.013495 0 
909 0.014804 0 
910 0.016068 0 
911 0.015914 0 
912 0.018933 0 
913 0.015977 0 
914 0.022990 0 
915 0.020422 0 
916 0.031620 0 
917 0.036673 0 
918 0.025573 0 
919 0.023899 0 
920 0.038656 0 
921 0.022374 0 
922 0.012502 0 
923 0.012368 0 
924 0.038714 0 
925 0.022781 0 
926 0.030856 0 
927 0.023724 0 
928 0.016427 0 
929 0.038539 0 
930 0.022251 0 
931 0.020759 0 
932 0.023659 0 
933 0.018391 0 
934 0.021652 0 
935 0.035868 0 
936 0.035218 0 
937 0.028981 0 
938 0.012688 0 
939 0.017729 0 
940 0.022240 0 
941 0.026873 0 
942 0.010643 0 
943 0.048120 0 
944 0.031691 0 
945 0.019148 0 
946 0.013912 0 
947 0.015010 0 
948 0.020504 0 
949 0.021899 0 
950 0.017136 0 
951 0.024310 0 
952 0.022318 0 
953 0.015069 0 
954 0.014827 0 
955 0.030739 0 
956 0.017713 0 
957 0.014945 0 
958 0.016305 0 
959 0.013296 0 
960 0.042427 0 
961 0.026426 0 
962 0.037464 0 
963 0.024369 0 
964 0.036394 0 
965 0.020306 0 
966 0.022187 0 
967 0.013206 0 
968 0.012114 0 
969 0.026156 0 
970 0.013175 0 
971 0.016587 0 
972 0.016180 0 
973 0.042356 0 
974 0.025862 0 
975 0.020060 0 
976 0.015129 0 
977 0.019089 0 
978 0.019310 0 
979 0.016604 0 
980 0.019616 0 
981 0.011736 0 
982 0.017244 0 
983 0.019520 0 
984 0.063296 0 
985 0.046974 0 
986 0.030636 0 
987 0.016278 0 
988 0.013552 0 
989 0.046565 0 
990 0.030586 0 
991 0.019793 0 
992 0.023499 0 
993 0.011474 0 
994 0.020582 0 
995 0.011096 0 
996 0.031709 0 
997 0.030115 0 
998 0.051942 0 
999 0.035710 0 
1000 0.019422 0 
1001 0.015034 0 
1002 0.014891 0 
1003 0.048033 0 
1004 0.031547 0 
1005 0.022790 0 
1006 0.019630 0 
1007 0.018031 0 
1008 0.013947 0 
1009 0.019406 0 
1010 0.034775 0 
1011 0.018790 0 
1012 0.013629 0 
1013 0.015297 0 
1014 0.018683 0 
1015 0.015096 0 
1016 0.022017 0 
1017 0.018948 0 
1018 0.034250 0 
1019 0.018035 0 
1020 0.018989 0 
1021 0.021419 0 
1022 0.019580 0 
1023 0.015759 0 
1024 0.021124 0 
1025 0.019819 0 
1026 0.020700 0 
1027 0.016537 0 
1028 0.028961 0 
1029 0.013001 0 
1030 0.023335 0 
1031 0.023145 0 
1032 0.017846 0 
1033 0.017776 0 
1034 0.017656 0 
1035 0.029953 0 
1036 0.022941 0 
1037 0.015442 0 
1038 0.021615 0 
1039 0.041454 0 
1040 0.025252 0 
1041 0.016636 0 
1042 0.020452 0 
1043 0.019973 0 
1044 0.011479 0 
1045 0.015321 0 
1046 0.015570 0 
1047 0.036808 0 
1048 0.033263 0 
1049 0.022949 0 
1050 0.017204 0 
1051 0.016035 0 
1052 0.016671 0 
1053 0.018513 0 
1054 0.022963 0 
1055 0.012352 0 
1056 0.016545 0 
1057 0.018074 0 
1058 0.023949 0 
1059 0.015976 0 
1060 0.032721 0 
1061 0.016364 0 
1062 0.015266 0 
1063 0.013350 0 
1064 0.021508 0 
1065 0.017308 0 
1066 0.021844 0 
1067 0.023698 0 
1068 0.021852 0 
1069 0.017843 0 
1070 0.009529 0 
1071 0.010271 0 
1072 0.012917 0 
1073 0.019496 0 
1074 0.009836 0 
1075 0.010170 0 
1076 0.014876 0 
1077 0.020680 0 
1078 0.052106 0 
1079 0.035789 0 
1080 0.019450 0 
1081 0.026419 0 
1082 0.010139 0 
1083 0.030274 0 
1084 0.013569 0 
1085 0.019579 0 
1086 0.019087 0 
1087 0.017726 0 
1088 0.012727 0 
1089 0.019964 0 
1090 0.014337 0 
1091 0.013795 0 
1092 0.014310 0 
1093 0.014163 0 
1094 0.008708 0 
1095 0.018969 0 
1096 0.010996 0 
1097 0.012406 0 
1098 0.023217 0 
1099 0.015019 0 
1100 0.026784 0 
1101 0.010489 0 
1102 0.012359 0 
1103 0.006776 0 
1104 0.020394 0 
1105 0.023533 0 
1106 0.007276 0 
1107 0.011918 0 
1108 0.017615 0 
1109 0.010626 0 
1110 0.007080 0 
1111 0.009547 0 
1112 0.011307 0 
1113 0.039762 0 
1114 0.023527 0 
1115 0.033071 0 
1116 0.020735 0 
1117 0.012844 0 
1118 0.020294 0 
1119 0.020972 0 
1120 0.013422 0 
1121 0.009246 0 
1122 0.013704 0 
1123 0.029302 0 
1124 0.031544 0 
1125 0.045585 0 
1126 0.029356 0 
1127 0.021282 0 
1128 0.012737 0 
1129 0.014831 0 
1130 0.014199 0 
1131 0.018347 0 
1132 0.018182 0 
1133 0.019229 0 
1134 0.025651 0 
1135 0.021010 0 
1136 0.019738 0 
1137 0.018502 0 
1138 0.015707 0 
1139 0.025895 0 
1140 0.019313 0 
1141 0.014993 0 
1142 0.012771 0 
1143 0.016934 0 
1144 0.027956 0 
1145 0.011595 0 
1146 0.014129 0 
1147 0.019941 0 
1148 0.020116 0 
1149 0.028310 0 
1150 0.032155 0 
1151 0.031062 0 
1152 0.021789 0 
1153 0.031429 0 
1154 0.015313 0 
1155 0.036645 0 
1156 0.028476 0 
1157 0.015689 0 
1158 0.019669 0 
1159 0.053195 0 
1160 0.037009 0 
1161 0.035077 0 
1162 0.018818 0 
1163 0.028443 0 
1164 0.012290 0 
1165 0.020795 0 
1166 0.031411 0 
1167 0.030580 0 
1168 0.014257 0 
1169 0.012660 0 
1170 0.012563 0 
1171 0.032790 0 
1172 0.017018 0 
1173 0.011371 0 
1174 0.015952 0 
1175 0.037127 0 
1176 0.023812 0 
1177 0.021195 0 
1178 0.011347 0 
1179 0.020019 0 
1180 0.013183 0 
1181 0.022040 0 
1182 0.039414 0 
1183 0.022384 0 
1184 0.013277 0 
1185 0.023478 0 
1186 0.017447 0 
1187 0.044101 0 
1188 0.027817 0 
1189 0.014934 0 
1190 0.011263 0 
1191 0.039244 0 
1192 0.029395 0 
1193 0.013045 0 
1194 0.036060 0 
1195 0.039687 0 
1196 0.023425 0 
1197 0.010627 0 
1198 0.020989 0 
1199 0.010556 0 
1200 0.008663 0 
1201 0.028961 0 
1202 0.013117 0 
1203 0.020918 0 
1204 0.011107 0 
1205 0.043500 0 
1206 0.026815 0 
1207 0.028661 0 
1208 0.020693 0 
1209 0.024738 0 
1210 0.028633 0 
1211 0.025404 0 
1212 0.012208 0 
1213 0.028531 0 
1214 0.012217 0 
1215 0.013531 0 
1216 0.015311 0 
1217 0.012437 0 
1218 0.021333 0 
1219 0.024231 0 
1220 0.017783 0 
1221 0.025575 0 
1222 0.017044 0 
1223 0.014348 0 
1224 0.018285 0 
1225 0.044405 0 
1226 0.028179 0 
1227 0.015908 0 
1228 0.013268 0 
1229 0.018676 0 
1230 0.031538 0 
1231 0.015130 0 
1232 0.024354 0 
1233 0.019745 0 
1234 0.033710 0 
1235 0.018346 0 
1236 0.013514 0 
1237 0.013714 0 
1238 0.020152 0 
1239 0.032628 0 
1240 0.016008 0 
1241 0.017644 0 
1242 0.026903 0 
1243 0.017102 0 
1244 0.024827 0 
1245 0.022693 0 
1246 0.023801 0 
1247 0.011998 0 
1248 0.013914 0 
1249 0.014669 0 
1250 0.026263 0 
1251 0.021479 0 
1252 0.018763 0 
1253 0.017461 0 
1254 0.027785 0 
1255 0.012091 0 
1256 0.020256 0 
1257 0.014632 0 
1258 0.012782 0 
1259 0.023496 0 
1260 0.037167 0 
1261 0.020544 0 
1262 0.019981 0 
1263 0.012625 0 
1264 0.010231 0 
1265 0.019384 0 
1266 0.031261 0 
1267 0.021077 0 
1268 0.018935 0 
1269 0.017280 0 
1270 0.022972 0 
1271 0.023281 0 
1272 0.033638 0 
1273 0.024321 0 
1274 0.015933 0 
1275 0.020559 0 
1276 0.025636 0 
1277 0.016936 0 
1278 0.023145 0 
1279 0.015156 0 
1280 0.021420 0 
1281 0.021003 0 
1282 0.012873 0 
1283 0.025292 0 
1284 0.033261 0 
1285 0.017006 0 
1286 0.030303 0 
1287 0.014204 0 
1288 0.020465 0 
1289 0.044193 0 
1290 0.027722 0 
1291 0.023636 0 
1292 0.038176 0 
1293 0.024225 0 
1294 0.013765 0 
1295 0.021356 0 
1296 0.011678 0 
1297 0.014910 0 
1298 0.035043 0 
1299 0.019202 0 
1300 0.031858 0 
1301 0.026519 0 
1302 0.014256 0 
1303 0.025426 0 
1304 0.013628 0 
1305 0.012916 0 
1306 0.017112 0 
1307 0.015479 0 
1308 0.013824 0 
1309 0.011089 0 
1310 0.020751 0 
1311 0.018982 0 
1312 0.005627 0 
1313 0.015183 0 
1314 0.007908 0 
1315 0.012543 0 
1316 0.022460 0 
1317 0.015815 0 
1318 0.012833 0 
1319 0.010236 0 
1320 0.011691 0 
1321 0.023664 0 
1322 0.022306 0 
1323 0.012209 0 
1324 0.006932 0 
1325 0.015344 0 
1326 0.010559 0 
1327 0.039674 0 
1328 0.025876 0 
1329 0.009276 0 
1330 0.010683 0 
1331 0.009595 0 
1332 0.006720 0 
1333 0.020394 0 
1334 0.024765 0 
1335 0.008617 0 
1336 0.017101 0 
1337 0.015563 0 
1338 0.024103 0 
1339 0.024307 0 
1340 0.024000 0 
1341 0.007797 0 
1342 0.015523 0 
1343 0.025655 0 
1344 0.014084 0 
1345 0.014874 0 
1346 0.033087 0 
1347 0.024588 0 
1348 0.019851 0 
1349 0.017204 0 
1350 0.023705 0 
1351 0.018948 0 
1352 0.016544 0 
1353 0.012125 0 
1354 0.018392 0 
1355 0.013705 0 
1356 0.012859 0 
1357 0.019195 0 
1358 0.041446 0 
1359 0.029805 0 
1360 0.022002 0 
1361 0.032398 0 
1362 0.027768 0 
1363 0.014880 0 
1364 0.015764 0 
1365 0.026872 0 
1366 0.014292 0 
1367 0.020176 0 
1368 0.038615 0 
1369 0.022139 0 
1370 0.018005 0 
1371 0.021021 0 
1372 0.012788 0 
1373 0.021253 0 
1374 0.017657 0 
1375 0.022600 0 
1376 0.013300 0 
1377 0.010639 0 
1378 0.034545 0 
1379 0.018277 0 
1380 0.014307 0 
1381 0.015208 0 
1382 0.012448 0 
1383 0.018111 0 
1384 0.022486 0 
1385 0.021553 0 
1386 0.017498 0 
1387 0.027037 0 
1388 0.024110 0 
1389 0.014557 0 
1390 0.020898 0 
1391 0.024356 0 
1392 0.012277 0 
1393 0.016501 0 
1394 0.019567 0 
1395 0.012621 0 
1396 0.014261 0 
1397 0.041923 0 
1398 0.028775 0 
1399 0.012110 0 
1400 0.030351 0 
1401 0.014134 0 
1402 0.022987 0 
1403 0.010094 0 
1404 0.019222 0 
1405 0.020624 0 
1406 0.009292 0 
1407 0.015945 0 
1408 0.010402 0 
1409 0.018633 0 
1410 0.011578 0 
1411 0.026042 0 
1412 0.013959 0 
1413 0.010648 0 
1414 0.013478 0 
1415 0.024106 0 
1416 0.008039 0 
1417 0.011573 0 
1418 0.013710 0 
1419 0.014547 0 
1420 0.019980 0 
1421 0.012968 0 
1422 0.019805 0 
1423 0.015299 0 
1424 0.011824 0 
1425 0.028948 0 
1426 0.012726 0 
1427 0.019467 0 
1428 0.015403 0 
1429 0.022658 0 
1430 0.021167 0 
1431 0.020445 0 
1432 0.016011 0 
1433 0.015454 0 
1434 0.035034 0 
1435 0.018804 0 
1436 0.035938 0 
1437 0.019834 0 
1438 0.013638 0 
1439 0.017648 0 
1440 0.013585 0 
1441 0.015086 0 
1442 0.017918 0 
1443 0.029424 0 
1444 0.016105 0 
1445 0.025246 0 
1446 0.043866 0 
1447 0.027593 0 
1448 0.027541 0 
1449 0.020067 0 
1450 0.017311 0 
1451 0.019675 0 
1452 0.011120 0 
1453 0.022495 0 
1454 0.011235 0 
1455 0.028149 0 
1456 0.030653 0 
1457 0.023721 0 
1458 0.015182 0 
1459 0.013442 0 
1460 0.011553 0 
1461 0.011940 0 
1462 0.021708 0 
1463 0.025092 0 
1464 0.019518 0 
1465 0.015464 0 
1466 0.029248 0 
1467 0.037170 0 
1468 0.020643 0 
1469 0.012123 0 
1470 0.023584 0 
1471 0.015140 0 
1472 0.019143 0 
1473 0.021837 0 
1474 0.021350 0 
1475 0.032111 0 
1476 0.015755 0 
1477 0.015823 0 
1478 0.035759 0 
1479 0.018979 0 
1480 0.025716 0 
1481 0.020711 0 
1482 0.023502 0 
1483 0.026916 0 
1484 0.021803 0 
1485 0.011415 0 
1486 0.024759 0 
1487 0.012394 0 
1488 0.020015 0 
1489 0.026602 0 
1490 0.029361 0 
1491 0.013083 0 
1492 0.035973 0 
1493 0.019784 0 
1494 0.018467 0 
1495 0.022067 0 
1496 0.022399 0 
1497 0.018251 0 
1498 0.013918 0 
1499 0.019473 0 
1500 0.017748 0 
1501 0.031734 0 
1502 0.037470 0 
1503 0.026512 0 
1504 0.018615 0 
1505 0.018615 0 
1506 0.011979 0 
1507 0.014163 0 
1508 0.018050 0 
1509 0.013671 0 
1510 0.017181 0 
1511 0.014319 0 
1512 0.023188 0 
1513 0.036767 0 
1514 0.025902 0 
1515 0.022407 0 
1516 0.013788 0 
1517 0.051006 0 
1518 0.034801 0 
1519 0.034436 0 
1520 0.023173 0 
1521 0.023921 0 
1522 0.022344 0 
1523 0.030010 0 
1524 0.017353 0 
1525 0.017112 0 
1526 0.013240 0 
1527 0.014533 0 
1528 0.017818 0 
1529 0.022480 0 
1530 0.012767 0 
1531 0.013654 0 
1532 0.019577 0 
1533 0.066752 0 
1534 0.049261 0 
1535 0.032863 0 
1536 0.030626 0 
1537 0.014286 0 
1538 0.011001 0 
1539 0.018187 0 
1540 0.017243 0 
1541 0.020900 0 
1542 0.020201 0 
1543 0.028368 0 
1544 0.019212 0 
1545 0.018177 0 
1546 0.042725 0 
1547 0.031114 0 
1548 0.014579 0 
1549 0.019617 0 
1550 0.014086 0 
1551 0.014024 0 
1552 0.007931 0 
1553 0.014547 0 
1554 0.021444 0 
1555 0.015860 0 
1556 0.011500 0 
1557 0.009539 0 
1558 0.024207 0 
1559 0.012278 0 
1560 0.011607 0 
1561 0.021899 0 
1562 0.019122 0 
1563 0.013937 0 
1564 0.013458 0 
1565 0.027607 0 
1566 0.016244 0 
1567 0.008987 0 
1568 0.021385 0 
1569 0.018005 0 
1570 0.035993 0 
1571 0.019227 0 
1572 0.018819 0 
1573 0.014549 0 
1574 0.009993 0 
1575 0.013984 0 
1576 0.029107 0 
1577 0.013125 0 
1578 0.018697 0 
1579 0.014536 0 
1580 0.028489 0 
1581 0.018086 0 
1582 0.021501 0 
1583 0.014788 0 
1584 0.030226 0 
1585 0.038561 0 
1586 0.022061 0 
1587 0.017294 0 
1588 0.016399 0 
1589 0.023131 0 
1590 0.032274 0 
1591 0.016297 0 
1592 0.021112 0 
1593 0.017819 0 
1594 0.026188 0 
1595 0.012655 0 
1596 0.014908 0 
1597 0.025166 0 
1598 0.026736 0 
1599 0.019460 0 
1600 0.011384 0 
1601 0.028823 0 
1602 0.012410 0 
1603 0.033152 0 
1604 0.017021 0 
1605 0.039657 0 
1606 0.023458 0 
1607 0.017818 0 
1608 0.023856 0 
1609 0.014765 0 
1610 0.021405 0 
1611 0.015566 0 
1612 0.014700 0 
1613 0.012420 0 
1614 0.017697 0 
1615 0.027298 0 
1616 0.019450 0 
1617 0.023787 0 
1618 0.013291 0 
1619 0.012915 0 
1620 0.007658 0 
1621 0.012040 0 
1622 0.024760 0 
1623 0.013159 0 
1624 0.016268 0 
1625 0.030574 0 
1626 0.047238 0 
1627 0.030928 0 
1628 0.014645 0 
1629 0.014184 0 
1630 0.030019 0 
1631 0.025769 0 
1632 0.017017 0 
1633 0.011285 0 
1634 0.010547 0 
1635 0.011811 0 
1636 0.024209 0 
1637 0.039321 0 
1638 0.022709 0 
1639 0.010167 0 
1640 0.011359 0 
1641 0.010620 0 
1642 0.010082 0 
1643 0.022257 0 
1644 0.023928 0 
1645 0.010451 0 
1646 0.014115 0 
1647 0.008245 0 
1648 0.046156 0 
1649 0.028855 0 
1650 0.031235 0 
1651 0.022844 0 
1652 0.047536 0 
1653 0.031220 0 
1654 0.035355 0 
1655 0.019117 0 
1656 0.040992 0 
1657 0.024697 0 
1658 0.025927 0 
1659 0.016227 0 
1660 0.010554 0 
1661 0.014306 0 
1662 0.015308 0 
1663 0.031588 0 
1664 0.021027 0 
1665 0.020141 0 
1666 0.014707 0 
1667 0.043177 0 
1668 0.026722 0 
1669 0.020796 0 
1670 0.019029 0 
1671 0.010862 0 
1672 0.022877 0 
1673 0.014161 0 
1674 0.018772 0 
1675 0.027371 0 
1676 0.014306 0 
1677 0.020192 0 
1678 0.034627 0 
1679 0.017926 0 
1680 0.032424 0 
1681 0.015979 0 
1682 0.022525 0 
1683 0.014357 0 
1684 0.015167 0 
1685 0.022975 0 
1686 0.020328 0 
1687 0.012991 0 
1688 0.033736 0 
1689 0.028522 0 
1690 0.012502 0 
1691 0.018727 0 
1692 0.018004 0 
1693 0.014112 0 
1694 0.017723 0 
1695 0.024380 0 
1696 0.032600 0 
1697 0.019603 0 
1698 0.016685 0 
1699 0.022077 0 
1700 0.018518 0 
1701 0.034896 0 
1702 0.038049 0 
1703 0.022208 0 
1704 0.013026 0 
1705 0.019112 0 
1706 0.017863 0 
1707 0.040517 0 
1708 0.024268 0 
1709 0.024167 0 
1710 0.015230 0 
1711 0.006872 0 
1712 0.025509 0 
1713 0.021964 0 
1714 0.011461 0 
1715 0.014908 0 
1716 0.020955 0 
1717 0.013310 0 
1718 0.012790 0 
1719 0.010357 0 
1720 0.017867 0 
1721 0.011421 0 
1722 0.006131 0 
1723 0.046174 0 
1724 0.029938 0 
1725 0.021225 0 
1726 0.018435 0 
1727 0.021004 0 
1728 0.012907 0 
1729 0.010163 0 
1730 0.011178 0 
1731 0.010117 0 
1732 0.016638 0 
1733 0.015422 0 
1734 0.017828 0 
1735 0.009614 0 
1736 0.014016 0 
1737 0.011246 0 
1738 0.029142 0 
1739 0.028647 0 
1740 0.027549 0 
1741 0.022747 0 
1742 0.011315 0 
1743 0.016516 0 
1744 0.021431 0 
1745 0.013624 0 
1746 0.012705 0 
1747 0.014812 0 
1748 0.027478 0 
1749 0.011127 0 
1750 0.013339 0 
1751 0.022573 0 
1752 0.014828 0 
1753 0.015732 0 
1754 0.013266 0 
1755 0.045928 0 
1756 0.029534 0 
1757 0.016404 0 
1758 0.018696 0 
1759 0.032471 0 
1760 0.019817 0 
1761 0.021472 0 
1762 0.017333 0 
1763 0.009692 0 
1764 0.014496 0 
1765 0.026400 0 
1766 0.019351 0 
1767 0.027179 0 
1768 0.019291 0 
1769 0.029075 0 
1770 0.018681 0 
1771 0.014493 0 
1772 0.011085 0 
1773 0.013417 0 
1774 0.016322 0 
1775 0.015854 0 
1776 0.016610 0 
1777 0.013410 0 
1778 0.017690 0 
1779 0.043755 0 
1780 0.027522 0 
1781 0.019235 0 
1782 0.023296 0 
1783 0.022915 0 
1784 0.020370 0 
1785 0.031942 0 
1786 0.015570 0 
1787 0.015372 0 
1788 0.022947 0 
1789 0.029063 0 
1790 0.012969 0 
1791 0.031563 0 
1792 0.020209 0 
1793 0.036021 0 
1794 0.020068 0 
1795 0.014051 0 
1796 0.014166 0 
1797 0.018173 0 
1798 0.019552 0 
1799 0.017330 0 
1800 0.040153 0 
1801 0.023875 0 
1802 0.012595 0 
1803 0.010819 0 
1804 0.020028 0 
1805 0.010430 0 
1806 0.029423 0 
1807 0.029661 0 
1808 0.016915 0 
1809 0.013348 0 
1810 0.009803 0 
1811 0.047562 0 
1812 0.030512 0 
1813 0.031250 0 
1814 0.019543 0 
1815 0.015697 0 
1816 0.009463 0 
1817 0.011869 0 
1818 0.011379 0 
1819 0.015505 0 
1820 0.005626 0 
1821 0.010565 0 
