../stream-replay/logs/rtt-6205@128.txt
1 0.068518 1 
2 0.055357 1 
3 0.043694 1 
4 0.027850 1 
5 0.011767 1 
6 0.011153 1 
7 0.008947 1 
8 0.007041 1 
9 0.006527 1 
10 0.010413 1 
11 0.010276 1 
12 0.007611 1 
13 0.009986 1 
14 0.008910 1 
15 0.008780 1 
16 0.009169 1 
17 0.008327 1 
18 0.009029 1 
19 0.015053 1 
20 0.009114 1 
21 0.008532 1 
22 0.013420 1 
23 0.010993 1 
24 0.009723 1 
25 0.010893 1 
26 0.008720 1 
27 0.009785 1 
28 0.008582 1 
29 0.008211 1 
30 0.013849 1 
31 0.011640 1 
32 0.009749 1 
33 0.012171 1 
34 0.011123 1 
35 0.014628 1 
36 0.008795 1 
37 0.015270 1 
38 0.008613 1 
39 0.007193 1 
40 0.007380 1 
41 0.013825 1 
42 0.008022 1 
43 0.010115 1 
44 0.009068 1 
45 0.007602 1 
46 0.008916 1 
47 0.016797 1 
48 0.008011 1 
49 0.008953 1 
50 0.010515 1 
51 0.012229 1 
52 0.007945 1 
53 0.009679 1 
54 0.009491 1 
55 0.008648 1 
56 0.022409 1 
57 0.011248 1 
58 0.007997 1 
59 0.008038 1 
60 0.008847 1 
61 0.012651 1 
62 0.010094 1 
63 0.011216 1 
64 0.011516 1 
65 0.016017 1 
66 0.014376 1 
67 0.013693 1 
68 0.013665 1 
69 0.012958 1 
70 0.012030 1 
71 0.014539 1 
72 0.017268 1 
73 0.014278 1 
74 0.014386 1 
75 0.011097 1 
76 0.011806 1 
77 0.013036 1 
78 0.016423 1 
79 0.013319 1 
80 0.022096 1 
81 0.012519 1 
82 0.011736 1 
83 0.011314 1 
84 0.018407 1 
85 0.017732 1 
86 0.019955 1 
87 0.016814 1 
88 0.016778 1 
89 0.016527 1 
90 0.012653 1 
91 0.017818 1 
92 0.017299 1 
93 0.015335 1 
94 0.015484 1 
95 0.015293 1 
96 0.013985 1 
97 0.017098 1 
98 0.014030 1 
99 0.015875 1 
100 0.014628 1 
101 0.011978 1 
102 0.012038 1 
103 0.013500 1 
104 0.011638 1 
105 0.016487 1 
106 0.009236 1 
107 0.014135 1 
108 0.012171 1 
109 0.014493 1 
110 0.020801 1 
111 0.010520 1 
112 0.018365 1 
113 0.016835 1 
114 0.016757 1 
115 0.014814 1 
116 0.015058 1 
117 0.015370 1 
118 0.015540 1 
119 0.017713 1 
120 0.016737 1 
121 0.031611 1 
122 0.020870 1 
123 0.021004 1 
124 0.016204 1 
125 0.014368 1 
126 0.014792 1 
127 0.014687 1 
128 0.013130 1 
129 0.013045 1 
130 0.017331 1 
131 0.012114 1 
132 0.012109 1 
133 0.011164 1 
134 0.022253 1 
135 0.012506 1 
136 0.012492 1 
137 0.012165 1 
138 0.019866 1 
139 0.012216 1 
140 0.019064 1 
141 0.013047 1 
142 0.020612 1 
143 0.016796 1 
144 0.015970 1 
145 0.015153 1 
146 0.014571 1 
147 0.013403 1 
148 0.016152 1 
149 0.014500 1 
150 0.015028 1 
151 0.015589 1 
152 0.020322 1 
153 0.014734 1 
154 0.014738 1 
155 0.015328 1 
156 0.013989 1 
157 0.013158 1 
158 0.023148 1 
159 0.015424 1 
160 0.015116 1 
161 0.007896 1 
162 0.012709 1 
163 0.011060 1 
164 0.011619 1 
165 0.020770 1 
166 0.010052 1 
167 0.013072 1 
168 0.008711 1 
169 0.008835 1 
170 0.009340 1 
171 0.013948 1 
172 0.009220 1 
173 0.011162 1 
174 0.008450 1 
175 0.009390 1 
176 0.009211 1 
177 0.008556 1 
178 0.007513 1 
179 0.008632 1 
180 0.008545 1 
181 0.008059 1 
182 0.014612 1 
183 0.016600 1 
184 0.012311 1 
185 0.015189 1 
186 0.011914 1 
187 0.014977 1 
188 0.014760 1 
189 0.013674 1 
190 0.016964 1 
191 0.013155 1 
192 0.014432 1 
193 0.012788 1 
194 0.011763 1 
195 0.011203 1 
196 0.015828 1 
197 0.010858 1 
198 0.012063 1 
199 0.012326 1 
200 0.011863 1 
201 0.012736 1 
202 0.014865 1 
203 0.012259 1 
204 0.012856 1 
205 0.011833 1 
206 0.012696 1 
207 0.012538 1 
208 0.019140 1 
209 0.016267 1 
210 0.015641 1 
211 0.014364 1 
212 0.015841 1 
213 0.013736 1 
214 0.017173 1 
215 0.015665 1 
216 0.018169 1 
217 0.017134 1 
218 0.014150 1 
219 0.015765 1 
220 0.021071 1 
221 0.018698 1 
222 0.013348 1 
223 0.012474 1 
224 0.014642 1 
225 0.014711 1 
226 0.013391 1 
227 0.014608 1 
228 0.012971 1 
229 0.010836 1 
230 0.012344 1 
231 0.024011 1 
232 0.013210 1 
233 0.019850 1 
234 0.018591 1 
235 0.010715 1 
236 0.012907 1 
237 0.018332 1 
238 0.011753 1 
239 0.017530 1 
240 0.010585 1 
241 0.015617 1 
242 0.013361 1 
243 0.015722 1 
244 0.013822 1 
245 0.022303 1 
246 0.012323 1 
247 0.012267 1 
248 0.012449 1 
249 0.011467 1 
250 0.011357 1 
251 0.011000 1 
252 0.011376 1 
253 0.010363 1 
254 0.012136 1 
255 0.008859 1 
256 0.008714 1 
257 0.013935 1 
258 0.015699 1 
259 0.015178 1 
260 0.016008 1 
261 0.011396 1 
262 0.010429 1 
263 0.009650 1 
264 0.011025 1 
265 0.011191 1 
266 0.010500 1 
267 0.010792 1 
268 0.011009 1 
269 0.010966 1 
270 0.013430 1 
271 0.009127 1 
272 0.008377 1 
273 0.011805 1 
274 0.008621 1 
275 0.014917 1 
276 0.017728 1 
277 0.017205 1 
278 0.018449 1 
279 0.014566 1 
280 0.017746 1 
281 0.013411 1 
282 0.013363 1 
283 0.013023 1 
284 0.012997 1 
285 0.013827 1 
286 0.012020 1 
287 0.016722 1 
288 0.010940 1 
289 0.014205 1 
290 0.010369 1 
291 0.009750 1 
292 0.008699 1 
293 0.013779 1 
294 0.013397 1 
295 0.017341 1 
296 0.009256 1 
297 0.010945 1 
298 0.010182 1 
299 0.009091 1 
300 0.010247 1 
301 0.011002 1 
302 0.009225 1 
303 0.010091 1 
304 0.007728 1 
305 0.009259 1 
306 0.009008 1 
307 0.008476 1 
308 0.016803 1 
309 0.016033 1 
310 0.020478 1 
311 0.014396 1 
312 0.014634 1 
313 0.021923 1 
314 0.013743 1 
315 0.015778 1 
316 0.016484 1 
317 0.017344 1 
318 0.019588 1 
319 0.017375 1 
320 0.013129 1 
321 0.013433 1 
322 0.015976 1 
323 0.013234 1 
324 0.012189 1 
325 0.013294 1 
326 0.018178 1 
327 0.012724 1 
328 0.017875 1 
329 0.012661 1 
330 0.011977 1 
331 0.012980 1 
332 0.015191 1 
333 0.015038 1 
334 0.019634 1 
335 0.018446 1 
336 0.012149 1 
337 0.015459 1 
338 0.018028 1 
339 0.016429 1 
340 0.017770 1 
341 0.014029 1 
342 0.014177 1 
343 0.013942 1 
344 0.020227 1 
345 0.017213 1 
346 0.016686 1 
347 0.014637 1 
348 0.015272 1 
349 0.019429 1 
350 0.017158 1 
351 0.014946 1 
352 0.016187 1 
353 0.014330 1 
354 0.018448 1 
355 0.017535 1 
356 0.011691 1 
357 0.015333 1 
358 0.013602 1 
359 0.010926 1 
360 0.014043 1 
361 0.013413 1 
362 0.012860 1 
363 0.017490 1 
364 0.012153 1 
365 0.021436 1 
366 0.016271 1 
367 0.018739 1 
368 0.014873 1 
369 0.020445 1 
370 0.017197 1 
371 0.016906 1 
372 0.015160 1 
373 0.015010 1 
374 0.017306 1 
375 0.020842 1 
376 0.012054 1 
377 0.014114 1 
378 0.014718 1 
379 0.011189 1 
380 0.015508 1 
381 0.011791 1 
382 0.013785 1 
383 0.014026 1 
384 0.010412 1 
385 0.014111 1 
386 0.012973 1 
387 0.011221 1 
388 0.019743 1 
389 0.011451 1 
390 0.010221 1 
391 0.011513 1 
392 0.017302 1 
393 0.017539 1 
394 0.017083 1 
395 0.016608 1 
396 0.012427 1 
397 0.016990 1 
398 0.015244 1 
399 0.017479 1 
400 0.017956 1 
401 0.016816 1 
402 0.017245 1 
403 0.014230 1 
404 0.012098 1 
405 0.016672 1 
406 0.010871 1 
407 0.013566 1 
408 0.013019 1 
409 0.016411 1 
410 0.012421 1 
411 0.015066 1 
412 0.013925 1 
413 0.016063 1 
414 0.012593 1 
415 0.016726 1 
416 0.012197 1 
417 0.012737 1 
418 0.013750 1 
419 0.013205 1 
420 0.013852 1 
421 0.010510 1 
422 0.008433 1 
423 0.008826 1 
424 0.009793 1 
425 0.011436 1 
426 0.008711 1 
427 0.011726 1 
428 0.009538 1 
429 0.008405 1 
430 0.009246 1 
431 0.008437 1 
432 0.013015 1 
433 0.008532 1 
434 0.006999 1 
435 0.009399 1 
436 0.007943 1 
437 0.008758 1 
438 0.013155 1 
439 0.008165 1 
440 0.013891 1 
441 0.012013 1 
442 0.012283 1 
443 0.011724 1 
444 0.010902 1 
445 0.009189 1 
446 0.017929 1 
447 0.013239 1 
448 0.013508 1 
449 0.013175 1 
450 0.016254 1 
451 0.011835 1 
452 0.012431 1 
453 0.011977 1 
454 0.014942 1 
455 0.013974 1 
456 0.019783 1 
457 0.014157 1 
458 0.019387 1 
459 0.011875 1 
460 0.012057 1 
461 0.012131 1 
462 0.014219 1 
463 0.008917 1 
464 0.008719 1 
465 0.010733 1 
466 0.010002 1 
467 0.008359 1 
468 0.009352 1 
469 0.009614 1 
470 0.019100 1 
471 0.011373 1 
472 0.013058 1 
473 0.011499 1 
474 0.011689 1 
475 0.011119 1 
476 0.010816 1 
477 0.016688 1 
478 0.010019 1 
479 0.010246 1 
480 0.008785 1 
481 0.017122 1 
482 0.016990 1 
483 0.015579 1 
484 0.012839 1 
485 0.012265 1 
486 0.013450 1 
487 0.015132 1 
488 0.010360 1 
489 0.009550 1 
490 0.013072 1 
491 0.011680 1 
492 0.009014 1 
493 0.016313 1 
494 0.011321 1 
495 0.012936 1 
496 0.012183 1 
497 0.019621 1 
498 0.016620 1 
499 0.019020 1 
500 0.015458 1 
501 0.019398 1 
502 0.014760 1 
503 0.017585 1 
504 0.018123 1 
505 0.017732 1 
506 0.016649 1 
507 0.016263 1 
508 0.019255 1 
509 0.015616 1 
510 0.016307 1 
511 0.014057 1 
512 0.014730 1 
513 0.013528 1 
514 0.016420 1 
515 0.012848 1 
516 0.012953 1 
517 0.010514 1 
518 0.015125 1 
519 0.012589 1 
520 0.025623 1 
521 0.013903 1 
522 0.012062 1 
523 0.012868 1 
524 0.009195 1 
525 0.008515 1 
526 0.007905 1 
527 0.011313 1 
528 0.010318 1 
529 0.007999 1 
530 0.010491 1 
531 0.007959 1 
532 0.009392 1 
533 0.014014 1 
534 0.008680 1 
535 0.013738 1 
536 0.013079 1 
537 0.013005 1 
538 0.011729 1 
539 0.021175 1 
540 0.010222 1 
541 0.011016 1 
542 0.010093 1 
543 0.014109 1 
544 0.012902 1 
545 0.014928 1 
546 0.013263 1 
547 0.013047 1 
548 0.011697 1 
549 0.011650 1 
550 0.010880 1 
551 0.015215 1 
552 0.012902 1 
553 0.012649 1 
554 0.012012 1 
555 0.028513 1 
556 0.011871 1 
557 0.015108 1 
558 0.019669 1 
559 0.010652 1 
560 0.011395 1 
561 0.022255 1 
562 0.016771 1 
563 0.010556 1 
564 0.015149 1 
565 0.014361 1 
566 0.015203 1 
567 0.022856 1 
568 0.013680 1 
569 0.014285 1 
570 0.017502 1 
571 0.016377 1 
572 0.019885 1 
573 0.014368 1 
574 0.016420 1 
575 0.013836 1 
576 0.013796 1 
577 0.014144 1 
578 0.013222 1 
579 0.012150 1 
580 0.016130 1 
581 0.012959 1 
582 0.015604 1 
583 0.013439 1 
584 0.021159 1 
585 0.013684 1 
586 0.018905 1 
587 0.012894 1 
588 0.020905 1 
589 0.017100 1 
590 0.016147 1 
591 0.015773 1 
592 0.020220 1 
593 0.014848 1 
594 0.008840 1 
595 0.014257 1 
596 0.017340 1 
597 0.016212 1 
598 0.019961 1 
599 0.011928 1 
600 0.015952 1 
601 0.018364 1 
602 0.016736 1 
603 0.015229 1 
604 0.013788 1 
605 0.017641 1 
606 0.014327 1 
607 0.013855 1 
608 0.012546 1 
609 0.012913 1 
610 0.011351 1 
611 0.014281 1 
612 0.010455 1 
613 0.012867 1 
614 0.010198 1 
615 0.013074 1 
616 0.013574 1 
617 0.018882 1 
618 0.013111 1 
619 0.018029 1 
620 0.011008 1 
621 0.016139 1 
622 0.014542 1 
623 0.016987 1 
624 0.014087 1 
625 0.014630 1 
626 0.012366 1 
627 0.017925 1 
628 0.017688 1 
629 0.018438 1 
630 0.016256 1 
631 0.013761 1 
632 0.015639 1 
633 0.014736 1 
634 0.013767 1 
635 0.011970 1 
636 0.013188 1 
637 0.013382 1 
638 0.012625 1 
639 0.012811 1 
640 0.013791 1 
641 0.011569 1 
642 0.014602 1 
643 0.012602 1 
644 0.014619 1 
645 0.012174 1 
646 0.012210 1 
647 0.011829 1 
648 0.017425 1 
649 0.014957 1 
650 0.018390 1 
651 0.016695 1 
652 0.018269 1 
653 0.013367 1 
654 0.022333 1 
655 0.012634 1 
656 0.019312 1 
657 0.014981 1 
658 0.016027 1 
659 0.013755 1 
660 0.017642 1 
661 0.013884 1 
662 0.014345 1 
663 0.015179 1 
664 0.014003 1 
665 0.014654 1 
666 0.012779 1 
667 0.012796 1 
668 0.014121 1 
669 0.012986 1 
670 0.012395 1 
671 0.014262 1 
672 0.012820 1 
673 0.014824 1 
674 0.013056 1 
675 0.011343 1 
676 0.011622 1 
677 0.013236 1 
678 0.018190 1 
679 0.018521 1 
680 0.019504 1 
681 0.016951 1 
682 0.016958 1 
683 0.017682 1 
684 0.012539 1 
685 0.018524 1 
686 0.015499 1 
687 0.024287 1 
688 0.018205 1 
689 0.014857 1 
690 0.013734 1 
691 0.016158 1 
692 0.011608 1 
693 0.017255 1 
694 0.014602 1 
695 0.013558 1 
696 0.011539 1 
697 0.013331 1 
698 0.012236 1 
699 0.012329 1 
700 0.013227 1 
701 0.011398 1 
702 0.013662 1 
703 0.012330 1 
704 0.018019 1 
705 0.023539 1 
706 0.011737 1 
707 0.017226 1 
708 0.012712 1 
709 0.010427 1 
710 0.018022 1 
711 0.017509 1 
712 0.023805 1 
713 0.014164 1 
714 0.017249 1 
715 0.016781 1 
716 0.020082 1 
717 0.015833 1 
718 0.015649 1 
719 0.014665 1 
720 0.013678 1 
721 0.015822 1 
722 0.015472 1 
723 0.012210 1 
724 0.014012 1 
725 0.015209 1 
726 0.013188 1 
727 0.013618 1 
728 0.012123 1 
729 0.013548 1 
730 0.012498 1 
731 0.013375 1 
732 0.011376 1 
733 0.012453 1 
734 0.012740 1 
735 0.013476 1 
736 0.016704 1 
737 0.010876 1 
738 0.015221 1 
739 0.010109 1 
740 0.008409 1 
741 0.015284 1 
742 0.013805 1 
743 0.014748 1 
744 0.013447 1 
745 0.016433 1 
746 0.012748 1 
747 0.017912 1 
748 0.015591 1 
749 0.014440 1 
750 0.015098 1 
751 0.014625 1 
752 0.014110 1 
753 0.015852 1 
754 0.013142 1 
755 0.019583 1 
756 0.013958 1 
757 0.016615 1 
758 0.013436 1 
759 0.011682 1 
760 0.013687 1 
761 0.014392 1 
762 0.015317 1 
763 0.013858 1 
764 0.017051 1 
765 0.013682 1 
766 0.010371 1 
767 0.009018 1 
768 0.010080 1 
769 0.012160 1 
770 0.010290 1 
771 0.034916 1 
772 0.018672 1 
773 0.011988 1 
774 0.012172 1 
775 0.012249 1 
776 0.010278 1 
777 0.020277 1 
778 0.016029 1 
779 0.014994 1 
780 0.014088 1 
781 0.007564 1 
782 0.013020 1 
783 0.008563 1 
784 0.008120 1 
785 0.017702 1 
786 0.011101 1 
787 0.008086 1 
788 0.012104 1 
789 0.011280 1 
790 0.010430 1 
791 0.011886 1 
792 0.011739 1 
793 0.015431 1 
794 0.015839 1 
795 0.014383 1 
796 0.012795 1 
797 0.018005 1 
798 0.013563 1 
799 0.013370 1 
800 0.011688 1 
801 0.013871 1 
802 0.011249 1 
803 0.018394 1 
804 0.009035 1 
805 0.012489 1 
806 0.009540 1 
807 0.009042 1 
808 0.009078 1 
809 0.008650 1 
810 0.010541 1 
811 0.008502 1 
812 0.009957 1 
813 0.011711 1 
814 0.011600 1 
815 0.011091 1 
816 0.011349 1 
817 0.010550 1 
818 0.011529 1 
819 0.008588 1 
820 0.007629 1 
821 0.008360 1 
822 0.014205 1 
823 0.007818 1 
824 0.023526 1 
825 0.012055 1 
826 0.017810 1 
827 0.016303 1 
828 0.017541 1 
829 0.015190 1 
830 0.016502 1 
831 0.014548 1 
832 0.018036 1 
833 0.012674 1 
834 0.016685 1 
835 0.015573 1 
836 0.016629 1 
837 0.014121 1 
838 0.013444 1 
839 0.015567 1 
840 0.018507 1 
841 0.016299 1 
842 0.013023 1 
843 0.012804 1 
844 0.012770 1 
845 0.013391 1 
846 0.011736 1 
847 0.018735 1 
848 0.011319 1 
849 0.013535 1 
850 0.011666 1 
851 0.012206 1 
852 0.012211 1 
853 0.017054 1 
854 0.014205 1 
855 0.009307 1 
856 0.014937 1 
857 0.014506 1 
858 0.014254 1 
859 0.014845 1 
860 0.017880 1 
861 0.012987 1 
862 0.016999 1 
863 0.016908 1 
864 0.016879 1 
865 0.021695 1 
866 0.017879 1 
867 0.016444 1 
868 0.014340 1 
869 0.014307 1 
870 0.015818 1 
871 0.013338 1 
872 0.013070 1 
873 0.012292 1 
874 0.014930 1 
875 0.014190 1 
876 0.016361 1 
877 0.015512 1 
878 0.014593 1 
879 0.014452 1 
880 0.014137 1 
881 0.012569 1 
882 0.019144 1 
883 0.012508 1 
884 0.018524 1 
885 0.012645 1 
886 0.013966 1 
887 0.018007 1 
888 0.016669 1 
889 0.015428 1 
890 0.015374 1 
891 0.015009 1 
892 0.015901 1 
893 0.017141 1 
894 0.012947 1 
895 0.019760 1 
896 0.020756 1 
897 0.018634 1 
898 0.018181 1 
899 0.017850 1 
900 0.016959 1 
901 0.017190 1 
902 0.015581 1 
903 0.015412 1 
904 0.015099 1 
905 0.013562 1 
906 0.016581 1 
907 0.015996 1 
908 0.013180 1 
909 0.016175 1 
910 0.014796 1 
911 0.014507 1 
912 0.014301 1 
913 0.014751 1 
914 0.015083 1 
915 0.018742 1 
916 0.012005 1 
917 0.013109 1 
918 0.014310 1 
919 0.013341 1 
920 0.012718 1 
921 0.017251 1 
922 0.014738 1 
923 0.015490 1 
924 0.009215 1 
925 0.010686 1 
926 0.010678 1 
927 0.011150 1 
928 0.010946 1 
929 0.010767 1 
930 0.012207 1 
931 0.010724 1 
932 0.011992 1 
933 0.009933 1 
934 0.015777 1 
935 0.015352 1 
936 0.008977 1 
937 0.009489 1 
938 0.008660 1 
939 0.009418 1 
940 0.015335 1 
941 0.008978 1 
942 0.012103 1 
943 0.019117 1 
944 0.011122 1 
945 0.011638 1 
946 0.011369 1 
947 0.012074 1 
948 0.009454 1 
949 0.011348 1 
950 0.011893 1 
951 0.012447 1 
952 0.016058 1 
953 0.016225 1 
954 0.013975 1 
955 0.014436 1 
956 0.012322 1 
957 0.020672 1 
958 0.019217 1 
959 0.031075 1 
960 0.022475 1 
961 0.019901 1 
962 0.014444 1 
963 0.013570 1 
964 0.022722 1 
965 0.023912 1 
966 0.019868 1 
967 0.027154 1 
968 0.017045 1 
969 0.016640 1 
970 0.015311 1 
971 0.018160 1 
972 0.014440 1 
973 0.015045 1 
974 0.018312 1 
975 0.013492 1 
976 0.013611 1 
977 0.013362 1 
978 0.014747 1 
979 0.012759 1 
980 0.014357 1 
981 0.013956 1 
982 0.013740 1 
983 0.013479 1 
984 0.013342 1 
985 0.013575 1 
986 0.014497 1 
987 0.017473 1 
988 0.015991 1 
989 0.010760 1 
990 0.014886 1 
991 0.014417 1 
992 0.014251 1 
993 0.010292 1 
994 0.010463 1 
995 0.014601 1 
996 0.015333 1 
997 0.013235 1 
998 0.024714 1 
999 0.013639 1 
1000 0.014558 1 
1001 0.012083 1 
1002 0.013570 1 
1003 0.015907 1 
1004 0.009612 1 
1005 0.009556 1 
1006 0.016917 1 
1007 0.017769 1 
1008 0.010293 1 
1009 0.024368 1 
1010 0.010262 1 
1011 0.015434 1 
1012 0.009523 1 
1013 0.008968 1 
1014 0.012593 1 
1015 0.012250 1 
1016 0.012965 1 
1017 0.015671 1 
1018 0.010064 1 
1019 0.016855 1 
1020 0.013661 1 
1021 0.017703 1 
1022 0.013112 1 
1023 0.013014 1 
1024 0.015128 1 
1025 0.012616 1 
1026 0.012429 1 
1027 0.012140 1 
1028 0.012885 1 
1029 0.011431 1 
1030 0.011961 1 
1031 0.010876 1 
1032 0.010988 1 
1033 0.010599 1 
1034 0.016003 1 
1035 0.010785 1 
1036 0.011374 1 
1037 0.010524 1 
1038 0.009351 1 
1039 0.009068 1 
1040 0.015837 1 
1041 0.017437 1 
1042 0.009856 1 
1043 0.010434 1 
1044 0.009567 1 
1045 0.012892 1 
1046 0.011632 1 
1047 0.017582 1 
1048 0.010169 1 
1049 0.011744 1 
1050 0.011364 1 
1051 0.009554 1 
1052 0.010761 1 
1053 0.014818 1 
1054 0.010224 1 
1055 0.009796 1 
1056 0.008786 1 
1057 0.008939 1 
1058 0.008183 1 
1059 0.008973 1 
1060 0.009160 1 
1061 0.011955 1 
1062 0.012829 1 
1063 0.008111 1 
1064 0.011177 1 
1065 0.010734 1 
1066 0.011313 1 
1067 0.018129 1 
1068 0.019324 1 
1069 0.016177 1 
1070 0.014779 1 
1071 0.014714 1 
1072 0.010556 1 
1073 0.009531 1 
1074 0.015630 1 
1075 0.008817 1 
1076 0.009932 1 
1077 0.013173 1 
1078 0.015322 1 
1079 0.012260 1 
1080 0.013237 1 
1081 0.011653 1 
1082 0.009422 1 
1083 0.010072 1 
1084 0.016319 1 
1085 0.009592 1 
1086 0.010139 1 
1087 0.009552 1 
1088 0.009171 1 
1089 0.009851 1 
1090 0.009221 1 
1091 0.011168 1 
1092 0.009011 1 
1093 0.009294 1 
1094 0.016347 1 
1095 0.010064 1 
1096 0.008511 1 
1097 0.015047 1 
1098 0.008663 1 
1099 0.014396 1 
1100 0.009610 1 
1101 0.017976 1 
1102 0.016332 1 
1103 0.019694 1 
1104 0.018620 1 
1105 0.011400 1 
1106 0.012195 1 
1107 0.010583 1 
1108 0.010545 1 
1109 0.015970 1 
1110 0.010513 1 
1111 0.009649 1 
1112 0.010034 1 
1113 0.011193 1 
1114 0.015408 1 
1115 0.011168 1 
1116 0.015267 1 
1117 0.014626 1 
1118 0.014786 1 
1119 0.013858 1 
1120 0.013616 1 
1121 0.013750 1 
1122 0.014453 1 
1123 0.013350 1 
1124 0.012223 1 
1125 0.008675 1 
1126 0.011062 1 
1127 0.010502 1 
1128 0.012366 1 
1129 0.009805 1 
1130 0.010092 1 
1131 0.008612 1 
1132 0.010539 1 
1133 0.011082 1 
1134 0.016917 1 
1135 0.015205 1 
1136 0.015356 1 
1137 0.014696 1 
1138 0.015286 1 
1139 0.013984 1 
1140 0.017957 1 
1141 0.013686 1 
1142 0.023799 1 
1143 0.015563 1 
1144 0.008319 1 
1145 0.011758 1 
1146 0.011698 1 
1147 0.012388 1 
1148 0.011775 1 
1149 0.011045 1 
1150 0.010705 1 
1151 0.010067 1 
1152 0.010346 1 
1153 0.009829 1 
1154 0.009694 1 
1155 0.010603 1 
1156 0.010833 1 
1157 0.010873 1 
1158 0.009084 1 
1159 0.013343 1 
1160 0.012293 1 
1161 0.011834 1 
1162 0.014733 1 
1163 0.013683 1 
1164 0.013401 1 
1165 0.013014 1 
1166 0.010282 1 
1167 0.012861 1 
1168 0.012926 1 
1169 0.008672 1 
1170 0.011430 1 
1171 0.010628 1 
1172 0.010161 1 
1173 0.018683 1 
1174 0.012831 1 
1175 0.012432 1 
1176 0.017064 1 
1177 0.011757 1 
1178 0.016200 1 
1179 0.013194 1 
1180 0.015528 1 
1181 0.010441 1 
1182 0.014522 1 
1183 0.014860 1 
1184 0.017982 1 
1185 0.013196 1 
1186 0.021470 1 
1187 0.013547 1 
1188 0.013969 1 
1189 0.021008 1 
1190 0.017299 1 
1191 0.015612 1 
1192 0.018312 1 
1193 0.011261 1 
1194 0.018553 1 
1195 0.016278 1 
1196 0.015693 1 
1197 0.015577 1 
1198 0.015581 1 
1199 0.016495 1 
1200 0.014920 1 
1201 0.014527 1 
1202 0.015344 1 
1203 0.016766 1 
1204 0.013696 1 
1205 0.013478 1 
1206 0.012152 1 
1207 0.011768 1 
1208 0.010404 1 
1209 0.015394 1 
1210 0.009462 1 
1211 0.009259 1 
1212 0.008989 1 
1213 0.010800 1 
1214 0.009886 1 
1215 0.022858 1 
1216 0.014997 1 
1217 0.008859 1 
1218 0.008063 1 
1219 0.009469 1 
1220 0.007442 1 
1221 0.007974 1 
1222 0.011813 1 
1223 0.010773 1 
1224 0.011482 1 
1225 0.010740 1 
1226 0.009876 1 
1227 0.011061 1 
1228 0.010519 1 
1229 0.010278 1 
1230 0.012035 1 
1231 0.013378 1 
1232 0.012223 1 
1233 0.008122 1 
1234 0.012377 1 
1235 0.012967 1 
1236 0.013996 1 
1237 0.012440 1 
1238 0.010416 1 
1239 0.011201 1 
1240 0.012235 1 
1241 0.011502 1 
1242 0.010642 1 
1243 0.009883 1 
1244 0.009998 1 
1245 0.009334 1 
1246 0.009200 1 
1247 0.009051 1 
1248 0.009232 1 
1249 0.009787 1 
1250 0.009336 1 
1251 0.008650 1 
1252 0.011114 1 
1253 0.011514 1 
1254 0.016985 1 
1255 0.012723 1 
1256 0.010303 1 
1257 0.008303 1 
1258 0.010307 1 
1259 0.015727 1 
1260 0.009303 1 
1261 0.010466 1 
1262 0.011165 1 
1263 0.026606 1 
1264 0.010519 1 
1265 0.019191 1 
1266 0.007978 1 
1267 0.014172 1 
1268 0.014058 1 
1269 0.008085 1 
1270 0.007536 1 
1271 0.007288 1 
1272 0.011016 1 
1273 0.009452 1 
1274 0.009876 1 
1275 0.013448 1 
1276 0.007898 1 
1277 0.009085 1 
1278 0.008631 1 
1279 0.007835 1 
1280 0.007871 1 
1281 0.008494 1 
1282 0.008209 1 
1283 0.007952 1 
1284 0.018576 1 
1285 0.011262 1 
1286 0.012191 1 
1287 0.018224 1 
1288 0.010065 1 
1289 0.010439 1 
1290 0.009299 1 
1291 0.010884 1 
1292 0.009665 1 
1293 0.008858 1 
1294 0.009264 1 
1295 0.014440 1 
1296 0.008987 1 
1297 0.012292 1 
1298 0.013428 1 
1299 0.014370 1 
1300 0.013481 1 
1301 0.013830 1 
1302 0.012310 1 
1303 0.011497 1 
1304 0.011876 1 
1305 0.012535 1 
1306 0.011363 1 
1307 0.010469 1 
1308 0.010538 1 
1309 0.009157 1 
1310 0.010100 1 
1311 0.009556 1 
1312 0.017294 1 
1313 0.010242 1 
1314 0.008944 1 
1315 0.008933 1 
1316 0.011109 1 
1317 0.014952 1 
1318 0.012076 1 
1319 0.012759 1 
1320 0.014568 1 
1321 0.014724 1 
1322 0.014623 1 
1323 0.014187 1 
1324 0.012968 1 
1325 0.012825 1 
1326 0.015498 1 
1327 0.019287 1 
1328 0.025321 1 
1329 0.015285 1 
1330 0.018863 1 
1331 0.014216 1 
1332 0.013430 1 
1333 0.016046 1 
1334 0.016290 1 
1335 0.014996 1 
1336 0.018067 1 
1337 0.014403 1 
1338 0.013628 1 
1339 0.013466 1 
1340 0.013469 1 
1341 0.014298 1 
1342 0.012931 1 
1343 0.014838 1 
1344 0.015622 1 
1345 0.015236 1 
1346 0.010296 1 
1347 0.013036 1 
1348 0.013356 1 
1349 0.014153 1 
1350 0.013435 1 
1351 0.014000 1 
1352 0.012717 1 
1353 0.021116 1 
1354 0.012083 1 
1355 0.013146 1 
1356 0.011541 1 
1357 0.016876 1 
1358 0.016243 1 
1359 0.014848 1 
1360 0.012516 1 
1361 0.014534 1 
1362 0.013427 1 
1363 0.015134 1 
1364 0.016145 1 
1365 0.016987 1 
1366 0.018332 1 
1367 0.018534 1 
1368 0.017740 1 
1369 0.018706 1 
1370 0.014898 1 
1371 0.016109 1 
1372 0.017808 1 
1373 0.015096 1 
1374 0.018749 1 
1375 0.014259 1 
1376 0.014319 1 
1377 0.013415 1 
1378 0.015779 1 
1379 0.012654 1 
1380 0.008500 1 
1381 0.013756 1 
1382 0.012806 1 
1383 0.014057 1 
1384 0.015375 1 
1385 0.014821 1 
1386 0.008908 1 
1387 0.011100 1 
1388 0.009985 1 
1389 0.011308 1 
1390 0.010333 1 
1391 0.012278 1 
1392 0.010711 1 
1393 0.012445 1 
1394 0.008926 1 
1395 0.009491 1 
1396 0.008686 1 
1397 0.011288 1 
1398 0.009813 1 
1399 0.011317 1 
1400 0.008534 1 
1401 0.016239 1 
1402 0.011508 1 
1403 0.015203 1 
1404 0.011618 1 
1405 0.009538 1 
1406 0.018377 1 
1407 0.010827 1 
1408 0.013873 1 
1409 0.014354 1 
1410 0.015669 1 
1411 0.012841 1 
1412 0.012187 1 
1413 0.017630 1 
1414 0.017394 1 
1415 0.010557 1 
1416 0.016676 1 
1417 0.016159 1 
1418 0.016795 1 
1419 0.013005 1 
1420 0.015259 1 
1421 0.013889 1 
1422 0.014800 1 
1423 0.014336 1 
1424 0.013679 1 
1425 0.017654 1 
1426 0.013038 1 
1427 0.014946 1 
1428 0.014377 1 
1429 0.015066 1 
1430 0.014267 1 
1431 0.013271 1 
1432 0.014130 1 
1433 0.012714 1 
1434 0.020131 1 
1435 0.016502 1 
1436 0.014895 1 
1437 0.014460 1 
1438 0.013602 1 
1439 0.013788 1 
1440 0.016917 1 
1441 0.012777 1 
1442 0.022902 1 
1443 0.015968 1 
1444 0.011557 1 
1445 0.012147 1 
1446 0.013443 1 
1447 0.019309 1 
1448 0.013239 1 
1449 0.013986 1 
1450 0.013617 1 
1451 0.012756 1 
1452 0.012334 1 
1453 0.017526 1 
1454 0.017535 1 
1455 0.017363 1 
1456 0.017164 1 
1457 0.016186 1 
1458 0.016277 1 
1459 0.018224 1 
1460 0.014897 1 
1461 0.015820 1 
1462 0.014098 1 
1463 0.015018 1 
1464 0.012431 1 
1465 0.015736 1 
1466 0.015365 1 
1467 0.018152 1 
1468 0.014481 1 
1469 0.015784 1 
1470 0.013113 1 
1471 0.012625 1 
1472 0.010895 1 
1473 0.012774 1 
1474 0.013924 1 
1475 0.012530 1 
1476 0.013564 1 
1477 0.013329 1 
1478 0.016064 1 
1479 0.014233 1 
1480 0.014132 1 
1481 0.013691 1 
1482 0.013442 1 
1483 0.013407 1 
1484 0.013728 1 
1485 0.014044 1 
1486 0.014003 1 
1487 0.012075 1 
1488 0.019132 1 
1489 0.013777 1 
1490 0.014085 1 
1491 0.018055 1 
1492 0.016932 1 
1493 0.016079 1 
1494 0.020916 1 
1495 0.015167 1 
1496 0.020394 1 
1497 0.014936 1 
1498 0.014203 1 
1499 0.018230 1 
1500 0.015963 1 
1501 0.009467 1 
1502 0.010674 1 
1503 0.011140 1 
1504 0.011034 1 
1505 0.009392 1 
1506 0.009030 1 
1507 0.012408 1 
1508 0.013432 1 
1509 0.029734 1 
1510 0.013772 1 
1511 0.016025 1 
1512 0.012359 1 
1513 0.011192 1 
1514 0.017273 1 
1515 0.010559 1 
1516 0.009760 1 
1517 0.011392 1 
1518 0.008921 1 
1519 0.009012 1 
1520 0.012856 1 
1521 0.009982 1 
1522 0.013154 1 
1523 0.011723 1 
1524 0.013064 1 
1525 0.012063 1 
1526 0.013020 1 
1527 0.010853 1 
1528 0.015861 1 
1529 0.016417 1 
1530 0.015632 1 
1531 0.013996 1 
1532 0.013707 1 
1533 0.013253 1 
1534 0.016419 1 
1535 0.014550 1 
1536 0.018485 1 
1537 0.022184 1 
1538 0.017747 1 
1539 0.017981 1 
1540 0.020821 1 
1541 0.017233 1 
1542 0.011111 1 
1543 0.015397 1 
1544 0.019749 1 
1545 0.014310 1 
1546 0.017722 1 
1547 0.015557 1 
1548 0.013931 1 
1549 0.014895 1 
1550 0.013179 1 
1551 0.013058 1 
1552 0.013224 1 
1553 0.017870 1 
1554 0.017309 1 
1555 0.016951 1 
1556 0.016475 1 
1557 0.017618 1 
1558 0.015491 1 
1559 0.019156 1 
1560 0.012053 1 
1561 0.012895 1 
1562 0.014036 1 
1563 0.012625 1 
1564 0.012950 1 
1565 0.014228 1 
1566 0.011565 1 
1567 0.017162 1 
1568 0.017709 1 
1569 0.018816 1 
1570 0.015204 1 
1571 0.021780 1 
1572 0.019731 1 
1573 0.013579 1 
1574 0.015237 1 
1575 0.025417 1 
1576 0.018656 1 
1577 0.013003 1 
1578 0.012518 1 
1579 0.019551 1 
1580 0.018897 1 
1581 0.013185 1 
1582 0.016171 1 
1583 0.015341 1 
1584 0.015556 1 
1585 0.014766 1 
1586 0.014801 1 
1587 0.014416 1 
1588 0.014293 1 
1589 0.014442 1 
1590 0.012849 1 
1591 0.012668 1 
1592 0.015443 1 
1593 0.016578 1 
1594 0.015708 1 
1595 0.015909 1 
1596 0.016821 1 
1597 0.013706 1 
1598 0.013884 1 
1599 0.015435 1 
1600 0.014968 1 
1601 0.013573 1 
1602 0.012590 1 
1603 0.019771 1 
1604 0.013958 1 
1605 0.012785 1 
1606 0.011042 1 
1607 0.011736 1 
1608 0.011254 1 
1609 0.012229 1 
1610 0.015167 1 
1611 0.012131 1 
1612 0.014603 1 
1613 0.014189 1 
1614 0.013867 1 
1615 0.018283 1 
1616 0.018151 1 
1617 0.011946 1 
1618 0.017327 1 
1619 0.017824 1 
1620 0.011143 1 
1621 0.010834 1 
1622 0.011067 1 
1623 0.014692 1 
1624 0.015369 1 
1625 0.014705 1 
1626 0.014387 1 
1627 0.014055 1 
1628 0.018148 1 
1629 0.014344 1 
1630 0.018523 1 
1631 0.013787 1 
1632 0.014000 1 
1633 0.013894 1 
1634 0.014441 1 
1635 0.016209 1 
1636 0.014691 1 
1637 0.012021 1 
1638 0.014261 1 
1639 0.013635 1 
1640 0.015342 1 
1641 0.013507 1 
1642 0.015152 1 
1643 0.014678 1 
1644 0.012533 1 
1645 0.013546 1 
1646 0.015094 1 
1647 0.011675 1 
1648 0.011806 1 
1649 0.011912 1 
1650 0.011476 1 
1651 0.011694 1 
1652 0.019321 1 
1653 0.015088 1 
1654 0.010575 1 
1655 0.009683 1 
1656 0.016275 1 
1657 0.018744 1 
1658 0.023816 1 
1659 0.015195 1 
1660 0.016371 1 
1661 0.018444 1 
1662 0.016851 1 
1663 0.015839 1 
1664 0.016038 1 
1665 0.015113 1 
1666 0.015779 1 
1667 0.017914 1 
1668 0.014219 1 
1669 0.017648 1 
1670 0.014236 1 
1671 0.014561 1 
1672 0.016642 1 
1673 0.016577 1 
1674 0.013048 1 
1675 0.015397 1 
1676 0.014914 1 
1677 0.017513 1 
1678 0.014698 1 
1679 0.014019 1 
1680 0.016815 1 
1681 0.013214 1 
1682 0.011996 1 
1683 0.011916 1 
1684 0.011236 1 
1685 0.013378 1 
1686 0.010416 1 
1687 0.009931 1 
1688 0.009602 1 
1689 0.009637 1 
1690 0.012393 1 
1691 0.011690 1 
1692 0.011481 1 
1693 0.009882 1 
1694 0.009888 1 
1695 0.009797 1 
1696 0.009332 1 
1697 0.008881 1 
1698 0.009220 1 
1699 0.011545 1 
1700 0.011470 1 
1701 0.008354 1 
1702 0.008104 1 
1703 0.010455 1 
1704 0.008695 1 
1705 0.013638 1 
1706 0.008755 1 
1707 0.008154 1 
1708 0.012766 1 
1709 0.013290 1 
1710 0.010403 1 
1711 0.012032 1 
1712 0.017672 1 
1713 0.016638 1 
1714 0.014162 1 
1715 0.018006 1 
1716 0.013093 1 
1717 0.013386 1 
1718 0.016843 1 
1719 0.015185 1 
1720 0.015456 1 
1721 0.018234 1 
1722 0.014330 1 
1723 0.014243 1 
1724 0.013734 1 
1725 0.014427 1 
1726 0.013729 1 
1727 0.012474 1 
1728 0.013258 1 
1729 0.012173 1 
1730 0.017229 1 
1731 0.013092 1 
1732 0.017063 1 
1733 0.016271 1 
1734 0.023152 1 
1735 0.017276 1 
1736 0.021765 1 
1737 0.016379 1 
1738 0.013985 1 
1739 0.013493 1 
1740 0.018719 1 
1741 0.017441 1 
1742 0.009351 1 
1743 0.012103 1 
1744 0.013356 1 
1745 0.007974 1 
1746 0.008398 1 
1747 0.008635 1 
1748 0.011230 1 
1749 0.015398 1 
1750 0.011740 1 
1751 0.009804 1 
1752 0.021264 1 
1753 0.015159 1 
1754 0.009504 1 
1755 0.014310 1 
1756 0.007735 1 
1757 0.008602 1 
1758 0.008935 1 
1759 0.011983 1 
1760 0.012815 1 
1761 0.013074 1 
1762 0.012315 1 
1763 0.015439 1 
1764 0.011185 1 
1765 0.016185 1 
1766 0.010088 1 
1767 0.011180 1 
1768 0.015190 1 
1769 0.018974 1 
1770 0.009097 1 
1771 0.019364 1 
1772 0.012273 1 
1773 0.018521 1 
1774 0.010222 1 
1775 0.012616 1 
1776 0.012094 1 
1777 0.011233 1 
1778 0.016638 1 
1779 0.009523 1 
1780 0.010934 1 
1781 0.010485 1 
1782 0.010537 1 
1783 0.010542 1 
1784 0.011507 1 
1785 0.009904 1 
1786 0.011946 1 
1787 0.008374 1 
1788 0.008765 1 
1789 0.007985 1 
1790 0.011024 1 
1791 0.012414 1 
1792 0.008797 1 
1793 0.010904 1 
1794 0.010610 1 
1795 0.009866 1 
1796 0.012856 1 
1797 0.014322 1 
1798 0.008710 1 
1799 0.009603 1 
1800 0.014319 1 
1801 0.014564 1 
1802 0.017155 1 
1803 0.016640 1 
1804 0.016371 1 
1805 0.015498 1 
1806 0.016135 1 
1807 0.015389 1 
1808 0.013944 1 
1809 0.014403 1 
1810 0.013888 1 
1811 0.014378 1 
1812 0.015217 1 
1813 0.013441 1 
1814 0.011497 1 
1815 0.018145 1 
1816 0.010093 1 
1817 0.011724 1 
1818 0.012808 1 
1819 0.014883 1 
1820 0.014343 1 
1821 0.015832 1 
1822 0.012532 1 
1823 0.009949 1 
1824 0.011212 1 
