../stream-replay/logs/rtt-6205@128.txt
4 0.150711 0 
5 0.133439 0 
6 0.118570 0 
7 0.103504 0 
8 0.087389 0 
9 0.075194 0 
10 0.059010 0 
11 0.056974 0 
12 0.040222 0 
13 0.024706 0 
14 0.030267 0 
15 0.022484 0 
16 0.016331 0 
17 0.015908 0 
18 0.026398 0 
19 0.010023 0 
20 0.010622 0 
21 0.009442 0 
22 0.007358 0 
23 0.010870 0 
24 0.009778 0 
25 0.027093 0 
26 0.010657 0 
27 0.025640 0 
28 0.017748 0 
29 0.032658 0 
30 0.016753 0 
31 0.020745 0 
32 0.008498 0 
33 0.025420 0 
34 0.016561 0 
35 0.018163 0 
36 0.009289 0 
37 0.022889 0 
38 0.008302 0 
39 0.012240 0 
40 0.015875 0 
41 0.012729 0 
42 0.015281 0 
43 0.021690 0 
44 0.007587 0 
45 0.019626 0 
46 0.016451 0 
47 0.031966 0 
48 0.015915 0 
49 0.020761 0 
50 0.015558 0 
51 0.008099 0 
52 0.012486 0 
53 0.014745 0 
54 0.018535 0 
55 0.010362 0 
56 0.010470 0 
57 0.008762 0 
58 0.015036 0 
59 0.019888 0 
60 0.013276 0 
61 0.016889 0 
62 0.008022 0 
63 0.019281 0 
64 0.010120 0 
65 0.016060 0 
66 0.009720 0 
67 0.017546 0 
68 0.014680 0 
69 0.029480 0 
70 0.026310 0 
71 0.033688 0 
72 0.016944 0 
73 0.022454 0 
74 0.015357 0 
75 0.015739 0 
76 0.031049 0 
77 0.014585 0 
78 0.013892 0 
79 0.020432 0 
80 0.012755 0 
81 0.014423 0 
82 0.031996 0 
83 0.028041 0 
84 0.013473 0 
85 0.021156 0 
86 0.014148 0 
87 0.026415 0 
88 0.017603 0 
89 0.037760 0 
90 0.021520 0 
91 0.016891 0 
92 0.034673 0 
93 0.018002 0 
94 0.015853 0 
95 0.024507 0 
96 0.010849 0 
97 0.015347 0 
98 0.026628 0 
99 0.016996 0 
100 0.021212 0 
101 0.018001 0 
102 0.017535 0 
103 0.043786 0 
104 0.027482 0 
105 0.013114 0 
106 0.032709 0 
107 0.033137 0 
108 0.042621 0 
109 0.026279 0 
110 0.022183 0 
111 0.013469 0 
112 0.011268 0 
113 0.013266 0 
114 0.018769 0 
115 0.018514 0 
116 0.024142 0 
117 0.010756 0 
118 0.016260 0 
119 0.032752 0 
120 0.029568 0 
121 0.020434 0 
122 0.014866 0 
123 0.017176 0 
124 0.021823 0 
125 0.023519 0 
126 0.025110 0 
127 0.012930 0 
128 0.020082 0 
129 0.027439 0 
130 0.020777 0 
131 0.021950 0 
132 0.017005 0 
133 0.023167 0 
134 0.015672 0 
135 0.015861 0 
136 0.028718 0 
137 0.015380 0 
138 0.036747 0 
139 0.051054 0 
140 0.034534 0 
141 0.022909 0 
142 0.027438 0 
143 0.025559 0 
144 0.041067 0 
145 0.024934 0 
146 0.015841 0 
147 0.011161 0 
148 0.007938 0 
149 0.025464 0 
150 0.012340 0 
151 0.009815 0 
152 0.009989 0 
153 0.022497 0 
154 0.040064 0 
155 0.023648 0 
156 0.032713 0 
157 0.021022 0 
158 0.011740 0 
159 0.008782 0 
160 0.028066 0 
161 0.011902 0 
162 0.023422 0 
163 0.025940 0 
164 0.016392 0 
165 0.031467 0 
166 0.015148 0 
167 0.012463 0 
168 0.013255 0 
169 0.032027 0 
170 0.015700 0 
171 0.013742 0 
172 0.021223 0 
173 0.023222 0 
174 0.014208 0 
175 0.015231 0 
176 0.016588 0 
177 0.017256 0 
178 0.011813 0 
179 0.042716 0 
180 0.047232 0 
181 0.030730 0 
182 0.024768 0 
183 0.020441 0 
184 0.027258 0 
185 0.016344 0 
186 0.013854 0 
187 0.014338 0 
188 0.019897 0 
189 0.047283 0 
190 0.030884 0 
191 0.029822 0 
192 0.014101 0 
193 0.025585 0 
194 0.009226 0 
195 0.013692 0 
196 0.016933 0 
197 0.020773 0 
198 0.018763 0 
199 0.043679 0 
200 0.026977 0 
201 0.034788 0 
202 0.018692 0 
203 0.014158 0 
204 0.006677 0 
205 0.028638 0 
206 0.020981 0 
207 0.010185 0 
208 0.016268 0 
209 0.019188 0 
210 0.024036 0 
211 0.015094 0 
212 0.010086 0 
213 0.012032 0 
214 0.011874 0 
215 0.015393 0 
216 0.018280 0 
217 0.022171 0 
218 0.015900 0 
219 0.027672 0 
220 0.014102 0 
221 0.022915 0 
222 0.030195 0 
223 0.013983 0 
224 0.010962 0 
225 0.053822 0 
226 0.037471 0 
227 0.020991 0 
228 0.022853 0 
229 0.029375 0 
230 0.016888 0 
231 0.013609 0 
232 0.014481 0 
233 0.011493 0 
234 0.018293 0 
235 0.018780 0 
236 0.024791 0 
237 0.017341 0 
238 0.024899 0 
239 0.044163 0 
240 0.027697 0 
241 0.015415 0 
242 0.013593 0 
243 0.012805 0 
244 0.013974 0 
245 0.026374 0 
246 0.012692 0 
247 0.016617 0 
248 0.022891 0 
249 0.018417 0 
250 0.035655 0 
251 0.023896 0 
252 0.036640 0 
253 0.020048 0 
254 0.016274 0 
255 0.014672 0 
256 0.022238 0 
257 0.017008 0 
258 0.042174 0 
259 0.026049 0 
260 0.020492 0 
261 0.029933 0 
262 0.013317 0 
263 0.031035 0 
264 0.026292 0 
265 0.015919 0 
266 0.023896 0 
267 0.023775 0 
268 0.026643 0 
269 0.021237 0 
270 0.017364 0 
271 0.012698 0 
272 0.012306 0 
273 0.011558 0 
274 0.018145 0 
275 0.014882 0 
276 0.018266 0 
277 0.018589 0 
278 0.025377 0 
279 0.016173 0 
280 0.013439 0 
281 0.032336 0 
282 0.015787 0 
283 0.024477 0 
284 0.024562 0 
285 0.021014 0 
286 0.020008 0 
287 0.011561 0 
288 0.020253 0 
289 0.019751 0 
290 0.014535 0 
291 0.012664 0 
292 0.017805 0 
293 0.023723 0 
294 0.016800 0 
295 0.015578 0 
296 0.018391 0 
297 0.014406 0 
298 0.020309 0 
299 0.021806 0 
300 0.025461 0 
301 0.013837 0 
302 0.011064 0 
303 0.011489 0 
304 0.012363 0 
305 0.014533 0 
306 0.021342 0 
307 0.036105 0 
308 0.024205 0 
309 0.022210 0 
310 0.014859 0 
311 0.020851 0 
312 0.012459 0 
313 0.019000 0 
314 0.013732 0 
315 0.014276 0 
316 0.012909 0 
317 0.019315 0 
318 0.018757 0 
319 0.013141 0 
320 0.043071 0 
321 0.026723 0 
322 0.051519 0 
323 0.035317 0 
324 0.040964 0 
325 0.024244 0 
326 0.011215 0 
327 0.014938 0 
328 0.012618 0 
329 0.013132 0 
330 0.016023 0 
331 0.016812 0 
332 0.011526 0 
333 0.024992 0 
334 0.025559 0 
335 0.038550 0 
336 0.022024 0 
337 0.022853 0 
338 0.032511 0 
339 0.015608 0 
340 0.029140 0 
341 0.012511 0 
342 0.020210 0 
343 0.017684 0 
344 0.020528 0 
345 0.025098 0 
346 0.012272 0 
347 0.017730 0 
348 0.023796 0 
349 0.015526 0 
350 0.010325 0 
351 0.022833 0 
352 0.017610 0 
353 0.018835 0 
354 0.015946 0 
355 0.032446 0 
356 0.015767 0 
357 0.025239 0 
358 0.008842 0 
359 0.014708 0 
360 0.015124 0 
361 0.027240 0 
362 0.011971 0 
363 0.030785 0 
364 0.014748 0 
365 0.018073 0 
366 0.010641 0 
367 0.011674 0 
368 0.019077 0 
369 0.015550 0 
370 0.011652 0 
371 0.015483 0 
372 0.008831 0 
373 0.009240 0 
374 0.017506 0 
375 0.026356 0 
376 0.012612 0 
377 0.015652 0 
378 0.018559 0 
379 0.023321 0 
380 0.016982 0 
381 0.011762 0 
382 0.018074 0 
383 0.015523 0 
384 0.016132 0 
385 0.039471 0 
386 0.023325 0 
387 0.020912 0 
388 0.026055 0 
389 0.018164 0 
390 0.010387 0 
391 0.011531 0 
392 0.041554 0 
393 0.024785 0 
394 0.019476 0 
395 0.022337 0 
396 0.020329 0 
397 0.011669 0 
398 0.012337 0 
399 0.014169 0 
400 0.015521 0 
401 0.011963 0 
402 0.015261 0 
403 0.030532 0 
404 0.013961 0 
405 0.025205 0 
406 0.014387 0 
407 0.008467 0 
408 0.018579 0 
409 0.029363 0 
410 0.016244 0 
411 0.018206 0 
412 0.011302 0 
413 0.015000 0 
414 0.013888 0 
415 0.044729 0 
416 0.028236 0 
417 0.020920 0 
418 0.020261 0 
419 0.022304 0 
420 0.012441 0 
421 0.021615 0 
422 0.016140 0 
423 0.014201 0 
424 0.011342 0 
425 0.045835 0 
426 0.029637 0 
427 0.013032 0 
428 0.022489 0 
429 0.023550 0 
430 0.018489 0 
431 0.024063 0 
432 0.011995 0 
433 0.046449 0 
434 0.030096 0 
435 0.015646 0 
436 0.014234 0 
437 0.013841 0 
438 0.019181 0 
439 0.029469 0 
440 0.017532 0 
441 0.023664 0 
442 0.015611 0 
443 0.018380 0 
444 0.026055 0 
445 0.026619 0 
446 0.014562 0 
447 0.040095 0 
448 0.024006 0 
449 0.036328 0 
450 0.020248 0 
451 0.012539 0 
452 0.036357 0 
453 0.019874 0 
454 0.014972 0 
455 0.013015 0 
456 0.010131 0 
457 0.039577 0 
458 0.022752 0 
459 0.033547 0 
460 0.023439 0 
461 0.021375 0 
462 0.023749 0 
463 0.021696 0 
464 0.011124 0 
465 0.021220 0 
466 0.019716 0 
467 0.029110 0 
468 0.018130 0 
469 0.016794 0 
470 0.017379 0 
471 0.027442 0 
472 0.021755 0 
473 0.018291 0 
474 0.036441 0 
475 0.019983 0 
476 0.029815 0 
477 0.049908 0 
478 0.033651 0 
479 0.037905 0 
480 0.021195 0 
481 0.034069 0 
482 0.021810 0 
483 0.012323 0 
484 0.010942 0 
485 0.017048 0 
486 0.020472 0 
487 0.020018 0 
488 0.011467 0 
489 0.029064 0 
490 0.021730 0 
491 0.014061 0 
492 0.032312 0 
493 0.016090 0 
494 0.012898 0 
495 0.015478 0 
496 0.040583 0 
497 0.024314 0 
498 0.018682 0 
499 0.017772 0 
500 0.027485 0 
501 0.011151 0 
502 0.016848 0 
503 0.020348 0 
504 0.015173 0 
505 0.018356 0 
506 0.014946 0 
507 0.032991 0 
508 0.016589 0 
509 0.053964 0 
510 0.037569 0 
511 0.020914 0 
512 0.031492 0 
513 0.021936 0 
514 0.016790 0 
515 0.013215 0 
516 0.022303 0 
517 0.018891 0 
518 0.020724 0 
519 0.020494 0 
520 0.014762 0 
521 0.032292 0 
522 0.016025 0 
523 0.017610 0 
524 0.029256 0 
525 0.012739 0 
526 0.023305 0 
527 0.035724 0 
528 0.022727 0 
529 0.022438 0 
530 0.011166 0 
531 0.019235 0 
532 0.032319 0 
533 0.049666 0 
534 0.033097 0 
535 0.024776 0 
536 0.011329 0 
537 0.019839 0 
538 0.015126 0 
539 0.012700 0 
540 0.023540 0 
541 0.013633 0 
542 0.015497 0 
543 0.018649 0 
544 0.014132 0 
545 0.013365 0 
546 0.014355 0 
547 0.021666 0 
548 0.013042 0 
549 0.023843 0 
550 0.028362 0 
551 0.030407 0 
552 0.018856 0 
553 0.013887 0 
554 0.029129 0 
555 0.017914 0 
556 0.018065 0 
557 0.018646 0 
558 0.022614 0 
559 0.012284 0 
560 0.022036 0 
561 0.016883 0 
562 0.017276 0 
563 0.012339 0 
564 0.039945 0 
565 0.024858 0 
566 0.010048 0 
567 0.020010 0 
568 0.024926 0 
569 0.015893 0 
570 0.014876 0 
571 0.014226 0 
572 0.014449 0 
573 0.017965 0 
574 0.018231 0 
575 0.028146 0 
576 0.011593 0 
577 0.013666 0 
578 0.017243 0 
579 0.018632 0 
580 0.011934 0 
581 0.012047 0 
582 0.015520 0 
583 0.026295 0 
584 0.028600 0 
585 0.012188 0 
586 0.033691 0 
587 0.017312 0 
588 0.012961 0 
589 0.022928 0 
590 0.044439 0 
591 0.028126 0 
592 0.020209 0 
593 0.015468 0 
594 0.018704 0 
595 0.013412 0 
596 0.021219 0 
597 0.010775 0 
598 0.021723 0 
599 0.015749 0 
600 0.015972 0 
601 0.018364 0 
602 0.012552 0 
603 0.022561 0 
604 0.013858 0 
605 0.014339 0 
606 0.044641 0 
607 0.028283 0 
608 0.030562 0 
609 0.023843 0 
610 0.024220 0 
611 0.015804 0 
612 0.026976 0 
613 0.020362 0 
614 0.021458 0 
615 0.014655 0 
616 0.016142 0 
617 0.018885 0 
618 0.019295 0 
619 0.018140 0 
620 0.039123 0 
621 0.022489 0 
622 0.020203 0 
623 0.020955 0 
624 0.054545 0 
625 0.038028 0 
626 0.021529 0 
627 0.014914 0 
628 0.013731 0 
629 0.030271 0 
630 0.013287 0 
631 0.012248 0 
632 0.009337 0 
633 0.012565 0 
634 0.010857 0 
635 0.029846 0 
636 0.012999 0 
637 0.024756 0 
638 0.013057 0 
639 0.008930 0 
640 0.018114 0 
641 0.012583 0 
642 0.011877 0 
643 0.008097 0 
644 0.015852 0 
645 0.008001 0 
646 0.017639 0 
647 0.009006 0 
648 0.013480 0 
649 0.010147 0 
650 0.021415 0 
651 0.018737 0 
652 0.038220 0 
653 0.022182 0 
654 0.009974 0 
655 0.012210 0 
656 0.015409 0 
657 0.044666 0 
658 0.028249 0 
659 0.022703 0 
660 0.015121 0 
661 0.017574 0 
662 0.011938 0 
663 0.018933 0 
664 0.020581 0 
665 0.015426 0 
666 0.017759 0 
667 0.012732 0 
668 0.013228 0 
669 0.032460 0 
670 0.015986 0 
671 0.010280 0 
672 0.016195 0 
673 0.018868 0 
674 0.017562 0 
675 0.011948 0 
676 0.020657 0 
677 0.012721 0 
678 0.032563 0 
679 0.016105 0 
680 0.022157 0 
681 0.031839 0 
682 0.023805 0 
683 0.013547 0 
684 0.015271 0 
685 0.017050 0 
686 0.025449 0 
687 0.014541 0 
688 0.012595 0 
689 0.021476 0 
690 0.025114 0 
691 0.014775 0 
692 0.034215 0 
693 0.017706 0 
694 0.023299 0 
695 0.035815 0 
696 0.019310 0 
697 0.024495 0 
698 0.012058 0 
699 0.027111 0 
700 0.014565 0 
701 0.015303 0 
702 0.018995 0 
703 0.010916 0 
704 0.014147 0 
705 0.021040 0 
706 0.017008 0 
707 0.036621 0 
708 0.021080 0 
709 0.010607 0 
710 0.013358 0 
711 0.017095 0 
712 0.032104 0 
713 0.020811 0 
714 0.020040 0 
715 0.021667 0 
716 0.020806 0 
717 0.011598 0 
718 0.016516 0 
719 0.020401 0 
720 0.015048 0 
721 0.013201 0 
722 0.017444 0 
723 0.028776 0 
724 0.043483 0 
725 0.027023 0 
726 0.038319 0 
727 0.025919 0 
728 0.018186 0 
729 0.011252 0 
730 0.013631 0 
731 0.012772 0 
732 0.016103 0 
733 0.025724 0 
734 0.009572 0 
735 0.050172 0 
736 0.033936 0 
737 0.022922 0 
738 0.014573 0 
739 0.019944 0 
740 0.011883 0 
741 0.020604 0 
742 0.017797 0 
743 0.015120 0 
744 0.017098 0 
745 0.019954 0 
746 0.035356 0 
747 0.023280 0 
748 0.012656 0 
749 0.012417 0 
750 0.010504 0 
751 0.015196 0 
752 0.017110 0 
753 0.021110 0 
754 0.018424 0 
755 0.012823 0 
756 0.039366 0 
757 0.023113 0 
758 0.016078 0 
759 0.011530 0 
760 0.030950 0 
761 0.054565 0 
762 0.038444 0 
763 0.022171 0 
764 0.017413 0 
765 0.023503 0 
766 0.018813 0 
767 0.012848 0 
768 0.012500 0 
769 0.015251 0 
770 0.026217 0 
771 0.015844 0 
772 0.027572 0 
773 0.040398 0 
774 0.024065 0 
775 0.023646 0 
776 0.017099 0 
777 0.026018 0 
778 0.026157 0 
779 0.020346 0 
780 0.013366 0 
781 0.021283 0 
782 0.021785 0 
783 0.015996 0 
784 0.021612 0 
785 0.019411 0 
786 0.021923 0 
787 0.019970 0 
788 0.019753 0 
789 0.012574 0 
790 0.014403 0 
791 0.015421 0 
792 0.028613 0 
793 0.015795 0 
794 0.012287 0 
795 0.011843 0 
796 0.022467 0 
797 0.012081 0 
798 0.019613 0 
799 0.015029 0 
800 0.012907 0 
801 0.018392 0 
802 0.016647 0 
803 0.027377 0 
804 0.024149 0 
805 0.037300 0 
806 0.020926 0 
807 0.028602 0 
808 0.018492 0 
809 0.011349 0 
810 0.012028 0 
811 0.020316 0 
812 0.015311 0 
813 0.014791 0 
814 0.017536 0 
815 0.022035 0 
816 0.032843 0 
817 0.016461 0 
818 0.018849 0 
819 0.027771 0 
820 0.011587 0 
821 0.024468 0 
822 0.018163 0 
823 0.022940 0 
824 0.020159 0 
825 0.017325 0 
826 0.029958 0 
827 0.013544 0 
828 0.012960 0 
829 0.022590 0 
830 0.049874 0 
831 0.033636 0 
832 0.029553 0 
833 0.019152 0 
834 0.024096 0 
835 0.022265 0 
836 0.014513 0 
837 0.019279 0 
838 0.016503 0 
839 0.023533 0 
840 0.016966 0 
841 0.034950 0 
842 0.023386 0 
843 0.029917 0 
844 0.022113 0 
845 0.020238 0 
846 0.028998 0 
847 0.024629 0 
848 0.013044 0 
849 0.021666 0 
850 0.011138 0 
851 0.044695 0 
852 0.028405 0 
853 0.016314 0 
854 0.019886 0 
855 0.023378 0 
856 0.025061 0 
857 0.018160 0 
858 0.015555 0 
859 0.020901 0 
860 0.012056 0 
861 0.027045 0 
862 0.020214 0 
863 0.014861 0 
864 0.021444 0 
865 0.014280 0 
866 0.013575 0 
867 0.013868 0 
868 0.016609 0 
869 0.016903 0 
870 0.016379 0 
871 0.013951 0 
872 0.040446 0 
873 0.024242 0 
874 0.015724 0 
875 0.018551 0 
876 0.026037 0 
877 0.011459 0 
878 0.013885 0 
879 0.014742 0 
880 0.011881 0 
881 0.014523 0 
882 0.012868 0 
883 0.021221 0 
884 0.013161 0 
885 0.017649 0 
886 0.016905 0 
887 0.015938 0 
888 0.034971 0 
889 0.019314 0 
890 0.010512 0 
891 0.011919 0 
892 0.016809 0 
893 0.020364 0 
894 0.007378 0 
895 0.018157 0 
896 0.015419 0 
897 0.015419 0 
898 0.014117 0 
899 0.021768 0 
900 0.022141 0 
901 0.011763 0 
902 0.021485 0 
903 0.015542 0 
904 0.021575 0 
905 0.028331 0 
906 0.012060 0 
907 0.016086 0 
908 0.012342 0 
909 0.026222 0 
910 0.013669 0 
911 0.015723 0 
912 0.015955 0 
913 0.013179 0 
914 0.024200 0 
915 0.014542 0 
916 0.015337 0 
917 0.017686 0 
918 0.018848 0 
919 0.037015 0 
920 0.021130 0 
921 0.013428 0 
922 0.012298 0 
923 0.019618 0 
924 0.011014 0 
925 0.033297 0 
926 0.016965 0 
927 0.013388 0 
928 0.020228 0 
929 0.027233 0 
930 0.041965 0 
931 0.025652 0 
932 0.017904 0 
933 0.017283 0 
934 0.027056 0 
935 0.025242 0 
936 0.019296 0 
937 0.032393 0 
938 0.016088 0 
939 0.017545 0 
940 0.033864 0 
941 0.017765 0 
942 0.016054 0 
943 0.015367 0 
944 0.014917 0 
945 0.011979 0 
946 0.024376 0 
947 0.015656 0 
948 0.022028 0 
949 0.012860 0 
950 0.028562 0 
951 0.031841 0 
952 0.015542 0 
953 0.029881 0 
954 0.013467 0 
955 0.016340 0 
956 0.009618 0 
957 0.029855 0 
958 0.013742 0 
959 0.030788 0 
960 0.036563 0 
961 0.020384 0 
962 0.009997 0 
963 0.009154 0 
964 0.015697 0 
965 0.010658 0 
966 0.011109 0 
967 0.015837 0 
968 0.009710 0 
969 0.014985 0 
970 0.007523 0 
971 0.027420 0 
972 0.020521 0 
973 0.006984 0 
974 0.017125 0 
975 0.017864 0 
976 0.020645 0 
977 0.009607 0 
978 0.016014 0 
979 0.013529 0 
980 0.011313 0 
981 0.009035 0 
982 0.011665 0 
983 0.022620 0 
984 0.013459 0 
985 0.042074 0 
986 0.026072 0 
987 0.018032 0 
988 0.017396 0 
989 0.016053 0 
990 0.014031 0 
991 0.017519 0 
992 0.016185 0 
993 0.018313 0 
994 0.024382 0 
995 0.012560 0 
996 0.021063 0 
997 0.016915 0 
998 0.012173 0 
999 0.012135 0 
1000 0.016866 0 
1001 0.017431 0 
1002 0.013997 0 
1003 0.014535 0 
1004 0.026389 0 
1005 0.016324 0 
1006 0.012848 0 
1007 0.015446 0 
1008 0.031142 0 
1009 0.014945 0 
1010 0.018115 0 
1011 0.023765 0 
1012 0.025234 0 
1013 0.024105 0 
1014 0.012151 0 
1015 0.011165 0 
1016 0.020590 0 
1017 0.010364 0 
1018 0.014338 0 
1019 0.039719 0 
1020 0.023512 0 
1021 0.012049 0 
1022 0.018778 0 
1023 0.018287 0 
1024 0.034185 0 
1025 0.027723 0 
1026 0.015625 0 
1027 0.011028 0 
1028 0.023783 0 
1029 0.011705 0 
1030 0.018240 0 
1031 0.036848 0 
1032 0.023774 0 
1033 0.014486 0 
1034 0.026644 0 
1035 0.019916 0 
1036 0.026171 0 
1037 0.016646 0 
1038 0.013779 0 
1039 0.030217 0 
1040 0.013788 0 
1041 0.019637 0 
1042 0.018521 0 
1043 0.019500 0 
1044 0.020813 0 
1045 0.015697 0 
1046 0.012895 0 
1047 0.011977 0 
1048 0.038910 0 
1049 0.022558 0 
1050 0.024717 0 
1051 0.017193 0 
1052 0.010084 0 
1053 0.015913 0 
1054 0.023361 0 
1055 0.041512 0 
1056 0.025389 0 
1057 0.018553 0 
1058 0.014122 0 
1059 0.015809 0 
1060 0.007207 0 
1061 0.019286 0 
1062 0.010784 0 
1063 0.013870 0 
1064 0.014254 0 
1065 0.015682 0 
1066 0.036525 0 
1067 0.020053 0 
1068 0.021354 0 
1069 0.021068 0 
1070 0.016598 0 
1071 0.025932 0 
1072 0.024028 0 
1073 0.014288 0 
1074 0.011639 0 
1075 0.023820 0 
1076 0.014875 0 
1077 0.028573 0 
1078 0.012230 0 
1079 0.012978 0 
1080 0.017121 0 
1081 0.022372 0 
1082 0.014593 0 
1083 0.041251 0 
1084 0.027673 0 
1085 0.024937 0 
1086 0.011625 0 
1087 0.016906 0 
1088 0.029189 0 
1089 0.012664 0 
1090 0.017489 0 
1091 0.012828 0 
1092 0.020664 0 
1093 0.012071 0 
1094 0.015754 0 
1095 0.011204 0 
1096 0.034065 0 
1097 0.017937 0 
1098 0.016077 0 
1099 0.024929 0 
1100 0.017342 0 
1101 0.019229 0 
1102 0.013007 0 
1103 0.018154 0 
1104 0.022556 0 
1105 0.014910 0 
1106 0.018076 0 
1107 0.025814 0 
1108 0.014110 0 
1109 0.012535 0 
1110 0.022649 0 
1111 0.015132 0 
1112 0.022858 0 
1113 0.011101 0 
1114 0.025396 0 
1115 0.019623 0 
1116 0.029980 0 
1117 0.027667 0 
1118 0.011975 0 
1119 0.022502 0 
1120 0.014201 0 
1121 0.014162 0 
1122 0.008671 0 
1123 0.010959 0 
1124 0.010276 0 
1125 0.008633 0 
1126 0.026332 0 
1127 0.010116 0 
1128 0.047902 0 
1129 0.031524 0 
1130 0.017449 0 
1131 0.013407 0 
1132 0.012754 0 
1133 0.018623 0 
1134 0.011357 0 
1135 0.017957 0 
1136 0.013205 0 
1137 0.030568 0 
1138 0.017629 0 
1139 0.009415 0 
1140 0.020253 0 
1141 0.027518 0 
1142 0.030342 0 
1143 0.018986 0 
1144 0.009247 0 
1145 0.022231 0 
1146 0.015317 0 
1147 0.017185 0 
1148 0.024844 0 
1149 0.017141 0 
1150 0.023043 0 
1151 0.010348 0 
1152 0.018581 0 
1153 0.013656 0 
1154 0.018390 0 
1155 0.026855 0 
1156 0.028594 0 
1157 0.011872 0 
1158 0.014300 0 
1159 0.011822 0 
1160 0.017504 0 
1161 0.018085 0 
1162 0.014619 0 
1163 0.012277 0 
1164 0.022256 0 
1165 0.013893 0 
1166 0.016888 0 
1167 0.028414 0 
1168 0.023373 0 
1169 0.021811 0 
1170 0.011402 0 
1171 0.037578 0 
1172 0.021187 0 
1173 0.012083 0 
1174 0.014748 0 
1175 0.019068 0 
1176 0.013740 0 
1177 0.017860 0 
1178 0.019415 0 
1179 0.015199 0 
1180 0.013209 0 
1181 0.022487 0 
1182 0.015380 0 
1183 0.027638 0 
1184 0.018031 0 
1185 0.015542 0 
1186 0.021724 0 
1187 0.022634 0 
1188 0.014290 0 
1189 0.011528 0 
1190 0.022527 0 
1191 0.013499 0 
1192 0.018717 0 
1193 0.044271 0 
1194 0.027936 0 
1195 0.024148 0 
1196 0.011450 0 
1197 0.015780 0 
1198 0.013856 0 
1199 0.026361 0 
1200 0.017926 0 
1201 0.020077 0 
1202 0.013854 0 
1203 0.012066 0 
1204 0.044153 0 
1205 0.048157 0 
1206 0.031722 0 
1207 0.013902 0 
1208 0.010075 0 
1209 0.017356 0 
1210 0.011571 0 
1211 0.013723 0 
1212 0.022613 0 
1213 0.014815 0 
1214 0.022585 0 
1215 0.024010 0 
1216 0.018798 0 
1217 0.024561 0 
1218 0.023796 0 
1219 0.024524 0 
1220 0.026903 0 
1221 0.010588 0 
1222 0.014242 0 
1223 0.012504 0 
1224 0.021871 0 
1225 0.021215 0 
1226 0.028841 0 
1227 0.035186 0 
1228 0.023078 0 
1229 0.012252 0 
1230 0.024663 0 
1231 0.020007 0 
1232 0.027029 0 
1233 0.022872 0 
1234 0.030613 0 
1235 0.021219 0 
1236 0.021621 0 
1237 0.021243 0 
1238 0.018987 0 
1239 0.026071 0 
1240 0.018801 0 
1241 0.014520 0 
1242 0.025185 0 
1243 0.027065 0 
1244 0.014476 0 
1245 0.009584 0 
1246 0.019394 0 
1247 0.014432 0 
1248 0.025926 0 
1249 0.014900 0 
1250 0.013409 0 
1251 0.033874 0 
1252 0.017033 0 
1253 0.014387 0 
1254 0.014990 0 
1255 0.015918 0 
1256 0.039402 0 
1257 0.023004 0 
1258 0.011160 0 
1259 0.011422 0 
1260 0.008836 0 
1261 0.010251 0 
1262 0.019956 0 
1263 0.028109 0 
1264 0.011887 0 
1265 0.025953 0 
1266 0.016128 0 
1267 0.022554 0 
1268 0.033273 0 
1269 0.017015 0 
1270 0.010596 0 
1271 0.016347 0 
1272 0.026690 0 
1273 0.028721 0 
1274 0.029177 0 
1275 0.013103 0 
1276 0.022338 0 
1277 0.018544 0 
1278 0.008366 0 
1279 0.010258 0 
1280 0.015559 0 
1281 0.016263 0 
1282 0.011178 0 
1283 0.013502 0 
1284 0.018020 0 
1285 0.013026 0 
1286 0.027748 0 
1287 0.014613 0 
1288 0.012810 0 
1289 0.025636 0 
1290 0.015756 0 
1291 0.021864 0 
1292 0.010370 0 
1293 0.013883 0 
1294 0.012887 0 
1295 0.012872 0 
1296 0.021219 0 
1297 0.027709 0 
1298 0.019032 0 
1299 0.014598 0 
1300 0.017980 0 
1301 0.017957 0 
1302 0.014067 0 
1303 0.014264 0 
1304 0.019941 0 
1305 0.020788 0 
1306 0.027428 0 
1307 0.039956 0 
1308 0.023760 0 
1309 0.018976 0 
1310 0.008439 0 
1311 0.016319 0 
1312 0.017349 0 
1313 0.021331 0 
1314 0.014027 0 
1315 0.017260 0 
1316 0.019801 0 
1317 0.032739 0 
1318 0.021167 0 
1319 0.015289 0 
1320 0.024821 0 
1321 0.012445 0 
1322 0.034013 0 
1323 0.017678 0 
1324 0.044476 0 
1325 0.027579 0 
1326 0.043689 0 
1327 0.027551 0 
1328 0.015198 0 
1329 0.017223 0 
1330 0.021515 0 
1331 0.012253 0 
1332 0.010632 0 
1333 0.013334 0 
1334 0.021667 0 
1335 0.020975 0 
1336 0.015184 0 
1337 0.048513 0 
1338 0.032222 0 
1339 0.038002 0 
1340 0.021762 0 
1341 0.019648 0 
1342 0.016594 0 
1343 0.022688 0 
1344 0.016205 0 
1345 0.013998 0 
1346 0.011220 0 
1347 0.022334 0 
1348 0.038758 0 
1349 0.026264 0 
1350 0.014013 0 
1351 0.017488 0 
1352 0.020494 0 
1353 0.017382 0 
1354 0.014340 0 
1355 0.014539 0 
1356 0.018265 0 
1357 0.010909 0 
1358 0.012059 0 
1359 0.023808 0 
1360 0.029610 0 
1361 0.034103 0 
1362 0.017969 0 
1363 0.011737 0 
1364 0.009743 0 
1365 0.014473 0 
1366 0.018648 0 
1367 0.014728 0 
1368 0.033039 0 
1369 0.021966 0 
1370 0.021894 0 
1371 0.009142 0 
1372 0.027142 0 
1373 0.010242 0 
1374 0.017495 0 
1375 0.022252 0 
1376 0.019273 0 
1377 0.013488 0 
1378 0.024803 0 
1379 0.034286 0 
1380 0.021805 0 
1381 0.031399 0 
1382 0.015138 0 
1383 0.011699 0 
1384 0.016389 0 
1385 0.017479 0 
1386 0.019140 0 
1387 0.008063 0 
1388 0.012975 0 
1389 0.031184 0 
1390 0.014668 0 
1391 0.014210 0 
1392 0.023301 0 
1393 0.011030 0 
1394 0.014508 0 
1395 0.016567 0 
1396 0.013604 0 
1397 0.022104 0 
1398 0.027171 0 
1399 0.024750 0 
1400 0.011925 0 
1401 0.012849 0 
1402 0.022848 0 
1403 0.023942 0 
1404 0.019864 0 
1405 0.022879 0 
1406 0.015808 0 
1407 0.023587 0 
1408 0.013829 0 
1409 0.023817 0 
1410 0.010307 0 
1411 0.025389 0 
1412 0.015981 0 
1413 0.009449 0 
1414 0.031024 0 
1415 0.018710 0 
1416 0.019085 0 
1417 0.012277 0 
1418 0.015264 0 
1419 0.028240 0 
1420 0.017365 0 
1421 0.013380 0 
1422 0.014960 0 
1423 0.018295 0 
1424 0.016615 0 
1425 0.017879 0 
1426 0.023883 0 
1427 0.010870 0 
1428 0.016528 0 
1429 0.016168 0 
1430 0.012849 0 
1431 0.010077 0 
1432 0.020576 0 
1433 0.012562 0 
1434 0.016450 0 
1435 0.012552 0 
1436 0.013880 0 
1437 0.028950 0 
1438 0.046052 0 
1439 0.029908 0 
1440 0.017189 0 
1441 0.014433 0 
1442 0.023998 0 
1443 0.023286 0 
1444 0.035498 0 
1445 0.023196 0 
1446 0.010139 0 
1447 0.035143 0 
1448 0.018975 0 
1449 0.015201 0 
1450 0.014819 0 
1451 0.014953 0 
1452 0.012902 0 
1453 0.018748 0 
1454 0.020746 0 
1455 0.020901 0 
1456 0.033698 0 
1457 0.022439 0 
1458 0.012543 0 
1459 0.009939 0 
1460 0.014944 0 
1461 0.025018 0 
1462 0.012640 0 
1463 0.013214 0 
1464 0.084543 0 
1465 0.068302 0 
1466 0.052255 0 
1467 0.035743 0 
1468 0.019355 0 
1469 0.029664 0 
1470 0.023612 0 
1471 0.021700 0 
1472 0.015330 0 
1473 0.017327 0 
1474 0.023431 0 
1475 0.014979 0 
1476 0.014084 0 
1477 0.016680 0 
1478 0.018237 0 
1479 0.026052 0 
1480 0.026867 0 
1481 0.010548 0 
1482 0.022807 0 
1483 0.021683 0 
1484 0.011994 0 
1485 0.011181 0 
1486 0.017259 0 
1487 0.017781 0 
1488 0.048564 0 
1489 0.032371 0 
1490 0.032827 0 
1491 0.026808 0 
1492 0.013540 0 
1493 0.014039 0 
1494 0.008556 0 
1495 0.018349 0 
1496 0.032233 0 
1497 0.023653 0 
1498 0.030605 0 
1499 0.022115 0 
1500 0.028155 0 
1501 0.037986 0 
1502 0.021795 0 
1503 0.015669 0 
1504 0.025537 0 
1505 0.014748 0 
1506 0.012805 0 
1507 0.033769 0 
1508 0.038840 0 
1509 0.022535 0 
1510 0.024107 0 
1511 0.013944 0 
1512 0.016545 0 
1513 0.025177 0 
1514 0.024249 0 
1515 0.020833 0 
1516 0.020493 0 
1517 0.021586 0 
1518 0.042707 0 
1519 0.026128 0 
1520 0.018289 0 
1521 0.027962 0 
1522 0.020374 0 
1523 0.017378 0 
1524 0.012737 0 
1525 0.016055 0 
1526 0.010152 0 
1527 0.015575 0 
1528 0.032670 0 
1529 0.068480 0 
1530 0.052255 0 
1531 0.035887 0 
1532 0.019014 0 
1533 0.021966 0 
1534 0.012063 0 
1535 0.024375 0 
1536 0.012934 0 
1537 0.018672 0 
1538 0.015124 0 
1539 0.014845 0 
1540 0.023605 0 
1541 0.010345 0 
1542 0.009946 0 
1543 0.020945 0 
1544 0.015400 0 
1545 0.019662 0 
1546 0.018579 0 
1547 0.011096 0 
1548 0.018194 0 
1549 0.028624 0 
1550 0.028037 0 
1551 0.011561 0 
1552 0.012276 0 
1553 0.011055 0 
1554 0.023857 0 
1555 0.042476 0 
1556 0.041973 0 
1557 0.025485 0 
1558 0.016842 0 
1559 0.020762 0 
1560 0.013558 0 
1561 0.025690 0 
1562 0.019533 0 
1563 0.018774 0 
1564 0.030838 0 
1565 0.017092 0 
1566 0.027217 0 
1567 0.023003 0 
1568 0.013100 0 
1569 0.017401 0 
1570 0.016970 0 
1571 0.049816 0 
1572 0.033190 0 
1573 0.021983 0 
1574 0.013419 0 
1575 0.008950 0 
1576 0.009388 0 
1577 0.023756 0 
1578 0.007787 0 
1579 0.011804 0 
1580 0.012556 0 
1581 0.012711 0 
1582 0.026595 0 
1583 0.019778 0 
1584 0.012764 0 
1585 0.009484 0 
1586 0.007909 0 
1587 0.011949 0 
1588 0.028408 0 
1589 0.011459 0 
1590 0.011553 0 
1591 0.013901 0 
1592 0.023564 0 
1593 0.012016 0 
1594 0.055101 0 
1595 0.038893 0 
1596 0.022585 0 
1597 0.014992 0 
1598 0.028541 0 
1599 0.011956 0 
1600 0.024628 0 
1601 0.016268 0 
1602 0.023713 0 
1603 0.016987 0 
1604 0.011219 0 
1605 0.013516 0 
1606 0.008443 0 
1607 0.040237 0 
1608 0.031322 0 
1609 0.015301 0 
1610 0.008340 0 
1611 0.017007 0 
1612 0.015237 0 
1613 0.015060 0 
1614 0.011375 0 
1615 0.017250 0 
1616 0.011024 0 
1617 0.022340 0 
1618 0.031117 0 
1619 0.014868 0 
1620 0.011719 0 
1621 0.009676 0 
1622 0.015645 0 
1623 0.010473 0 
1624 0.017962 0 
1625 0.012324 0 
1626 0.021797 0 
1627 0.009786 0 
1628 0.028470 0 
1629 0.012883 0 
1630 0.041420 0 
1631 0.025208 0 
1632 0.010845 0 
1633 0.025493 0 
1634 0.016732 0 
1635 0.032564 0 
1636 0.016398 0 
1637 0.019281 0 
1638 0.018374 0 
1639 0.015105 0 
1640 0.014487 0 
1641 0.018055 0 
1642 0.017399 0 
1643 0.022315 0 
1644 0.012563 0 
1645 0.023798 0 
1646 0.021421 0 
1647 0.013625 0 
1648 0.034803 0 
1649 0.018650 0 
1650 0.034656 0 
1651 0.018302 0 
1652 0.013029 0 
1653 0.012675 0 
1654 0.022432 0 
1655 0.012741 0 
1656 0.013930 0 
1657 0.017039 0 
1658 0.014080 0 
1659 0.013210 0 
1660 0.021604 0 
1661 0.033138 0 
1662 0.022003 0 
1663 0.018533 0 
1664 0.024945 0 
1665 0.015958 0 
1666 0.017575 0 
1667 0.023708 0 
1668 0.019207 0 
1669 0.009908 0 
1670 0.031415 0 
1671 0.018352 0 
1672 0.024922 0 
1673 0.027661 0 
1674 0.019730 0 
1675 0.015806 0 
1676 0.029064 0 
1677 0.038590 0 
1678 0.027910 0 
1679 0.010887 0 
1680 0.024053 0 
1681 0.037147 0 
1682 0.020812 0 
1683 0.018197 0 
1684 0.020862 0 
1685 0.013083 0 
1686 0.033327 0 
1687 0.016789 0 
1688 0.014967 0 
1689 0.017720 0 
1690 0.012399 0 
1691 0.028198 0 
1692 0.011892 0 
1693 0.014400 0 
1694 0.019876 0 
1695 0.024950 0 
1696 0.012014 0 
1697 0.013090 0 
1698 0.022090 0 
1699 0.013567 0 
1700 0.020483 0 
1701 0.017138 0 
1702 0.013572 0 
1703 0.011568 0 
1704 0.015031 0 
1705 0.014934 0 
1706 0.030775 0 
1707 0.019447 0 
1708 0.015058 0 
1709 0.011942 0 
1710 0.019499 0 
1711 0.036890 0 
1712 0.020829 0 
1713 0.022507 0 
1714 0.017061 0 
1715 0.017516 0 
1716 0.018580 0 
1717 0.024295 0 
1718 0.023664 0 
1719 0.024744 0 
1720 0.008347 0 
1721 0.040293 0 
1722 0.023842 0 
1723 0.020144 0 
1724 0.022114 0 
1725 0.010763 0 
1726 0.022648 0 
1727 0.023955 0 
1728 0.035361 0 
1729 0.019205 0 
1730 0.015651 0 
1731 0.027812 0 
1732 0.064438 0 
1733 0.048535 0 
1734 0.034466 0 
1735 0.029666 0 
1736 0.016455 0 
1737 0.022331 0 
1738 0.017713 0 
1739 0.017778 0 
1740 0.011859 0 
1741 0.028011 0 
1742 0.032727 0 
1743 0.020774 0 
1744 0.017460 0 
1745 0.017177 0 
1746 0.019608 0 
1747 0.015619 0 
1748 0.015569 0 
1749 0.030341 0 
1750 0.018031 0 
1751 0.018543 0 
1752 0.027279 0 
1753 0.014699 0 
1754 0.014539 0 
1755 0.013206 0 
1756 0.028923 0 
1757 0.012430 0 
1758 0.011930 0 
1759 0.024337 0 
1760 0.019404 0 
1761 0.016708 0 
1762 0.020818 0 
1763 0.023398 0 
1764 0.020201 0 
1765 0.012922 0 
1766 0.011160 0 
1767 0.015535 0 
1768 0.015961 0 
1769 0.032789 0 
1770 0.028469 0 
1771 0.029719 0 
1772 0.018930 0 
1773 0.028592 0 
1774 0.029875 0 
1775 0.021276 0 
1776 0.014985 0 
1777 0.021780 0 
1778 0.019713 0 
1779 0.042258 0 
1780 0.025978 0 
1781 0.021951 0 
1782 0.013275 0 
1783 0.017116 0 
1784 0.014080 0 
1785 0.020596 0 
1786 0.017466 0 
1787 0.015428 0 
1788 0.023231 0 
1789 0.009946 0 
1790 0.027111 0 
1791 0.024471 0 
1792 0.012704 0 
1793 0.017208 0 
1794 0.017967 0 
1795 0.026021 0 
1796 0.011624 0 
1797 0.013322 0 
1798 0.017605 0 
1799 0.018885 0 
1800 0.019609 0 
1801 0.041941 0 
1802 0.025545 0 
1803 0.019794 0 
1804 0.028287 0 
1805 0.026999 0 
1806 0.021454 0 
1807 0.016461 0 
1808 0.012690 0 
1809 0.017268 0 
1810 0.016187 0 
1811 0.012097 0 
1812 0.012474 0 
1813 0.022108 0 
1814 0.020243 0 
1815 0.034528 0 
1816 0.018411 0 
1817 0.018069 0 
1818 0.013834 0 
1819 0.009691 0 
