../stream-replay/logs/rtt-6205@128.txt
12 0.115831 1 
13 0.099808 1 
14 0.087484 1 
15 0.071461 1 
16 0.055281 1 
17 0.041259 1 
18 0.026374 1 
19 0.011983 1 
20 0.007632 1 
21 0.008084 1 
22 0.007961 1 
23 0.008167 1 
24 0.009369 1 
25 0.012995 1 
26 0.013389 1 
27 0.009362 1 
28 0.012081 1 
29 0.011567 1 
30 0.014618 1 
31 0.014234 1 
32 0.012539 1 
33 0.013108 1 
34 0.013404 1 
35 0.013982 1 
36 0.014080 1 
37 0.012204 1 
38 0.012543 1 
39 0.010486 1 
40 0.010881 1 
41 0.014142 1 
42 0.007950 1 
43 0.012512 1 
44 0.008442 1 
45 0.008711 1 
46 0.008587 1 
47 0.016018 1 
48 0.012159 1 
49 0.010525 1 
50 0.010831 1 
51 0.018319 1 
52 0.017146 1 
53 0.014635 1 
54 0.012367 1 
55 0.017257 1 
56 0.014092 1 
57 0.014848 1 
58 0.013942 1 
59 0.018809 1 
60 0.015338 1 
61 0.016104 1 
62 0.012882 1 
63 0.017631 1 
64 0.013462 1 
65 0.011278 1 
66 0.011205 1 
67 0.019522 1 
68 0.011560 1 
69 0.012738 1 
70 0.011493 1 
71 0.011810 1 
72 0.012762 1 
73 0.011142 1 
74 0.013197 1 
75 0.011599 1 
76 0.012242 1 
77 0.011514 1 
78 0.017025 1 
79 0.009054 1 
80 0.018802 1 
81 0.012319 1 
82 0.009363 1 
83 0.009939 1 
84 0.008334 1 
85 0.014735 1 
86 0.014417 1 
87 0.011405 1 
88 0.017569 1 
89 0.014677 1 
90 0.022305 1 
91 0.015247 1 
92 0.014465 1 
93 0.017816 1 
94 0.014762 1 
95 0.012798 1 
96 0.014613 1 
97 0.013375 1 
98 0.013226 1 
99 0.012984 1 
100 0.011005 1 
101 0.011956 1 
102 0.009737 1 
103 0.013724 1 
104 0.010648 1 
105 0.010333 1 
106 0.011568 1 
107 0.012173 1 
108 0.008823 1 
109 0.017490 1 
110 0.013169 1 
111 0.014338 1 
112 0.013085 1 
113 0.012384 1 
114 0.011208 1 
115 0.013745 1 
116 0.016665 1 
117 0.016780 1 
118 0.015516 1 
119 0.014209 1 
120 0.015990 1 
121 0.018731 1 
122 0.014774 1 
123 0.014790 1 
124 0.014448 1 
125 0.011431 1 
126 0.007254 1 
127 0.010900 1 
128 0.010444 1 
129 0.013448 1 
130 0.011370 1 
131 0.012873 1 
132 0.010417 1 
133 0.012157 1 
134 0.014027 1 
135 0.009157 1 
136 0.010479 1 
137 0.006982 1 
138 0.007621 1 
139 0.007860 1 
140 0.012525 1 
141 0.009059 1 
142 0.011351 1 
143 0.007567 1 
144 0.008173 1 
145 0.007051 1 
146 0.015228 1 
147 0.008738 1 
148 0.010171 1 
149 0.009884 1 
150 0.008755 1 
151 0.012211 1 
152 0.014606 1 
153 0.013308 1 
154 0.024291 1 
155 0.013632 1 
156 0.015404 1 
157 0.013642 1 
158 0.012779 1 
159 0.013407 1 
160 0.010674 1 
161 0.015105 1 
162 0.011027 1 
163 0.011034 1 
164 0.012325 1 
165 0.011834 1 
166 0.012204 1 
167 0.012559 1 
168 0.014842 1 
169 0.009670 1 
170 0.012486 1 
171 0.015046 1 
172 0.014724 1 
173 0.020161 1 
174 0.012311 1 
175 0.016445 1 
176 0.011943 1 
177 0.017986 1 
178 0.015097 1 
179 0.020424 1 
180 0.012994 1 
181 0.013779 1 
182 0.014414 1 
183 0.017065 1 
184 0.013200 1 
185 0.014095 1 
186 0.015310 1 
187 0.011924 1 
188 0.013753 1 
189 0.011133 1 
190 0.011634 1 
191 0.011189 1 
192 0.012106 1 
193 0.011593 1 
194 0.012225 1 
195 0.011661 1 
196 0.018641 1 
197 0.010189 1 
198 0.012847 1 
199 0.011965 1 
200 0.011101 1 
201 0.008220 1 
202 0.012448 1 
203 0.013573 1 
204 0.012199 1 
205 0.016639 1 
206 0.015257 1 
207 0.014880 1 
208 0.013700 1 
209 0.014089 1 
210 0.015022 1 
211 0.017277 1 
212 0.015520 1 
213 0.013565 1 
214 0.018981 1 
215 0.014376 1 
216 0.012982 1 
217 0.019975 1 
218 0.018198 1 
219 0.013061 1 
220 0.011989 1 
221 0.011292 1 
222 0.011528 1 
223 0.011685 1 
224 0.011539 1 
225 0.027863 1 
226 0.016239 1 
227 0.014788 1 
228 0.011182 1 
229 0.012977 1 
230 0.012802 1 
231 0.011920 1 
232 0.012417 1 
233 0.017614 1 
234 0.013827 1 
235 0.016779 1 
236 0.014997 1 
237 0.014484 1 
238 0.014460 1 
239 0.017348 1 
240 0.016220 1 
241 0.017162 1 
242 0.017637 1 
243 0.015817 1 
244 0.014416 1 
245 0.019490 1 
246 0.013574 1 
247 0.013236 1 
248 0.012954 1 
249 0.012209 1 
250 0.012179 1 
251 0.012149 1 
252 0.011835 1 
253 0.013864 1 
254 0.011843 1 
255 0.012646 1 
256 0.010545 1 
257 0.010003 1 
258 0.012791 1 
259 0.012737 1 
260 0.010294 1 
261 0.009741 1 
262 0.007718 1 
263 0.008069 1 
264 0.009731 1 
265 0.008057 1 
266 0.007911 1 
267 0.007436 1 
268 0.009909 1 
269 0.008772 1 
270 0.011491 1 
271 0.008627 1 
272 0.008150 1 
273 0.008212 1 
274 0.008955 1 
275 0.007896 1 
276 0.009397 1 
277 0.008563 1 
278 0.012869 1 
279 0.013482 1 
280 0.012530 1 
281 0.011356 1 
282 0.010914 1 
283 0.010729 1 
284 0.009168 1 
285 0.014331 1 
286 0.008749 1 
287 0.008926 1 
288 0.013284 1 
289 0.009580 1 
290 0.010984 1 
291 0.011588 1 
292 0.011998 1 
293 0.013139 1 
294 0.011869 1 
295 0.014059 1 
296 0.012273 1 
297 0.013038 1 
298 0.012285 1 
299 0.012763 1 
300 0.017345 1 
301 0.015540 1 
302 0.016306 1 
303 0.021917 1 
304 0.009748 1 
305 0.013927 1 
306 0.016443 1 
307 0.015284 1 
308 0.017754 1 
309 0.013409 1 
310 0.015622 1 
311 0.015177 1 
312 0.014119 1 
313 0.017573 1 
314 0.015733 1 
315 0.014544 1 
316 0.013069 1 
317 0.016724 1 
318 0.017434 1 
319 0.014063 1 
320 0.011699 1 
321 0.012744 1 
322 0.013222 1 
323 0.012586 1 
324 0.013446 1 
325 0.012370 1 
326 0.012818 1 
327 0.013875 1 
328 0.011128 1 
329 0.019077 1 
330 0.011941 1 
331 0.013952 1 
332 0.016752 1 
333 0.022290 1 
334 0.018363 1 
335 0.016055 1 
336 0.014994 1 
337 0.014786 1 
338 0.016720 1 
339 0.017821 1 
340 0.015489 1 
341 0.017102 1 
342 0.013316 1 
343 0.015189 1 
344 0.016448 1 
345 0.014485 1 
346 0.015064 1 
347 0.014634 1 
348 0.015951 1 
349 0.011834 1 
350 0.011318 1 
351 0.011953 1 
352 0.012466 1 
353 0.012681 1 
354 0.010628 1 
355 0.013653 1 
356 0.011204 1 
357 0.011629 1 
358 0.013235 1 
359 0.010689 1 
360 0.013819 1 
361 0.021717 1 
362 0.012398 1 
363 0.017511 1 
364 0.016860 1 
365 0.011695 1 
366 0.015524 1 
367 0.011809 1 
368 0.007949 1 
369 0.014006 1 
370 0.009880 1 
371 0.014124 1 
372 0.014133 1 
373 0.007945 1 
374 0.008642 1 
375 0.009741 1 
376 0.013921 1 
377 0.014831 1 
378 0.008360 1 
379 0.014494 1 
380 0.013490 1 
381 0.011705 1 
382 0.013698 1 
383 0.012988 1 
384 0.010826 1 
385 0.010249 1 
386 0.012559 1 
387 0.010613 1 
388 0.017638 1 
389 0.016348 1 
390 0.012964 1 
391 0.011948 1 
392 0.012154 1 
393 0.011368 1 
394 0.015283 1 
395 0.010428 1 
396 0.013910 1 
397 0.012993 1 
398 0.011821 1 
399 0.013042 1 
400 0.018659 1 
401 0.018352 1 
402 0.011271 1 
403 0.016892 1 
404 0.022591 1 
405 0.015664 1 
406 0.012998 1 
407 0.009258 1 
408 0.014494 1 
409 0.019396 1 
410 0.018420 1 
411 0.020223 1 
412 0.015324 1 
413 0.016905 1 
414 0.015684 1 
415 0.019481 1 
416 0.014531 1 
417 0.015628 1 
418 0.013330 1 
419 0.016687 1 
420 0.016591 1 
421 0.013923 1 
422 0.013985 1 
423 0.012364 1 
424 0.013142 1 
425 0.023318 1 
426 0.012988 1 
427 0.014261 1 
428 0.011636 1 
429 0.014292 1 
430 0.012419 1 
431 0.016174 1 
432 0.017588 1 
433 0.011287 1 
434 0.017048 1 
435 0.016445 1 
436 0.009789 1 
437 0.022315 1 
438 0.014672 1 
439 0.017360 1 
440 0.019290 1 
441 0.014054 1 
442 0.012843 1 
443 0.016489 1 
444 0.015816 1 
445 0.016360 1 
446 0.016751 1 
447 0.010844 1 
448 0.012594 1 
449 0.014994 1 
450 0.027561 1 
451 0.017445 1 
452 0.014365 1 
453 0.015512 1 
454 0.014627 1 
455 0.012089 1 
456 0.013726 1 
457 0.012474 1 
458 0.012192 1 
459 0.014022 1 
460 0.014638 1 
461 0.012379 1 
462 0.016680 1 
463 0.013673 1 
464 0.011946 1 
465 0.012892 1 
466 0.017210 1 
467 0.016293 1 
468 0.019099 1 
469 0.016869 1 
470 0.014661 1 
471 0.016747 1 
472 0.018664 1 
473 0.019158 1 
474 0.016704 1 
475 0.019942 1 
476 0.016329 1 
477 0.014558 1 
478 0.015485 1 
479 0.014199 1 
480 0.014068 1 
481 0.015396 1 
482 0.013643 1 
483 0.015509 1 
484 0.013133 1 
485 0.013120 1 
486 0.011320 1 
487 0.015960 1 
488 0.011589 1 
489 0.013621 1 
490 0.010477 1 
491 0.013978 1 
492 0.011829 1 
493 0.020667 1 
494 0.018330 1 
495 0.012273 1 
496 0.012370 1 
497 0.017651 1 
498 0.017499 1 
499 0.024408 1 
500 0.016479 1 
501 0.016925 1 
502 0.019482 1 
503 0.015898 1 
504 0.019436 1 
505 0.017128 1 
506 0.017591 1 
507 0.011650 1 
508 0.018463 1 
509 0.017037 1 
510 0.014148 1 
511 0.009887 1 
512 0.014470 1 
513 0.017143 1 
514 0.014297 1 
515 0.013355 1 
516 0.012239 1 
517 0.012491 1 
518 0.014668 1 
519 0.014566 1 
520 0.012202 1 
521 0.010478 1 
522 0.014301 1 
523 0.013313 1 
524 0.014728 1 
525 0.011565 1 
526 0.014008 1 
527 0.011785 1 
528 0.010718 1 
529 0.011164 1 
530 0.012412 1 
531 0.016388 1 
532 0.016258 1 
533 0.015047 1 
534 0.014989 1 
535 0.012309 1 
536 0.014897 1 
537 0.019284 1 
538 0.016250 1 
539 0.017098 1 
540 0.015803 1 
541 0.016449 1 
542 0.014286 1 
543 0.016137 1 
544 0.014747 1 
545 0.013251 1 
546 0.013673 1 
547 0.012421 1 
548 0.011817 1 
549 0.014955 1 
550 0.014017 1 
551 0.013286 1 
552 0.012416 1 
553 0.014693 1 
554 0.008889 1 
555 0.014370 1 
556 0.012436 1 
557 0.009654 1 
558 0.011098 1 
559 0.012564 1 
560 0.011157 1 
561 0.017171 1 
562 0.015164 1 
563 0.015184 1 
564 0.022072 1 
565 0.013125 1 
566 0.014479 1 
567 0.012602 1 
568 0.012897 1 
569 0.011473 1 
570 0.011708 1 
571 0.010972 1 
572 0.012553 1 
573 0.009390 1 
574 0.011206 1 
575 0.013734 1 
576 0.014908 1 
577 0.012169 1 
578 0.011350 1 
579 0.010827 1 
580 0.013891 1 
581 0.022534 1 
582 0.013924 1 
583 0.010999 1 
584 0.008843 1 
585 0.007836 1 
586 0.007636 1 
587 0.007997 1 
588 0.007226 1 
589 0.008737 1 
590 0.009092 1 
591 0.008236 1 
592 0.009274 1 
593 0.016619 1 
594 0.016328 1 
595 0.015022 1 
596 0.019138 1 
597 0.016511 1 
598 0.019890 1 
599 0.019316 1 
600 0.016719 1 
601 0.017077 1 
602 0.015274 1 
603 0.015218 1 
604 0.014795 1 
605 0.014326 1 
606 0.014472 1 
607 0.013786 1 
608 0.015882 1 
609 0.013577 1 
610 0.012329 1 
611 0.016150 1 
612 0.013716 1 
613 0.012596 1 
614 0.010875 1 
615 0.012222 1 
616 0.011688 1 
617 0.010530 1 
618 0.011936 1 
619 0.010703 1 
620 0.010273 1 
621 0.012985 1 
622 0.009432 1 
623 0.010990 1 
624 0.025346 1 
625 0.010301 1 
626 0.011784 1 
627 0.009961 1 
628 0.012701 1 
629 0.008373 1 
630 0.018337 1 
631 0.007857 1 
632 0.009535 1 
633 0.007813 1 
634 0.008383 1 
635 0.008226 1 
636 0.014146 1 
637 0.007248 1 
638 0.007860 1 
639 0.012188 1 
640 0.017400 1 
641 0.016750 1 
642 0.018490 1 
643 0.015415 1 
644 0.015980 1 
645 0.015019 1 
646 0.014790 1 
647 0.013249 1 
648 0.025238 1 
649 0.015899 1 
650 0.012528 1 
651 0.013653 1 
652 0.013748 1 
653 0.012942 1 
654 0.012162 1 
655 0.012741 1 
656 0.012718 1 
657 0.010624 1 
658 0.012619 1 
659 0.013146 1 
660 0.024135 1 
661 0.019357 1 
662 0.020831 1 
663 0.017609 1 
664 0.015425 1 
665 0.019419 1 
666 0.014935 1 
667 0.015614 1 
668 0.017350 1 
669 0.017768 1 
670 0.019088 1 
671 0.015582 1 
672 0.014698 1 
673 0.017934 1 
674 0.015136 1 
675 0.014522 1 
676 0.013685 1 
677 0.014425 1 
678 0.013239 1 
679 0.016126 1 
680 0.012639 1 
681 0.014871 1 
682 0.011872 1 
683 0.012342 1 
684 0.012672 1 
685 0.011603 1 
686 0.019768 1 
687 0.010863 1 
688 0.018785 1 
689 0.018414 1 
690 0.014603 1 
691 0.013683 1 
692 0.013951 1 
693 0.016243 1 
694 0.015705 1 
695 0.019998 1 
696 0.015937 1 
697 0.015827 1 
698 0.018991 1 
699 0.014376 1 
700 0.015262 1 
701 0.016769 1 
702 0.016024 1 
703 0.014258 1 
704 0.023768 1 
705 0.015423 1 
706 0.015326 1 
707 0.014023 1 
708 0.013887 1 
709 0.014751 1 
710 0.019636 1 
711 0.013315 1 
712 0.012848 1 
713 0.011237 1 
714 0.011548 1 
715 0.012240 1 
716 0.020287 1 
717 0.012184 1 
718 0.010880 1 
719 0.012335 1 
720 0.014719 1 
721 0.011414 1 
722 0.009459 1 
723 0.013685 1 
724 0.018353 1 
725 0.015166 1 
726 0.012984 1 
727 0.013421 1 
728 0.011783 1 
729 0.016600 1 
730 0.015739 1 
731 0.016125 1 
732 0.013844 1 
733 0.014034 1 
734 0.014623 1 
735 0.014499 1 
736 0.014067 1 
737 0.016243 1 
738 0.017295 1 
739 0.014127 1 
740 0.012815 1 
741 0.016556 1 
742 0.014903 1 
743 0.017490 1 
744 0.012572 1 
745 0.012526 1 
746 0.011571 1 
747 0.012533 1 
748 0.012155 1 
749 0.013379 1 
750 0.011484 1 
751 0.012642 1 
752 0.011763 1 
753 0.010476 1 
754 0.015875 1 
755 0.010492 1 
756 0.011019 1 
757 0.015561 1 
758 0.011314 1 
759 0.013995 1 
760 0.013631 1 
761 0.013674 1 
762 0.013491 1 
763 0.018226 1 
764 0.011928 1 
765 0.011572 1 
766 0.017605 1 
767 0.019207 1 
768 0.017803 1 
769 0.016314 1 
770 0.016812 1 
771 0.014217 1 
772 0.018278 1 
773 0.013302 1 
774 0.013889 1 
775 0.015941 1 
776 0.015757 1 
777 0.014113 1 
778 0.018014 1 
779 0.013975 1 
780 0.014138 1 
781 0.012570 1 
782 0.015747 1 
783 0.011929 1 
784 0.012715 1 
785 0.012165 1 
786 0.011423 1 
787 0.017241 1 
788 0.010883 1 
789 0.010794 1 
790 0.010819 1 
791 0.014670 1 
792 0.011178 1 
793 0.009254 1 
794 0.013570 1 
795 0.013409 1 
796 0.019077 1 
797 0.018126 1 
798 0.011612 1 
799 0.017959 1 
800 0.016894 1 
801 0.016236 1 
802 0.015671 1 
803 0.017642 1 
804 0.019525 1 
805 0.014905 1 
806 0.014616 1 
807 0.013961 1 
808 0.015527 1 
809 0.020356 1 
810 0.013301 1 
811 0.016676 1 
812 0.017469 1 
813 0.014009 1 
814 0.011568 1 
815 0.012268 1 
816 0.013879 1 
817 0.011369 1 
818 0.011144 1 
819 0.010478 1 
820 0.015059 1 
821 0.011278 1 
822 0.014496 1 
823 0.010819 1 
824 0.011211 1 
825 0.011682 1 
826 0.009668 1 
827 0.010226 1 
828 0.009931 1 
829 0.011925 1 
830 0.009559 1 
831 0.011524 1 
832 0.011229 1 
833 0.009967 1 
834 0.011611 1 
835 0.016699 1 
836 0.016075 1 
837 0.016325 1 
838 0.009734 1 
839 0.009262 1 
840 0.008953 1 
841 0.013554 1 
842 0.009941 1 
843 0.008008 1 
844 0.017575 1 
845 0.017263 1 
846 0.018190 1 
847 0.019833 1 
848 0.013020 1 
849 0.017056 1 
850 0.015843 1 
851 0.015998 1 
852 0.014495 1 
853 0.016993 1 
854 0.014334 1 
855 0.009455 1 
856 0.013258 1 
857 0.010236 1 
858 0.008779 1 
859 0.013149 1 
860 0.016657 1 
861 0.011814 1 
862 0.011202 1 
863 0.010882 1 
864 0.013624 1 
865 0.010406 1 
866 0.013120 1 
867 0.011536 1 
868 0.009238 1 
869 0.009117 1 
870 0.010454 1 
871 0.008999 1 
872 0.008747 1 
873 0.009021 1 
874 0.009909 1 
875 0.010278 1 
876 0.013060 1 
877 0.009728 1 
878 0.010122 1 
879 0.017410 1 
880 0.009800 1 
881 0.015091 1 
882 0.015895 1 
883 0.009759 1 
884 0.008035 1 
885 0.014776 1 
886 0.010615 1 
887 0.010566 1 
888 0.007569 1 
889 0.012369 1 
890 0.011827 1 
891 0.021963 1 
892 0.018130 1 
893 0.011558 1 
894 0.010635 1 
895 0.012153 1 
896 0.010540 1 
897 0.013448 1 
898 0.009940 1 
899 0.009296 1 
900 0.014076 1 
901 0.014639 1 
902 0.010874 1 
903 0.012455 1 
904 0.013516 1 
905 0.011765 1 
906 0.014935 1 
907 0.011858 1 
908 0.011060 1 
909 0.010632 1 
910 0.015130 1 
911 0.010880 1 
912 0.013613 1 
913 0.015156 1 
914 0.011014 1 
915 0.011364 1 
916 0.014255 1 
917 0.011718 1 
918 0.017607 1 
919 0.018053 1 
920 0.009344 1 
921 0.015476 1 
922 0.018437 1 
923 0.015462 1 
924 0.013948 1 
925 0.014211 1 
926 0.019549 1 
927 0.013453 1 
928 0.020154 1 
929 0.015071 1 
930 0.015657 1 
931 0.017035 1 
932 0.015029 1 
933 0.014935 1 
934 0.014538 1 
935 0.015834 1 
936 0.016528 1 
937 0.013476 1 
938 0.015761 1 
939 0.013210 1 
940 0.018128 1 
941 0.023214 1 
942 0.014719 1 
943 0.014108 1 
944 0.022185 1 
945 0.014349 1 
946 0.012611 1 
947 0.019620 1 
948 0.020579 1 
949 0.013540 1 
950 0.010689 1 
951 0.011091 1 
952 0.018383 1 
953 0.017763 1 
954 0.010769 1 
955 0.010498 1 
956 0.015597 1 
957 0.016365 1 
958 0.014899 1 
959 0.019999 1 
960 0.018662 1 
961 0.019160 1 
962 0.017474 1 
963 0.013213 1 
964 0.013168 1 
965 0.012239 1 
966 0.013206 1 
967 0.011446 1 
968 0.012195 1 
969 0.016377 1 
970 0.019212 1 
971 0.010525 1 
972 0.020061 1 
973 0.014845 1 
974 0.013952 1 
975 0.013871 1 
976 0.015213 1 
977 0.013796 1 
978 0.017913 1 
979 0.014056 1 
980 0.014328 1 
981 0.012156 1 
982 0.014199 1 
983 0.013793 1 
984 0.016082 1 
985 0.013373 1 
986 0.012603 1 
987 0.012157 1 
988 0.011797 1 
989 0.026012 1 
990 0.034639 1 
991 0.062957 1 
992 0.046033 1 
993 0.029364 1 
994 0.018735 1 
995 0.011332 1 
996 0.015929 1 
997 0.013661 1 
998 0.013813 1 
999 0.012456 1 
1000 0.017709 1 
1001 0.020815 1 
1002 0.012946 1 
1003 0.016081 1 
1004 0.017629 1 
1005 0.015780 1 
1006 0.014656 1 
1007 0.016588 1 
1008 0.013314 1 
1009 0.018276 1 
1010 0.017021 1 
1011 0.013560 1 
1012 0.014024 1 
1013 0.013684 1 
1014 0.013988 1 
1015 0.018334 1 
1016 0.015422 1 
1017 0.011324 1 
1018 0.016921 1 
1019 0.015321 1 
1020 0.012933 1 
1021 0.021359 1 
1022 0.014467 1 
1023 0.013280 1 
1024 0.020361 1 
1025 0.011611 1 
1026 0.011440 1 
1027 0.017909 1 
1028 0.013217 1 
1029 0.010879 1 
1030 0.011223 1 
1031 0.016116 1 
1032 0.016460 1 
1033 0.011749 1 
1034 0.012746 1 
1035 0.009770 1 
1036 0.014323 1 
1037 0.015325 1 
1038 0.013918 1 
1039 0.013992 1 
1040 0.017698 1 
1041 0.014196 1 
1042 0.016138 1 
1043 0.013173 1 
1044 0.020225 1 
1045 0.016412 1 
1046 0.014591 1 
1047 0.022780 1 
1048 0.013838 1 
1049 0.014972 1 
1050 0.015231 1 
1051 0.013873 1 
1052 0.018853 1 
1053 0.018201 1 
1054 0.013604 1 
1055 0.013869 1 
1056 0.016550 1 
1057 0.010368 1 
1058 0.012552 1 
1059 0.022059 1 
1060 0.013891 1 
1061 0.012554 1 
1062 0.013136 1 
1063 0.010986 1 
1064 0.010906 1 
1065 0.014898 1 
1066 0.012623 1 
1067 0.010815 1 
1068 0.011473 1 
1069 0.010838 1 
1070 0.011733 1 
1071 0.027122 1 
1072 0.015891 1 
1073 0.015511 1 
1074 0.011033 1 
1075 0.015412 1 
1076 0.014455 1 
1077 0.018363 1 
1078 0.018448 1 
1079 0.017337 1 
1080 0.012466 1 
1081 0.013624 1 
1082 0.013184 1 
1083 0.015481 1 
1084 0.021413 1 
1085 0.015218 1 
1086 0.015223 1 
1087 0.014067 1 
1088 0.015430 1 
1089 0.015256 1 
1090 0.015258 1 
1091 0.015734 1 
1092 0.012731 1 
1093 0.013236 1 
1094 0.014519 1 
1095 0.012680 1 
1096 0.011443 1 
1097 0.010484 1 
1098 0.011059 1 
1099 0.015174 1 
1100 0.012908 1 
1101 0.010096 1 
1102 0.009591 1 
1103 0.015531 1 
1104 0.008800 1 
1105 0.009894 1 
1106 0.011753 1 
1107 0.008346 1 
1108 0.009398 1 
1109 0.011519 1 
1110 0.009276 1 
1111 0.009526 1 
1112 0.008876 1 
1113 0.008617 1 
1114 0.008703 1 
1115 0.009430 1 
1116 0.011665 1 
1117 0.008320 1 
1118 0.008087 1 
1119 0.009719 1 
1120 0.006859 1 
1121 0.007874 1 
1122 0.011952 1 
1123 0.007615 1 
1124 0.010206 1 
1125 0.014224 1 
1126 0.015576 1 
1127 0.015285 1 
1128 0.015032 1 
1129 0.014774 1 
1130 0.015831 1 
1131 0.018476 1 
1132 0.017837 1 
1133 0.016485 1 
1134 0.019773 1 
1135 0.017706 1 
1136 0.019010 1 
1137 0.017651 1 
1138 0.014663 1 
1139 0.014537 1 
1140 0.019178 1 
1141 0.015302 1 
1142 0.013586 1 
1143 0.013693 1 
1144 0.012653 1 
1145 0.012451 1 
1146 0.025659 1 
1147 0.012881 1 
1148 0.011413 1 
1149 0.011390 1 
1150 0.011742 1 
1151 0.011405 1 
1152 0.011010 1 
1153 0.013724 1 
1154 0.011013 1 
1155 0.009517 1 
1156 0.016316 1 
1157 0.010614 1 
1158 0.012097 1 
1159 0.016530 1 
1160 0.010431 1 
1161 0.008817 1 
1162 0.013281 1 
1163 0.013623 1 
1164 0.016652 1 
1165 0.033355 1 
1166 0.019117 1 
1167 0.018000 1 
1168 0.017856 1 
1169 0.019118 1 
1170 0.013953 1 
1171 0.021661 1 
1172 0.014338 1 
1173 0.012599 1 
1174 0.014920 1 
1175 0.014625 1 
1176 0.011021 1 
1177 0.012574 1 
1178 0.011101 1 
1179 0.011358 1 
1180 0.012926 1 
1181 0.010674 1 
1182 0.009337 1 
1183 0.013687 1 
1184 0.013802 1 
1185 0.009441 1 
1186 0.013963 1 
1187 0.008379 1 
1188 0.010704 1 
1189 0.010053 1 
1190 0.015177 1 
1191 0.010462 1 
1192 0.010010 1 
1193 0.011526 1 
1194 0.008833 1 
1195 0.008662 1 
1196 0.008426 1 
1197 0.010195 1 
1198 0.007956 1 
1199 0.008284 1 
1200 0.008863 1 
1201 0.007745 1 
1202 0.007742 1 
1203 0.012131 1 
1204 0.013906 1 
1205 0.011127 1 
1206 0.009040 1 
1207 0.009380 1 
1208 0.013846 1 
1209 0.016692 1 
1210 0.018373 1 
1211 0.011286 1 
1212 0.010875 1 
1213 0.014271 1 
1214 0.013686 1 
1215 0.020888 1 
1216 0.018119 1 
1217 0.018110 1 
1218 0.013309 1 
1219 0.012838 1 
1220 0.015509 1 
1221 0.012723 1 
1222 0.018553 1 
1223 0.012632 1 
1224 0.012260 1 
1225 0.011817 1 
1226 0.011566 1 
1227 0.011430 1 
1228 0.010273 1 
1229 0.008122 1 
1230 0.012600 1 
1231 0.009606 1 
1232 0.011696 1 
1233 0.011097 1 
1234 0.008626 1 
1235 0.010959 1 
1236 0.009428 1 
1237 0.010287 1 
1238 0.008966 1 
1239 0.008377 1 
1240 0.012837 1 
1241 0.009740 1 
1242 0.008480 1 
1243 0.010766 1 
1244 0.007523 1 
1245 0.007751 1 
1246 0.008152 1 
1247 0.009848 1 
1248 0.007003 1 
1249 0.009693 1 
1250 0.011865 1 
1251 0.011309 1 
1252 0.009515 1 
1253 0.011670 1 
1254 0.010158 1 
1255 0.015670 1 
1256 0.016285 1 
1257 0.014941 1 
1258 0.019699 1 
1259 0.015217 1 
1260 0.016001 1 
1261 0.016559 1 
1262 0.017005 1 
1263 0.033736 1 
1264 0.022468 1 
1265 0.025632 1 
1266 0.026922 1 
1267 0.014722 1 
1268 0.015194 1 
1269 0.013130 1 
1270 0.014543 1 
1271 0.015843 1 
1272 0.012855 1 
1273 0.014327 1 
1274 0.012010 1 
1275 0.011385 1 
1276 0.010865 1 
1277 0.010774 1 
1278 0.014147 1 
1279 0.013864 1 
1280 0.011593 1 
1281 0.010035 1 
1282 0.010619 1 
1283 0.010812 1 
1284 0.017671 1 
1285 0.013383 1 
1286 0.013758 1 
1287 0.007947 1 
1288 0.015608 1 
1289 0.015332 1 
1290 0.018664 1 
1291 0.017576 1 
1292 0.016646 1 
1293 0.016676 1 
1294 0.010172 1 
1295 0.015519 1 
1296 0.015414 1 
1297 0.019582 1 
1298 0.015551 1 
1299 0.013983 1 
1300 0.018589 1 
1301 0.014863 1 
1302 0.014613 1 
1303 0.015179 1 
1304 0.015443 1 
1305 0.015630 1 
1306 0.014596 1 
1307 0.015586 1 
1308 0.015948 1 
1309 0.019186 1 
1310 0.014125 1 
1311 0.013721 1 
1312 0.017251 1 
1313 0.011611 1 
1314 0.012335 1 
1315 0.017453 1 
1316 0.011532 1 
1317 0.011852 1 
1318 0.010943 1 
1319 0.009972 1 
1320 0.010384 1 
1321 0.014719 1 
1322 0.013037 1 
1323 0.011282 1 
1324 0.011914 1 
1325 0.012930 1 
1326 0.011369 1 
1327 0.011096 1 
1328 0.013655 1 
1329 0.015728 1 
1330 0.010115 1 
1331 0.010162 1 
1332 0.017830 1 
1333 0.015220 1 
1334 0.015090 1 
1335 0.014022 1 
1336 0.011344 1 
1337 0.017072 1 
1338 0.016345 1 
1339 0.012780 1 
1340 0.015513 1 
1341 0.015071 1 
1342 0.008766 1 
1343 0.010152 1 
1344 0.010898 1 
1345 0.010636 1 
1346 0.010587 1 
1347 0.013653 1 
1348 0.009778 1 
1349 0.008931 1 
1350 0.013147 1 
1351 0.011404 1 
1352 0.011349 1 
1353 0.017375 1 
1354 0.012326 1 
1355 0.012252 1 
1356 0.012335 1 
1357 0.010968 1 
1358 0.010539 1 
1359 0.018267 1 
1360 0.009595 1 
1361 0.012232 1 
1362 0.010632 1 
1363 0.008607 1 
1364 0.008661 1 
1365 0.017182 1 
1366 0.010191 1 
1367 0.010861 1 
1368 0.011415 1 
1369 0.010628 1 
1370 0.012683 1 
1371 0.020811 1 
1372 0.012053 1 
1373 0.012177 1 
1374 0.011740 1 
1375 0.014493 1 
1376 0.011300 1 
1377 0.011425 1 
1378 0.017127 1 
1379 0.021600 1 
1380 0.017866 1 
1381 0.021957 1 
1382 0.026079 1 
1383 0.022378 1 
1384 0.014788 1 
1385 0.016472 1 
1386 0.017152 1 
1387 0.015238 1 
1388 0.014591 1 
1389 0.014578 1 
1390 0.018476 1 
1391 0.015732 1 
1392 0.016023 1 
1393 0.015448 1 
1394 0.014193 1 
1395 0.014088 1 
1396 0.018424 1 
1397 0.013772 1 
1398 0.017063 1 
1399 0.013018 1 
1400 0.012326 1 
1401 0.012128 1 
1402 0.010990 1 
1403 0.014146 1 
1404 0.010383 1 
1405 0.012092 1 
1406 0.011951 1 
1407 0.012925 1 
1408 0.013453 1 
1409 0.020543 1 
1410 0.011957 1 
1411 0.010373 1 
1412 0.013181 1 
1413 0.010749 1 
1414 0.012596 1 
1415 0.018475 1 
1416 0.015107 1 
1417 0.010967 1 
1418 0.010456 1 
1419 0.013596 1 
1420 0.012733 1 
1421 0.023283 1 
1422 0.014680 1 
1423 0.017789 1 
1424 0.015744 1 
1425 0.013099 1 
1426 0.010475 1 
1427 0.016396 1 
1428 0.013934 1 
1429 0.013331 1 
1430 0.017933 1 
1431 0.013590 1 
1432 0.014604 1 
1433 0.012619 1 
1434 0.015064 1 
1435 0.011163 1 
1436 0.015584 1 
1437 0.018284 1 
1438 0.014136 1 
1439 0.015465 1 
1440 0.024740 1 
1441 0.016932 1 
1442 0.013310 1 
1443 0.015191 1 
1444 0.012987 1 
1445 0.012406 1 
1446 0.017400 1 
1447 0.014042 1 
1448 0.013268 1 
1449 0.012499 1 
1450 0.012713 1 
1451 0.011764 1 
1452 0.017803 1 
1453 0.011276 1 
1454 0.011001 1 
1455 0.023454 1 
1456 0.011677 1 
1457 0.016109 1 
1458 0.017710 1 
1459 0.019691 1 
1460 0.011880 1 
1461 0.016954 1 
1462 0.009887 1 
1463 0.008260 1 
1464 0.008526 1 
1465 0.018203 1 
1466 0.008350 1 
1467 0.009079 1 
1468 0.009055 1 
1469 0.009576 1 
1470 0.011404 1 
1471 0.015021 1 
1472 0.008776 1 
1473 0.011188 1 
1474 0.011230 1 
1475 0.011224 1 
1476 0.011664 1 
1477 0.010562 1 
1478 0.012992 1 
1479 0.008980 1 
1480 0.012424 1 
1481 0.012509 1 
1482 0.011421 1 
1483 0.011018 1 
1484 0.013421 1 
1485 0.012056 1 
1486 0.012998 1 
1487 0.014140 1 
1488 0.012744 1 
1489 0.013582 1 
1490 0.013947 1 
1491 0.012180 1 
1492 0.012220 1 
1493 0.012115 1 
1494 0.011790 1 
1495 0.010649 1 
1496 0.013660 1 
1497 0.010022 1 
1498 0.011757 1 
1499 0.011884 1 
1500 0.010076 1 
1501 0.010569 1 
1502 0.010768 1 
1503 0.015632 1 
1504 0.022009 1 
1505 0.017052 1 
1506 0.013835 1 
1507 0.014017 1 
1508 0.013450 1 
1509 0.013904 1 
1510 0.013989 1 
1511 0.020498 1 
1512 0.013952 1 
1513 0.016104 1 
1514 0.015674 1 
1515 0.014968 1 
1516 0.015460 1 
1517 0.014507 1 
1518 0.019301 1 
1519 0.014473 1 
1520 0.014800 1 
1521 0.022534 1 
1522 0.014367 1 
1523 0.018543 1 
1524 0.017557 1 
1525 0.017348 1 
1526 0.016816 1 
1527 0.017237 1 
1528 0.015290 1 
1529 0.014324 1 
1530 0.014497 1 
1531 0.014146 1 
1532 0.013737 1 
1533 0.014328 1 
1534 0.014673 1 
1535 0.013047 1 
1536 0.011593 1 
1537 0.012387 1 
1538 0.012724 1 
1539 0.011955 1 
1540 0.016040 1 
1541 0.010486 1 
1542 0.014225 1 
1543 0.012133 1 
1544 0.011967 1 
1545 0.011199 1 
1546 0.022355 1 
1547 0.011818 1 
1548 0.012134 1 
1549 0.012664 1 
1550 0.015669 1 
1551 0.015543 1 
1552 0.019265 1 
1553 0.016400 1 
1554 0.013615 1 
1555 0.015659 1 
1556 0.015568 1 
1557 0.015294 1 
1558 0.018902 1 
1559 0.017948 1 
1560 0.017790 1 
1561 0.016996 1 
1562 0.015518 1 
1563 0.016189 1 
1564 0.014465 1 
1565 0.019868 1 
1566 0.016513 1 
1567 0.015852 1 
1568 0.014858 1 
1569 0.017648 1 
1570 0.015300 1 
1571 0.018497 1 
1572 0.011689 1 
1573 0.018599 1 
1574 0.015496 1 
1575 0.012776 1 
1576 0.010967 1 
1577 0.017028 1 
1578 0.012048 1 
1579 0.012091 1 
1580 0.013492 1 
1581 0.011247 1 
1582 0.010463 1 
1583 0.010846 1 
1584 0.012282 1 
1585 0.010785 1 
1586 0.019877 1 
1587 0.016942 1 
1588 0.008591 1 
1589 0.010014 1 
1590 0.014771 1 
1591 0.007314 1 
1592 0.006953 1 
1593 0.007371 1 
1594 0.008569 1 
1595 0.006472 1 
1596 0.011900 1 
1597 0.008296 1 
1598 0.008918 1 
1599 0.016536 1 
1600 0.010806 1 
1601 0.007882 1 
1602 0.008585 1 
1603 0.017172 1 
1604 0.007705 1 
1605 0.010940 1 
1606 0.010077 1 
1607 0.010357 1 
1608 0.014184 1 
1609 0.010505 1 
1610 0.012304 1 
1611 0.016178 1 
1612 0.013092 1 
1613 0.010506 1 
1614 0.009488 1 
1615 0.011397 1 
1616 0.013479 1 
1617 0.015912 1 
1618 0.013027 1 
1619 0.011737 1 
1620 0.011369 1 
1621 0.016144 1 
1622 0.012440 1 
1623 0.011814 1 
1624 0.014058 1 
1625 0.013855 1 
1626 0.011954 1 
1627 0.011296 1 
1628 0.012447 1 
1629 0.016227 1 
1630 0.012451 1 
1631 0.010864 1 
1632 0.011381 1 
1633 0.010753 1 
1634 0.022198 1 
1635 0.019535 1 
1636 0.016255 1 
1637 0.014622 1 
1638 0.011991 1 
1639 0.013520 1 
1640 0.014581 1 
1641 0.013458 1 
1642 0.012911 1 
1643 0.014022 1 
1644 0.017814 1 
1645 0.013001 1 
1646 0.017987 1 
1647 0.016671 1 
1648 0.015473 1 
1649 0.017166 1 
1650 0.014165 1 
1651 0.016797 1 
1652 0.021888 1 
1653 0.014301 1 
1654 0.016511 1 
1655 0.013390 1 
1656 0.014894 1 
1657 0.014255 1 
1658 0.013707 1 
1659 0.015062 1 
1660 0.013195 1 
1661 0.014718 1 
1662 0.012945 1 
1663 0.012382 1 
1664 0.012438 1 
1665 0.015094 1 
1666 0.012962 1 
1667 0.011981 1 
1668 0.012338 1 
1669 0.010990 1 
1670 0.011109 1 
1671 0.023065 1 
1672 0.011664 1 
1673 0.013028 1 
1674 0.021989 1 
1675 0.022227 1 
1676 0.011870 1 
1677 0.016737 1 
1678 0.012929 1 
1679 0.010732 1 
1680 0.012286 1 
1681 0.014624 1 
1682 0.010890 1 
1683 0.011853 1 
1684 0.013598 1 
1685 0.010122 1 
1686 0.014478 1 
1687 0.012867 1 
1688 0.019644 1 
1689 0.016167 1 
1690 0.019390 1 
1691 0.015330 1 
1692 0.014978 1 
1693 0.015077 1 
1694 0.013710 1 
1695 0.017610 1 
1696 0.018034 1 
1697 0.016182 1 
1698 0.015124 1 
1699 0.014333 1 
1700 0.013611 1 
1701 0.014424 1 
1702 0.015564 1 
1703 0.016262 1 
1704 0.012408 1 
1705 0.012469 1 
1706 0.011979 1 
1707 0.011956 1 
1708 0.011624 1 
1709 0.013472 1 
1710 0.011849 1 
1711 0.012499 1 
1712 0.010772 1 
1713 0.013063 1 
1714 0.009816 1 
1715 0.012431 1 
1716 0.008714 1 
1717 0.017166 1 
1718 0.011877 1 
1719 0.011227 1 
1720 0.016096 1 
1721 0.014887 1 
1722 0.014853 1 
1723 0.014242 1 
1724 0.012666 1 
1725 0.014485 1 
1726 0.008133 1 
1727 0.015185 1 
1728 0.016743 1 
1729 0.016768 1 
1730 0.017417 1 
1731 0.010305 1 
1732 0.015413 1 
1733 0.017310 1 
1734 0.017929 1 
1735 0.014407 1 
1736 0.014604 1 
1737 0.014839 1 
1738 0.015204 1 
1739 0.014346 1 
1740 0.016164 1 
1741 0.011215 1 
1742 0.013205 1 
1743 0.013613 1 
1744 0.012437 1 
1745 0.013486 1 
1746 0.014356 1 
1747 0.011742 1 
1748 0.009734 1 
1749 0.011343 1 
1750 0.011058 1 
1751 0.010815 1 
1752 0.017836 1 
1753 0.011226 1 
1754 0.011153 1 
1755 0.016468 1 
1756 0.010468 1 
1757 0.010884 1 
1758 0.019684 1 
1759 0.013895 1 
1760 0.017874 1 
1761 0.017657 1 
1762 0.017599 1 
1763 0.012875 1 
1764 0.012660 1 
1765 0.013617 1 
1766 0.014374 1 
1767 0.016426 1 
1768 0.015146 1 
1769 0.015581 1 
1770 0.014381 1 
1771 0.017094 1 
1772 0.015236 1 
1773 0.013920 1 
1774 0.014293 1 
1775 0.014240 1 
1776 0.017200 1 
1777 0.022323 1 
1778 0.010643 1 
1779 0.013764 1 
1780 0.012976 1 
1781 0.013493 1 
1782 0.013163 1 
1783 0.025268 1 
1784 0.013218 1 
1785 0.014670 1 
1786 0.011791 1 
1787 0.010052 1 
1788 0.008994 1 
1789 0.009453 1 
1790 0.011904 1 
1791 0.008334 1 
1792 0.008960 1 
1793 0.008731 1 
1794 0.008927 1 
1795 0.007097 1 
1796 0.012226 1 
1797 0.009000 1 
1798 0.007480 1 
1799 0.008784 1 
1800 0.008386 1 
1801 0.035589 1 
1802 0.019546 1 
1803 0.007198 1 
1804 0.008077 1 
1805 0.007979 1 
1806 0.018204 1 
1807 0.010895 1 
1808 0.007000 1 
1809 0.011752 1 
1810 0.014219 1 
1811 0.015373 1 
1812 0.009877 1 
1813 0.009716 1 
1814 0.009830 1 
1815 0.017015 1 
1816 0.012912 1 
1817 0.012378 1 
1818 0.011938 1 
1819 0.011888 1 
1820 0.014453 1 
1821 0.017968 1 
1822 0.007746 1 
1823 0.007004 1 
1824 0.007879 1 
